1.000000000000000000e+00
9.948297023775195536e-01
9.896778257523695110e-01
9.845451324288291284e-01
9.794322200223439800e-01
9.743396731441088532e-01
9.692680529110024867e-01
9.642178965309390337e-01
9.591897181159118047e-01
9.541840090158180132e-01
9.492012381330635629e-01
9.442418523822529997e-01
9.393062770911227988e-01
9.343949163547591308e-01
9.295081534812829060e-01
9.246463514353465696e-01
9.198098532504955793e-01
9.149989824280011508e-01
9.102140434004147851e-01
9.054553219771698247e-01
9.007230857800266888e-01
8.960175846706431857e-01
8.913390511863471533e-01
8.866877009993450187e-01
8.820637333576560879e-01
8.774673315234053916e-01
8.728986632098557630e-01
8.683578810140820670e-01
8.638451228471717425e-01
8.593605123715002403e-01
8.549041594278375955e-01
8.504761604572590450e-01
8.460765989187636338e-01
8.417055457022110110e-01
8.373630595361963858e-01
8.330491873905320199e-01
8.287639648730156239e-01
8.245074166202137622e-01
8.202795566819960360e-01
8.160803888995671329e-01
8.119099072768649616e-01
8.077680963452218421e-01
8.036549315208428856e-01
7.995703794551523025e-01
7.955143983779289218e-01
7.914869384331389979e-01
7.874879420073974678e-01
7.835173440509946019e-01
7.795750723914598446e-01
7.756610480395631502e-01
7.717751854877114015e-01
7.679173930009930427e-01
7.640875729007169381e-01
7.602856218405048550e-01
7.565114310749776472e-01
7.527648867210978700e-01
7.490458700122193392e-01
7.453542575449185748e-01
7.416899215186733008e-01
7.380527299684741527e-01
7.344425469904470871e-01
7.308592329605815285e-01
7.273026447461530264e-01
7.237726359081818606e-01
7.202690569016483302e-01
7.167917552688899407e-01
7.133405758255383367e-01
7.099153608401885807e-01
7.065159502079185749e-01
7.031421816176898210e-01
6.997938907106734385e-01
6.964709112348175246e-01
6.931730751996821871e-01
6.899002130216701500e-01
6.866521536634192513e-01
6.834287247677284238e-01
6.802297527825527101e-01
6.770550630845914020e-01
6.739044801041274013e-01
6.707778274397742102e-01
6.676749279679836668e-01
6.645956039454280484e-01
6.615396771085283456e-01
6.585069687763847046e-01
6.554972999437292946e-01
6.525104913685976227e-01
6.495463636543694630e-01
6.466047373341043958e-01
6.436854329506380701e-01
6.407882711292325340e-01
6.379130726471022861e-01
6.350596585035855890e-01
6.322278499853716260e-01
6.294174687254747713e-01
6.266283367624309042e-01
6.238602766007279588e-01
6.211131112598671233e-01
6.183866643210327307e-01
6.156807599816067622e-01
6.129952231032522736e-01
6.103298792451310462e-01
6.076845547038215445e-01
6.050590765681543859e-01
6.024532727436736623e-01
5.998669719770967079e-01
5.973000039058322663e-01
5.947521990910855649e-01
5.922233890236970888e-01
5.897134061616231548e-01
5.872220839770444512e-01
5.847492569468503154e-01
5.822947605766182200e-01
5.798584314584022126e-01
5.774401072513252187e-01
5.750396266932020772e-01
5.726568296655175638e-01
5.702915571654136873e-01
5.679436513090373451e-01
5.656129554025213224e-01
5.632993139007385075e-01
5.610025724114442447e-01
5.587225777690938422e-01
5.564591779738868871e-01
5.542122222119879593e-01
5.519815609194851369e-01
5.497670457021147650e-01
5.475685293895820038e-01
5.453858660632744382e-01
5.432189109742702193e-01
5.410675206396170500e-01
5.389315528018693291e-01
5.368108663877019238e-01
5.347053216165862377e-01
5.326147798876352812e-01
5.305391038323915565e-01
5.284781573484086392e-01
5.264318054887661136e-01
5.243999145947393359e-01
5.223823521934582992e-01
5.203789870110958615e-01
5.183896890454824380e-01
5.164143294221450464e-01
5.144527805432470569e-01
5.125049159714923919e-01
5.105706104532471423e-01
5.086497399790843588e-01
5.067421816366621812e-01
5.048478137832257406e-01
5.029665158742901987e-01
5.010981685636290983e-01
4.992426536747647248e-01
4.973998541255568728e-01
4.955696540670307959e-01
4.937519386825806045e-01
4.919465943841199174e-01
4.901535086288033027e-01
4.883725700281906779e-01
4.866036682997166296e-01
4.848466942179435191e-01
4.831015397232522046e-01
4.813680977350450751e-01
4.796462623629171307e-01
4.779359286633847459e-01
4.762369928560926113e-01
4.745493521219056876e-01
4.728729047405484942e-01
4.712075499921676291e-01
4.695531881777313399e-01
4.679097206416957255e-01
4.662770496745679560e-01
4.646550786440846181e-01
4.630437118024676169e-01
4.614428544967295598e-01
4.598524129143498063e-01
4.582722943370076685e-01
4.567024068604517706e-01
4.551426596578251882e-01
4.535929627036024425e-01
4.520532270223484028e-01
4.505233644345802979e-01
4.490032877792998756e-01
4.474929106881139207e-01
4.459921477795479317e-01
4.445009144600259865e-01
4.430191270940584958e-01
4.415467028259641435e-01
4.400835597336208993e-01
4.386296166621231341e-01
4.371847933707269651e-01
4.357490103683049343e-01
4.343221890639325511e-01
4.329042515936351032e-01
4.314951209849972047e-01
4.300947209652041803e-01
4.287029761490565583e-01
4.273198118198781037e-01
4.259451541480550607e-01
4.245789299394809868e-01
4.232210668876273951e-01
4.218714932895307745e-01
4.205301383275989457e-01
4.191969317616784374e-01
4.178718042264383259e-01
4.165546869199767688e-01
4.152455118900666986e-01
4.139442117510883090e-01
4.126507199240116441e-01
4.113649704185121658e-01
4.100868979897246969e-01
4.088164380209016735e-01
4.075535265650958583e-01
4.062981003545205194e-01
4.050500967091353322e-01
4.038094536798768064e-01
4.025761098308505148e-01
4.013500044925775168e-01
4.001310774623328403e-01
3.989192693004686152e-01
3.977145210360649163e-01
3.965167744058161747e-01
3.953259716664350165e-01
3.941420556867223368e-01
3.929649699354511028e-01
3.917946583847632946e-01
3.906310656826327832e-01
3.894741368971261775e-01
3.883238178010011699e-01
3.871800545728746878e-01
3.860427940434048577e-01
3.849119835133079093e-01
3.837875708207632575e-01
3.826695043763683191e-01
3.815577330064424677e-01
3.804522061856087656e-01
3.793528737468119250e-01
3.782596861534851529e-01
3.771725942757278571e-01
3.760915494996558972e-01
3.750165037328803130e-01
3.739474092631634439e-01
3.728842189872244584e-01
3.718268861262960523e-01
3.707753644796787373e-01
3.697296082424921249e-01
3.686895720515347419e-01
3.676552110679023877e-01
3.666264807672896531e-01
3.656033372046841312e-01
3.645857367514524494e-01
3.635736362612723149e-01
3.625669930290824627e-01
3.615657646769173117e-01
3.605699093731244420e-01
3.595793855622146373e-01
3.585941521807891608e-01
3.576141685481922239e-01
3.566393943145687584e-01
3.556697896408634318e-01
3.547053149411555917e-01
3.537459311089040104e-01
3.527915993884894741e-01
3.518422813396974713e-01
3.508979390088720618e-01
3.499585346782650430e-01
3.490240310804826884e-01
3.480943912915175908e-01
3.471695786685681240e-01
3.462495570421326163e-01
3.453342904681555026e-01
3.444237434065873793e-01
3.435178806755384007e-01
3.426166673287803777e-01
3.417200688793015084e-01
3.408280510721231615e-01
3.399405799885734103e-01
3.390576220990426659e-01
3.381791440710005814e-01
3.373051129923559377e-01
3.364354962207909416e-01
3.355702613655039968e-01
3.347093764526387627e-01
3.338528096975069692e-01
3.330005296557297378e-01
3.321525052175285930e-01
3.313087054547367849e-01
3.304690998363370991e-01
3.296336580678045358e-01
3.288023500852044756e-01
3.279751462126306860e-01
3.271520169464396943e-01
3.263329330829815023e-01
3.255178657440266354e-01
3.247067862079303646e-01
3.238996661050948522e-01
3.230964773140156399e-01
3.222971918906077926e-01
3.215017822590045538e-01
3.207102210263356179e-01
3.199224810209090886e-01
3.191385354150917952e-01
3.183583575271485833e-01
3.175819209423459966e-01
3.168091995433103825e-01
3.160401673458760885e-01
3.152747986680478620e-01
3.145130680731761941e-01
3.137549502618186548e-01
3.130004202560681126e-01
3.122494532762856712e-01
3.115020246943872029e-01
3.107581102066588330e-01
3.100176856706309270e-01
3.092807271147604009e-01
3.085472108807424396e-01
3.078171134461110126e-01
3.070904114782013195e-01
3.063670819388228383e-01
3.056471019093920383e-01
3.049304486763019795e-01
3.042170997996069270e-01
3.035070329487230545e-01
3.028002260084331487e-01
3.020966571176190163e-01
3.013963045178825184e-01
3.006991466717054973e-01
3.000051622791213846e-01
2.993143301381648302e-01
2.986266292687660973e-01
2.979420389156668958e-01
2.972605384177447463e-01
2.965821073327748469e-01
2.959067254346353093e-01
2.952343725877807357e-01
2.945650288689253826e-01
2.938986745661236188e-01
2.932352900546363883e-01
2.925748559119000780e-01
2.919173529255832955e-01
2.912627619676246282e-01
2.906110640986621640e-01
2.899622405916130186e-01
2.893162728016939189e-01
2.886731422560148697e-01
2.880328306983440112e-01
2.873953199544978521e-01
2.867605920023725830e-01
2.861286290418666445e-01
2.854994133573128257e-01
2.848729273632111814e-01
2.842491537001681223e-01
2.836280750992791200e-01
2.830096743996813879e-01
2.823939346660760408e-01
2.817808390645636929e-01
2.811703708498911047e-01
2.805625134927128284e-01
2.799572505824609037e-01
2.793545657823766626e-01
2.787544429509897781e-01
2.781568660888263378e-01
2.775618192613046875e-01
2.769692866986844804e-01
2.763792527988394032e-01
2.757917020229598282e-01
2.752066189606646729e-01
2.746239883909230572e-01
2.740437951630944613e-01
2.734660242198366231e-01
2.728906607012532848e-01
2.723176898352641095e-01
2.717470969184114238e-01
2.711788674284559830e-01
2.706129869613422279e-01
2.700494411691039542e-01
2.694882158481083367e-01
2.689292969483412787e-01
2.683726704758844783e-01
2.678183225366737585e-01
2.672662394148184739e-01
2.667164074641520943e-01
2.661688131045145678e-01
2.656234429269201947e-01
2.650802836236925697e-01
2.645393219376443450e-01
2.640005447430506247e-01
2.634639390570088224e-01
2.629294919478891712e-01
2.623971905668416871e-01
2.618670222322765362e-01
2.613389743323536463e-01
2.608130343081160318e-01
2.602891897468754268e-01
2.597674283470197687e-01
2.592477378515430364e-01
2.587301060986198498e-01
2.582145210775638744e-01
2.577009708330516569e-01
2.571894434642995608e-01
2.566799272175402380e-01
2.561724104312510519e-01
2.556668814852641747e-01
2.551633288563138202e-01
2.546617411597604241e-01
2.541621070600585952e-01
2.536644152736945990e-01
2.531686546572657348e-01
2.526748141528498137e-01
2.521828827410224627e-01
2.516928494904271396e-01
2.512047036032333813e-01
2.507184343291424256e-01
2.502340309632534732e-01
2.497514829280599868e-01
2.492707797351856325e-01
2.487919109323878386e-01
2.483148661380218392e-01
2.478396351033292644e-01
2.473662076307939495e-01
2.468945735605354852e-01
2.464247228386854949e-01
2.459566455132376206e-01
2.454903316680782099e-01
2.450257714369686590e-01
2.445629550800089147e-01
2.441018729219064098e-01
2.436425153197688820e-01
2.431848727052431658e-01
2.427289356274036913e-01
2.422746946767801446e-01
2.418221404787768425e-01
2.413712637592492494e-01
2.409220553344995353e-01
2.404745060528705458e-01
2.400286068061991962e-01
2.395843486013981283e-01
2.391417225077813735e-01
2.387007196238250251e-01
2.382613311068486894e-01
2.378235482269361045e-01
2.373873622970856523e-01
2.369527646593552195e-01
2.365197467325242109e-01
2.360883000332213155e-01
2.356584161108016273e-01
2.352300865456612156e-01
2.348033030094115736e-01
2.343780572528522121e-01
2.339543410546761626e-01
2.335321462287182348e-01
2.331114646885141528e-01
2.326922884095849187e-01
2.322746093931715161e-01
2.318584196813336662e-01
2.314437114180867006e-01
2.310304767960262295e-01
2.306187080323755523e-01
2.302083973915247384e-01
2.297995372370979505e-01
2.293921199721349058e-01
2.289861380235669319e-01
2.285815838712060011e-01
2.281784500887879541e-01
2.277767292836072877e-01
2.273764140862582217e-01
2.269774971842831168e-01
2.265799713534308313e-01
2.261838293992669557e-01
2.257890641501092421e-01
2.253956684932996724e-01
2.250036353994539495e-01
2.246129578666172799e-01
2.242236289149753536e-01
2.238356416238161950e-01
2.234489891521034000e-01
2.230636646847540816e-01
2.226796614280926734e-01
2.222969726457411366e-01
2.219155916788813909e-01
2.215355118938750756e-01
2.211567266776482132e-01
2.207792294708700587e-01
2.204030137910220066e-01
2.200280731806541490e-01
2.196544012020084924e-01
2.192819914659215330e-01
2.189108376602979522e-01
2.185409334987871155e-01
2.181722727139292772e-01
2.178048490803927151e-01
2.174386564504903752e-01
2.170736887040421725e-01
2.167099397390896132e-01
2.163474034885890518e-01
2.159860739628817194e-01
2.156259452031851209e-01
2.152670112683458536e-01
2.149092662452108671e-01
2.145527042951617114e-01
2.141973196161738036e-01
2.138431064232969303e-01
2.134900589539097393e-01
2.131381715131641374e-01
2.127874384510470285e-01
2.124378541343521498e-01
2.120894129482545909e-01
2.117421093348816896e-01
2.113959377909593873e-01
2.110508928307062160e-01
2.107069689845731120e-01
2.103641608262284135e-01
2.100224629928394149e-01
2.096818701418637076e-01
2.093423769461580375e-01
2.090039781080471615e-01
2.086666683971706571e-01
2.083304426101693918e-01
2.079952955585898933e-01
2.076612220738803805e-01
2.073282170484222198e-01
2.069962754138736372e-01
2.066653921165577945e-01
2.063355621180471833e-01
2.060067804256742185e-01
2.056790421002828162e-01
2.053523422191795289e-01
2.050266758735879991e-01
2.047020381830068902e-01
2.043784243285687863e-01
2.040558295148877099e-01
2.037342489600491857e-01
2.034136778992399475e-01
2.030941116218291931e-01
2.027755454557879089e-01
2.024579747425182263e-01
2.021413948366312663e-01
2.018258011280099629e-01
2.015111890607858003e-01
2.011975540962361586e-01
2.008848917082214358e-01
2.005731973893204179e-01
2.002624666871131165e-01
1.999526951793543228e-01
1.996438784560471691e-01
1.993360121197866319e-01
1.990290918099077433e-01
1.987231132145160228e-01
1.984180720365361084e-01
1.981139639906498717e-01
1.978107848095108368e-01
1.975085302780779928e-01
1.972071962090309327e-01
1.969067784264805776e-01
1.966072727661661024e-01
1.963086750966539784e-01
1.960109813339440121e-01
1.957141874085582267e-01
1.954182892620094092e-01
1.951232828506809791e-01
1.948291641780748040e-01
1.945359292780056426e-01
1.942435741951276940e-01
1.939520949847231279e-01
1.936614877265943613e-01
1.933717485489820365e-01
1.930828735968543042e-01
1.927948590254559835e-01
1.925077010014248080e-01
1.922213957286597608e-01
1.919359394484839443e-01
1.916513284133938011e-01
1.913675588858066157e-01
1.910846271432747601e-01
1.908025295085548634e-01
1.905212623286973161e-01
1.902408219604129480e-01
1.899612047700098005e-01
1.896824071461860051e-01
1.894044255221351003e-01
1.891272563462982614e-01
1.888508960763997935e-01
1.885753411799580004e-01
1.883005881553227456e-01
1.880266335382600462e-01
1.877534738754521870e-01
1.874811057225450328e-01
1.872095256462537882e-01
1.869387302505260973e-01
1.866687161681707396e-01
1.863994800411125641e-01
1.861310185199333556e-01
1.858633282686081578e-01
1.855964059915011788e-01
1.853302484144518925e-01
1.850648522717314726e-01
1.848002143059726265e-01
1.845363312761780783e-01
1.842731999818366939e-01
1.840108172386608065e-01
1.837491798704691259e-01
1.834882847091761637e-01
1.832281286060636893e-01
