1.000000000000000000e+00
9.948830239953544430e-01
9.897834896541253258e-01
9.847021618923544883e-01
9.796396410692106427e-01
9.745965152387463526e-01
9.695733495990035422e-01
9.645706860499521085e-01
9.595890439775467406e-01
9.546289205601586891e-01
9.496907910569835076e-01
9.447751092388119165e-01
9.398823077621720756e-01
9.350127984981857487e-01
9.301669729512171969e-01
9.253452026763042682e-01
9.205478396666850749e-01
9.157752167284519684e-01
9.110276479192421784e-01
9.063054289701959476e-01
9.016088376984918717e-01
8.969381344128147804e-01
8.922935623272582051e-01
8.876753479991642548e-01
8.830837017496417918e-01
8.785188180820878712e-01
8.739808761001115478e-01
8.694700399218370235e-01
8.649864590922649032e-01
8.605302690033703739e-01
8.561015913048306558e-01
8.517005343102069803e-01
8.473271933995066840e-01
8.429816514177232989e-01
8.386639790689772722e-01
8.343742353059059313e-01
8.301124677139902763e-01
8.258787128905155095e-01
8.216729968179096177e-01
8.174953352311870036e-01
8.133457339793341845e-01
8.092241893805506292e-01
8.051306885708706673e-01
8.010652098461986670e-01
7.970277229976618916e-01
7.930181896401797825e-01
7.890365635341596295e-01
7.850827909002408012e-01
7.811568107270431272e-01
7.772585550717967529e-01
7.733879493538082794e-01
7.695449126409926732e-01
7.657293579292956398e-01
7.619411924150502058e-01
7.581803177603003707e-01
7.544466303511334626e-01
7.507400215490527273e-01
7.470603779354562102e-01
7.434075815492708905e-01
7.397815101178086827e-01
7.361820372809154689e-01
7.326090328084883252e-01
7.290623628108831022e-01
7.255418899405291500e-01
7.220474735917605802e-01
7.185789700938994828e-01
7.151362328971010429e-01
7.117191127521168559e-01
7.083274578840911273e-01
7.049611141603897568e-01
7.016199252492149041e-01
6.983037327749116452e-01
6.950123764738597165e-01
6.917456943407039871e-01
6.885035227688645065e-01
6.852856966856780696e-01
6.820920496782140185e-01
6.789224141182208516e-01
6.757766212888645097e-01
6.726545015010715334e-01
6.695558842047032444e-01
6.664805980921061357e-01
6.634284711989487660e-01
6.603993310097151515e-01
6.573930045526266142e-01
6.544093184891661696e-01
6.514480991969613388e-01
6.485091728562738522e-01
6.455923655328996702e-01
6.426975032528911003e-01
6.398244120731784168e-01
6.369729181530651152e-01
6.341428478228929855e-01
6.313340276452746869e-01
6.285462844752607303e-01
6.257794455218994578e-01
6.230333384011053077e-01
6.203077911845779058e-01
6.176026324545703661e-01
6.149176913539200484e-01
6.122527976231217917e-01
6.096077816418880024e-01
6.069824744834795283e-01
6.043767079430903966e-01
6.017903145652958585e-01
5.992231276933219775e-01
5.966749815036623827e-01
5.941457110163789190e-01
5.916351521333157448e-01
5.891431416846083513e-01
5.866695174241823851e-01
5.842141180554414337e-01
5.817767832873687039e-01
5.793573538198847350e-01
5.769556713579488960e-01
5.745715786743561537e-01
5.722049195861171889e-01
5.698555389607216082e-01
5.675232827845259065e-01
5.652079981259894303e-01
5.629095331426137161e-01
5.606277371517799368e-01
5.583624605749717418e-01
5.561135549598498207e-01
5.538808730413329329e-01
5.516642686674144702e-01
5.494635968534465897e-01
5.472787138082944036e-01
5.451094768587163575e-01
5.429557445431291152e-01
5.408173765725077242e-01
5.386942337940467951e-01
5.365861782953954551e-01
5.344930732968645737e-01
5.324147832051828733e-01
5.303511736443317082e-01
5.283021113519931200e-01
5.262674643083862236e-01
5.242471016367632464e-01
5.222408936199258722e-01
5.202487117683823881e-01
5.182704286836995466e-01
5.163059182037682548e-01
5.143550552889973870e-01
5.124177160488287974e-01
5.104937777976906732e-01
5.085831189154854659e-01
5.066856190150662576e-01
5.048011587751616291e-01
5.029296200412304296e-01
5.010708857943444450e-01
4.992248400825248789e-01
4.973913681531440534e-01
4.955703562596671663e-01
4.937616918536419930e-01
4.919652634042965822e-01
4.901809605092505295e-01
4.884086738430333807e-01
4.866482951148429770e-01
4.848997171706484477e-01
4.831628338146966573e-01
4.814375400142068551e-01
4.797237316623104708e-01
4.780213057913811903e-01
4.763301603728208322e-01
4.746501944564100461e-01
4.729813080692137905e-01
4.713234022414682367e-01
4.696763790234271263e-01
4.680401413957693824e-01
4.664145933933459554e-01
4.647996399210421181e-01
4.631951869566101609e-01
4.616011413042292455e-01
4.600174108420745922e-01
4.584439042481988635e-01
4.568805312598796520e-01
4.553272024011959518e-01
4.537838292300829801e-01
4.522503240856768914e-01
4.507266003110608765e-01
4.492125720271235578e-01
4.477081543285792442e-01
4.462132630833645641e-01
4.447278151056164863e-01
4.432517279748841577e-01
4.417849201933749526e-01
4.403273110165413229e-01
4.388788206038798378e-01
4.374393698510842809e-01
4.360088805445299087e-01
4.345872751847979498e-01
4.331744771549171924e-01
4.317704105255798508e-01
4.303750002461964042e-01
4.289881719237158553e-01
4.276098520432555228e-01
4.262399677155784827e-01
4.248784469298975131e-01
4.235252182704506430e-01
4.221802111972266514e-01
4.208433557406517922e-01
4.195145827956316409e-01
4.181938238151043929e-01
4.168810110906646105e-01
4.155760774764757359e-01
4.142789566219302611e-01
4.129895827619916027e-01
4.117078908658449166e-01
4.104338165280076445e-01
4.091672960022467165e-01
4.079082662184116970e-01
4.066566646848671640e-01
4.054124296368983860e-01
4.041754998157088274e-01
4.029458147231980703e-01
4.017233143233596149e-01
4.005079393354655792e-01
3.992996309452591652e-01
3.980983310370052597e-01
3.969039820139299568e-01
3.957165268823301107e-01
3.945359092471701912e-01
3.933620732092309447e-01
3.921949635421969615e-01
3.910345254350572897e-01
3.898807047758848232e-01
3.887334478569234308e-01
3.875927016147132642e-01
3.864584134558072259e-01
3.853305313164141488e-01
3.842090037045139961e-01
3.830937795380512378e-01
3.819848083801126726e-01
3.808820401498708708e-01
3.797854253906706723e-01
3.786949150529096420e-01
3.776104605958215399e-01
3.765320140003123872e-01
3.754595276222163491e-01
3.743929544237482032e-01
3.733322476902009579e-01
3.722773612789767039e-01
3.712282494443354119e-01
3.701848668758661032e-01
3.691471687874393059e-01
3.681151107041744641e-01
3.670886487267613352e-01
3.660677392727079149e-01
3.650523392357351016e-01
3.640424059520437905e-01
3.630378970804372663e-01
3.620387708242465696e-01
3.610449856625841947e-01
3.600565005612665348e-01
3.590732748705404709e-01
3.580952682666648790e-01
3.571224409359321506e-01
3.561547533170882907e-01
3.551921663234235971e-01
3.542346412210436446e-01
3.532821395868616654e-01
3.523346234838941049e-01
3.513920552106271633e-01
3.504543975112754395e-01
3.495216134754714488e-01
3.485936664700250431e-01
3.476705203342628225e-01
3.467521391332386016e-01
3.458384873313612440e-01
3.449295297531658755e-01
3.440252314559416602e-01
3.431255579543325829e-01
3.422304749963847037e-01
3.413399486618863277e-01
3.404539454210847027e-01
3.395724319400397762e-01
3.386953753019583124e-01
3.378227428620797501e-01
3.369545022234221587e-01
3.360906214058737573e-01
3.352310686190757005e-01
3.343758124088682671e-01
3.335248216576812696e-01
3.326780654279815619e-01
3.318355131767759536e-01
3.309971345998292680e-01
3.301628996200235977e-01
3.293327785483759484e-01
3.285067418689956442e-01
3.276847603621488303e-01
3.268668051353897375e-01
3.260528474520457687e-01
3.252428589245173196e-01
3.244368114157312188e-01
3.236346769636859189e-01
3.228364279734293185e-01
3.220420370348963668e-01
3.212514769558444394e-01
3.204647208888570797e-01
3.196817421331341058e-01
3.189025142514302913e-01
3.181270111057689087e-01
3.173552066910325098e-01
3.165870753013124150e-01
3.158225914784417721e-01
3.150617299001750027e-01
3.143044655637314833e-01
3.135507736669828627e-01
3.128006295572689499e-01
3.120540089053744914e-01
3.113108875453262647e-01
3.105712414794077891e-01
3.098350470233592890e-01
3.091022806301706449e-01
3.083729189397249049e-01
3.076469388873978028e-01
3.069243175290889414e-01
3.062050321227218763e-01
3.054890602014215806e-01
3.047763794082057887e-01
3.040669675985712694e-01
3.033608028839759885e-01
3.026578634788456568e-01
3.019581278157130733e-01
3.012615745667065470e-01
3.005681825020199982e-01
2.998779306110865295e-01
2.991907981102842617e-01
2.985067643101000368e-01
2.978258087373537588e-01
2.971479111371299608e-01
2.964730513450525851e-01
2.958012094064988995e-01
2.951323655803262391e-01
2.944665002126293230e-01
2.938035938491959653e-01
2.931436272481186545e-01
2.924865812519246155e-01
2.918324368893687737e-01
2.911811754034277500e-01
2.905327781197355463e-01
2.898872265333778953e-01
2.892445023578182894e-01
2.886045873891739943e-01
2.879674635732911159e-01
2.873331130793845833e-01
2.867015181620012898e-01
2.860726612037138294e-01
2.854465248140301559e-01
2.848230916941766888e-01
2.842023446516735441e-01
2.835842667196478706e-01
2.829688410342537930e-01
2.823560508190682272e-01
2.817458795127069093e-01
2.811383106745846683e-01
2.805333279372103639e-01
2.799309151267897477e-01
2.793310562136979147e-01
2.787337352330112594e-01
2.781389363826242689e-01
2.775466440300269344e-01
2.769568426063707123e-01
2.763695166691834126e-01
2.757846509666788681e-01
2.752022303183513929e-01
2.746222396354331408e-01
2.740446640267210632e-01
2.734694886903678568e-01
2.728966988923327563e-01
2.723262800785893334e-01
2.717582178153406525e-01
2.711924977246986668e-01
2.706291055712350402e-01
2.700680272749939603e-01
2.695092488125659935e-01
2.689527562586502829e-01
2.683985358669369603e-01
2.678465739619717567e-01
2.672968569334164268e-01
2.667493713412263934e-01
2.662041038485750688e-01
2.656610411689414031e-01
2.651201701455045412e-01
2.645814777660362993e-01
2.640449510700595970e-01
2.635105771783949891e-01
2.629783433795467307e-01
2.624482370330646352e-01
2.619202455508475857e-01
2.613943564897576177e-01
2.608705575196513804e-01
2.603488363551370033e-01
2.598291808043423079e-01
2.593115788276440514e-01
2.587960184416603915e-01
2.582824877168330979e-01
2.577709748697179504e-01
2.572614682109337081e-01
2.567539560924698150e-01
2.562484269615891708e-01
2.557448694054754168e-01
2.552432720611305661e-01
2.547436236168738599e-01
2.542459129003330487e-01
2.537501288263681043e-01
2.532562603483680674e-01
2.527642965062421587e-01
2.522742264745902463e-01
2.517860394763115628e-01
2.512997247791635136e-01
2.508152717772866858e-01
2.503326699557014701e-01
2.498519088357081530e-01
2.493729780078507430e-01
2.488958671962367142e-01
2.484205661772315998e-01
2.479470647645750092e-01
2.474753528766854282e-01
2.470054205354784982e-01
2.465372577990970759e-01
2.460708547747172403e-01
2.456062016955278260e-01
2.451432888608093552e-01
2.446821066022471791e-01
2.442226453246805207e-01
2.437648955514133131e-01
2.433088478479492889e-01
2.428544928143820114e-01
2.424018211500592324e-01
2.419508236463653594e-01
2.415014911270065012e-01
2.410538144584659093e-01
2.406077846218646066e-01
2.401633926621955240e-01
2.397206296536762982e-01
2.392794867281758664e-01
2.388399551309476898e-01
2.384020261510903793e-01
2.379656911066785618e-01
2.375309413912148337e-01
2.370977684973187005e-01
2.366661639508402248e-01
2.362361193083861444e-01
2.358076262167115578e-01
2.353806764032604082e-01
2.349552616236155467e-01
2.345313736679750793e-01
2.341090044255964286e-01
2.336881458491775476e-01
2.332687899172439239e-01
2.328509286483619600e-01
2.324345541629321832e-01
2.320196586311762121e-01
2.316062342479934255e-01
2.311942732544483292e-01
2.307837679912319584e-01
2.303747108394104126e-01
2.299670942039615251e-01
2.295609105416335782e-01
2.291561524038341624e-01
2.287528123762763710e-01
2.283508830679615853e-01
2.279503571437020149e-01
2.275512273574497590e-01
2.271534864935786102e-01
2.267571273591773295e-01
2.263621428192321983e-01
2.259685258230368365e-01
2.255762693478313152e-01
2.251853663929465621e-01
2.247958100157119443e-01
2.244075933541958279e-01
2.240207095728955766e-01
2.236351518576672193e-01
2.232509134505824833e-01
2.228679876723161091e-01
2.224863678691908209e-01
2.221060474080630009e-01
2.217270197084716121e-01
2.213492782677388970e-01
2.209728166087542300e-01
2.205976282740942374e-01
2.202237068539051601e-01
2.198510460162376445e-01
2.194796394554544283e-01
2.191094808848327580e-01
2.187405640588251376e-01
2.183728828101455521e-01
2.180064309996979921e-01
2.176412025066474520e-01
2.172771912442680864e-01
2.169143912034958710e-01
2.165527964069978994e-01
2.161924008951107978e-01
2.158331987355913972e-01
2.154751840705632360e-01
2.151183510798026499e-01
2.147626939602105545e-01
2.144082069306595673e-01
2.140548842772307114e-01
2.137027203320127633e-01
2.133517094440074147e-01
2.130018459804348396e-01
2.126531243646261060e-01
2.123055390756361238e-01
2.119590846102430703e-01
2.116137554814363497e-01
2.112695462445020600e-01
2.109264515190624190e-01
2.105844659454819412e-01
2.102435841795614047e-01
2.099038009058571963e-01
2.095651108764578496e-01
2.092275088712533260e-01
2.088909896850762171e-01
2.085555481323179694e-01
2.082211790878056579e-01
2.078878774667275720e-01
2.075556381990294463e-01
2.072244562298254100e-01
2.068943265491420824e-01
2.065652442014758727e-01
2.062372042480879464e-01
2.059102017641895876e-01
2.055842318525537005e-01
2.052592896778893394e-01
2.049353704290911571e-01
2.046124693085603075e-01
2.042905815355278154e-01
2.039697023828492273e-01
2.036498271630201584e-01
2.033309512020785026e-01
2.030130698392610678e-01
2.026961784482612661e-01
2.023802724577360157e-01
2.020653473139142897e-01
2.017513984756411360e-01
2.014384214200840018e-01
2.011264116791213474e-01
2.008153648157459947e-01
2.005052764052557002e-01
2.001961420354981536e-01
1.998879573302761170e-01
1.995807179629622563e-01
1.992744196220805342e-01
1.989690580079434001e-01
1.986646288384353587e-01
1.983611278835041292e-01
1.980585509417087664e-01
1.977568938230893913e-01
1.974561523492920079e-01
1.971563223740330495e-01
1.968573997991749924e-01
1.965593805414631023e-01
1.962622605286627187e-01
1.959660357031259292e-01
1.956707020539034947e-01
1.953762556012724472e-01
1.950826923764273357e-01
1.947900084212122462e-01
1.944981998013258773e-01
1.942072626313095796e-01
1.939171930429546831e-01
1.936279871783580242e-01
1.933396411908999135e-01
1.930521512705676013e-01
1.927655136456218055e-01
1.924797245556878200e-01
1.921947802503399250e-01
1.919106769939355472e-01
1.916274110957965626e-01
1.913449788903544557e-01
1.910633767217476964e-01
1.907826009437318115e-01
1.905026479318260024e-01
1.902235141064242407e-01
1.899451959036619064e-01
1.896676897689837937e-01
1.893909921575731015e-01
1.891150995547832836e-01
1.888400084841160287e-01
1.885657154802347912e-01
1.882922170867928346e-01
1.880195098583311852e-01
1.877475903861295370e-01
1.874764552911520887e-01
1.872061012035859395e-01
1.869365247623006043e-01
1.866677226192310635e-01
1.863996914664839688e-01
1.861324280183939972e-01
1.858659289977691864e-01
1.856001911358043377e-01
1.853352111795910917e-01
1.850709859168044313e-01
1.848075121519384689e-01
1.845447866976181461e-01
1.842828063745800826e-01
1.840215680223591388e-01
