1.000000000000000000e+00
9.947663262509857107e-01
9.895522630010351595e-01
9.843585685117139938e-01
9.791858362570419194e-01
9.740346458689937981e-01
9.689055527274387236e-01
9.637990875800898083e-01
9.587157573913610564e-01
9.536560457102313260e-01
9.486204130174064053e-01
9.436092972206850948e-01
9.386231140889557123e-01
9.336622576377250349e-01
9.287271006080070057e-01
9.238179949417659742e-01
9.189352722247038363e-01
9.140792441146818881e-01
9.092502028355681221e-01
9.044484216516071040e-01
8.996741553306923933e-01
8.949276405987496297e-01
8.902090966019856610e-01
8.855187253918718193e-01
8.808567123906791974e-01
8.762232268535448121e-01
8.716184223284341170e-01
8.670424371108127470e-01
8.624953946951711137e-01
8.579774042327634742e-01
8.534885609781968085e-01
8.490289467299996229e-01
8.445986302660719591e-01
8.401976677736181509e-01
8.358261032732052787e-01
8.314839690366198077e-01
8.271712859982220944e-01
8.228880641595356371e-01
8.186343029868299315e-01
8.144099918014540140e-01
8.102151101628233265e-01
8.060496282439537641e-01
8.019135071991233543e-01
7.978066995237420578e-01
7.937291494063648534e-01
7.896807930727804958e-01
7.856615591221228767e-01
7.816713688549681294e-01
7.777101365934065980e-01
7.737777699930222797e-01
7.698741703467383291e-01
7.659992328808095108e-01
7.621528470428483582e-01
7.583348967819349973e-01
7.545452608208932377e-01
7.507838129208024291e-01
7.470504221378195808e-01
7.433449530724047793e-01
7.396672661110327285e-01
7.360172176604955485e-01
7.323946603748922035e-01
7.287994433754134693e-01
7.252314124625925951e-01
7.216904103194100584e-01
7.181762767116118829e-01
7.146888486811152630e-01
7.112279607317181229e-01
7.077934450083136486e-01
7.043851314697608945e-01
7.010028480554518771e-01
6.976464208429820069e-01
6.943156742015715865e-01
6.910104309453307669e-01
6.877305124770189959e-01
6.844757389258291358e-01
6.812459292796042565e-01
6.780409015085931967e-01
6.748604726872206028e-01
6.717044591164095246e-01
6.685726764361811236e-01
6.654649397329714944e-01
6.623810636403782981e-01
6.593208624370021642e-01
6.562841501461030846e-01
6.532707406260086502e-01
6.502804476553875057e-01
6.473130850141118886e-01
6.443684665649377363e-01
6.414464063300575614e-01
6.385467185611289898e-01
6.356692178073035659e-01
6.328137189837987897e-01
6.299800374328573538e-01
6.271679889798900120e-01
6.243773899913457326e-01
6.216080574338000986e-01
6.188598089183471318e-01
6.161324627444481061e-01
6.134258379540034056e-01
6.107397543771697634e-01
6.080740326608322643e-01
6.054284943064250912e-01
6.028029617253288786e-01
6.001972582586768690e-01
5.976112081980995416e-01
5.950446368354032067e-01
5.924973704939888730e-01
5.899692365292553697e-01
5.874600633650358672e-01
5.849696805415154355e-01
5.824979186997039093e-01
5.800446096032120247e-01
5.776095861980647950e-01
5.751926825876901850e-01
5.727937340414014367e-01
5.704125770619526969e-01
5.680490493524255058e-01
5.657029898159084969e-01
5.633742386295399474e-01
5.610626371980794724e-01
5.587680281545069905e-01
5.564902554374009380e-01
5.542291642239608462e-01
5.519846009477712423e-01
5.497564133662981023e-01
5.475444504734321427e-01
5.453485625535928749e-01
5.431686012115275464e-01
5.410044192826738430e-01
5.388558709322394114e-01
5.367228116133963001e-01
5.346050980196973557e-01
5.325025881989947640e-01
5.304151414341333748e-01
5.283426182942748683e-01
5.262848806719822026e-01
5.242417916644439568e-01
5.222132157105122685e-01
5.201990184853128030e-01
5.181990669091657287e-01
5.162132292256729205e-01
5.142413748490994863e-01
5.122833745174419917e-01
5.103391001739625565e-01
5.084084249859494031e-01
5.064912234109281153e-01
5.045873710404892298e-01
5.026967447785646304e-01
5.008192226654127888e-01
4.989546839762081243e-01
4.971030091959561248e-01
4.952640799358686841e-01
4.934377790798670227e-01
4.916239905749764660e-01
4.898225996321305953e-01
4.880334925398613910e-01
4.862565567712452963e-01
4.844916809392194601e-01
4.827387547398684919e-01
4.809976690690698220e-01
4.792683158258618237e-01
4.775505881311417622e-01
4.758443800773207166e-01
4.741495869475748082e-01
4.724661050123462047e-01
4.707938316645498555e-01
4.691326653246685741e-01
4.674825054543286229e-01
4.658432525861250229e-01
4.642148082167176226e-01
4.625970749469128784e-01
4.609899562787243554e-01
4.593933568344507612e-01
4.578071820931936542e-01
4.562313386516358982e-01
4.546657339371289464e-01
4.531102764753516254e-01
4.515648756103522454e-01
4.500294417549099424e-01
4.485038861350709172e-01
4.469881210120088544e-01
4.454820594568791869e-01
4.439856155427072681e-01
4.424987041476492466e-01
4.410212411214906592e-01
4.395531431107266851e-01
4.380943277078045983e-01
4.366447132887951166e-01
4.352042191554064132e-01
4.337727653747273093e-01
4.323502729248278609e-01
4.309366635257043665e-01
4.295318597992142107e-01
4.281357850808489296e-01
4.267483636037688322e-01
4.253695202825779620e-01
4.239991809289960778e-01
4.226372720018586326e-01
4.212837208579095494e-01
4.199384554675190118e-01
4.186014046973463576e-01
4.172724979997358696e-01
4.159516657136534401e-01
4.146388387478089355e-01
4.133339488732548084e-01
4.120369284322973336e-01
4.107477105869862810e-01
4.094662290915894731e-01
4.081924184589197924e-01
4.069262138329468592e-01
4.056675510397910744e-01
4.044163665880559644e-01
4.031725975849551058e-01
4.019361818731064795e-01
4.007070578168736019e-01
3.994851645534096551e-01
3.982704416921403756e-01
3.970628296144405045e-01
3.958622691730263043e-01
3.946687019387389861e-01
3.934820700035268071e-01
3.923023160819656407e-01
3.911293834898865729e-01
3.899632160553944127e-01
3.888037582855582430e-01
3.876509551132443776e-01
3.865047521822892462e-01
3.853650955443845838e-01
3.842319319121940135e-01
3.831052084683602699e-01
3.819848729421314038e-01
3.808708736356880564e-01
3.797631592737639727e-01
3.786616792328187375e-01
3.775663832503093897e-01
3.764772217014055733e-01
3.753941453674073947e-01
3.743171055540226444e-01
3.732460540880327970e-01
3.721809431825742198e-01
3.711217256624937400e-01
3.700683546788884892e-01
3.690207839677590584e-01
3.679789676596078030e-01
3.669428603340731398e-01
3.659124170948803156e-01
3.648875933643808134e-01
3.638683451483417097e-01
3.628546287684067395e-01
3.618464010356168825e-01
3.608436192006768684e-01
3.598462408467394402e-01
3.588542241051195236e-01
3.578675273837959581e-01
3.568861095890472623e-01
3.559099300077980255e-01
3.549389482634494053e-01
3.539731244908753682e-01
3.530124190789455940e-01
3.520567929014631336e-01
3.511062071808335183e-01
3.501606234603165113e-01
3.492200037700494142e-01
3.482843103766516402e-01
3.473535060024202092e-01
3.464275537105524494e-01
3.455064168502492428e-01
3.445900592447145305e-01
3.436784449423231358e-01
3.427715384008414579e-01
3.418693044337598463e-01
3.409717080937412770e-01
3.400787148946315397e-01
3.391902905807390733e-01
3.383064012380147534e-01
3.374270133396774507e-01
3.365520935575904149e-01
3.356816089877815990e-01
3.348155269933564271e-01
3.339538151933770238e-01
3.330964416237494619e-01
3.322433745089173884e-01
3.313945824184068578e-01
3.305500342538895131e-01
3.297096991005810107e-01
3.288735464437583800e-01
3.280415460025121743e-01
3.272136677306494712e-01
3.263898819697024223e-01
3.255701592325466742e-01
3.247544703365219387e-01
3.239427864220739139e-01
3.231350787872608321e-01
3.223313190855686128e-01
3.215314792156686585e-01
3.207355312564908467e-01
3.199434476563744467e-01
3.191552010444682619e-01
3.183707642750643885e-01
3.175901105454589923e-01
3.168132131980587740e-01
3.160400458462905293e-01
3.152705823985897937e-01
3.145047968970764440e-01
3.137426636894389276e-01
3.129841573658351805e-01
3.122292526552127856e-01
3.114779246103598909e-01
3.107301484795164659e-01
3.099858996650016740e-01
3.092451538944260836e-01
3.085078870543304097e-01
3.077740752053629847e-01
3.070436947209975176e-01
3.063167221089375669e-01
3.055931340701214527e-01
3.048729075986323922e-01
3.041560198071352472e-01
3.034424480167374760e-01
3.027321698202854461e-01
3.020251629194181109e-01
3.013214052345130622e-01
3.006208749377651812e-01
2.999235503038523709e-01
2.992294098315582129e-01
2.985384322547364744e-01
2.978505964052207133e-01
2.971658813398209142e-01
2.964842663375806264e-01
2.958057307717668061e-01
2.951302542375123239e-01
2.944578165434483252e-01
2.937883975888799237e-01
2.931219774882745099e-01
2.924585365648600943e-01
2.917980552290882490e-01
2.911405140964662963e-01
2.904858939902309478e-01
2.898341758177473970e-01
2.891853406779558711e-01
2.885393698797216189e-01
2.878962448138360219e-01
2.872559470458410646e-01
2.866184583558314403e-01
2.859837606052845205e-01
2.853518358105263109e-01
2.847226662081793758e-01
2.840962341182899920e-01
2.834725219936155560e-01
2.828515125119283602e-01
2.822331884400869351e-01
2.816175326550962033e-01
2.810045282593379712e-01
2.803941584547264831e-01
2.797864065333077743e-01
2.791812560039430013e-01
2.785786904919171914e-01
2.779786936972087896e-01
2.773812495168785364e-01
2.767863419874174169e-01
2.761939552104756834e-01
2.756040734548849125e-01
2.750166811547134493e-01
2.744317628069813386e-01
2.738493030395534045e-01
2.732692866679869437e-01
2.726916985772219748e-01
2.721165237473782139e-01
2.715437473557558157e-01
2.709733546657077108e-01
2.704053310102080832e-01
2.698396619047796485e-01
2.692763329807292827e-01
2.687153299257003525e-01
2.681566385738416991e-01
2.676002449106938963e-01
2.670461349773989301e-01
2.664942949170287512e-01
2.659447110497679123e-01
2.653973697642377783e-01
2.648522575161523229e-01
2.643093609333452276e-01
2.637686667427316389e-01
2.632301617219633960e-01
2.626938327821977115e-01
2.621596669752889741e-01
2.616276514038313183e-01
2.610977732549789598e-01
2.605700198825399716e-01
2.600443787085952030e-01
2.595208372087679516e-01
2.589993830064218905e-01
2.584800038337357608e-01
2.579626874673496828e-01
2.574474217810474030e-01
2.569341947983677099e-01
2.564229945972185676e-01
2.559138093109254442e-01
2.554066272208124211e-01
2.549014366983228252e-01
2.543982261562614533e-01
2.538969841062477806e-01
2.533976991969413284e-01
2.529003601252785560e-01
2.524049556411040451e-01
2.519114746352372758e-01
2.514199060819362064e-01
2.509302389939402356e-01
2.504424624738808558e-01
2.499565657564785381e-01
2.494725381231192585e-01
2.489903689012524513e-01
2.485100475468469405e-01
2.480315636029482296e-01
2.475549066485833727e-01
2.470800663349937976e-01
2.466070324454235074e-01
2.461357948132091855e-01
2.456663433096521187e-01
2.451986679135981229e-01
2.447327587038084784e-01
2.442686057945669953e-01
2.438061993510602932e-01
2.433455296651087507e-01
2.428865870914273251e-01
2.424293620171417973e-01
2.419738449055513496e-01
2.415200263360997579e-01
2.410678969288452267e-01
2.406174473390809698e-01
2.401686683239179498e-01
2.397215507290284819e-01
2.392760854318157493e-01
2.388322633540561901e-01
2.383900755330362886e-01
2.379495130667421410e-01
2.375105670822607595e-01
2.370732287669468918e-01
2.366374894201102030e-01
2.362033403829234268e-01
2.357707730257314338e-01
2.353397787971102662e-01
2.349103492419518935e-01
2.344824759373119460e-01
2.340561504916449653e-01
2.336313646058348070e-01
2.332081100581772926e-01
2.327863786545928404e-01
2.323661622367936830e-01
2.319474527468819158e-01
2.315302421872502681e-01
2.311145225858939056e-01
2.307002860125790811e-01
2.302875246390858333e-01
2.298762306843525893e-01
2.294663963918918970e-01
2.290580140535909692e-01
2.286510760600268810e-01
2.282455748401080176e-01
2.278415028466168335e-01
2.274388525865362332e-01
2.270376166598423173e-01
2.266377876992308749e-01
2.262393583607192338e-01
2.258423213586142897e-01
2.254466694942782456e-01
2.250523955982129953e-01
2.246594925237279938e-01
2.242679531844771479e-01
2.238777705761296755e-01
2.234889377212051220e-01
2.231014476644365141e-01
2.227152935109498466e-01
2.223304684442541646e-01
2.219469656732842300e-01
2.215647784284509869e-01
2.211838999987280618e-01
2.208043237493831079e-01
2.204260430703414431e-01
2.200490513721409802e-01
2.196733421203060366e-01
2.192989088559887667e-01
2.189257451448538283e-01
2.185538445722720602e-01
2.181832007734186563e-01
2.178138074595030449e-01
2.174456583668449294e-01
2.170787472506326143e-01
2.167130679093182410e-01
2.163486142182115546e-01
2.159853800793635203e-01
2.156233594130001485e-01
2.152625461752399882e-01
2.149029343991850638e-01
2.145445181478498331e-01
2.141872915018291912e-01
2.138312485704328136e-01
2.134763835376322361e-01
2.131226906227789153e-01
2.127701640622433610e-01
2.124187981151707261e-01
2.120685871090927377e-01
2.117195254150080752e-01
2.113716074206091478e-01
2.110248275321787159e-01
2.106791802139137970e-01
2.103346599832742192e-01
2.099912613749602974e-01
2.096489789399398340e-01
2.093078072734793349e-01
2.089677410333194429e-01
2.086287748969887779e-01
2.082909035573714818e-01
2.079541217376875695e-01
2.076184242281432224e-01
2.072838058450451049e-01
2.069502614195622703e-01
2.066177858031929826e-01
2.062863739089037529e-01
2.059560206876764887e-01
2.056267211050585852e-01
2.052984701419562352e-01
2.049712628260169367e-01
2.046450942372486925e-01
2.043199594717905188e-01
2.039958536396609678e-01
2.036727718800165621e-01
2.033507093932278853e-01
2.030296614023552326e-01
2.027096231438898222e-01
2.023905898717648089e-01
2.020725568947099593e-01
2.017555195588427996e-01
2.014394732235923191e-01
2.011244132616183400e-01
2.008103350818110089e-01
2.004972341464298369e-01
2.001851059344066097e-01
1.998739459372169402e-01
1.995637496655467413e-01
1.992545126853692561e-01
1.989462305917493179e-01
1.986388989919399828e-01
1.983325135058462141e-01
1.980270697910291589e-01
1.977225635528505887e-01
1.974189905111261578e-01
1.971163463973905627e-01
1.968146269616457833e-01
1.965138280064302190e-01
1.962139453609775819e-01
1.959149748658998713e-01
1.956169123734735338e-01
1.953197537696894359e-01
1.950234949871004486e-01
1.947281319723835891e-01
1.944336606831707781e-01
1.941400770923219221e-01
1.938473772202643219e-01
1.935555571166764355e-01
1.932646128419927556e-01
1.929745404672555675e-01
1.926853360888239608e-01
1.923969958509691436e-01
1.921095159141067710e-01
1.918228924488951659e-01
1.915371216375292562e-01
1.912521997002136209e-01
1.909681228935664332e-01
1.906848874851715392e-01
1.904024897525005144e-01
1.901209259885973946e-01
1.898401925319426198e-01
1.895602857443717260e-01
1.892812019973303950e-01
1.890029376718432574e-01
1.887254891720757388e-01
1.884488529461932071e-01
1.881730254570589123e-01
1.878980031767872594e-01
1.876237825873649789e-01
1.873503602023761927e-01
1.870777325719394368e-01
1.868058962568207859e-01
1.865348478267191967e-01
1.862645838626345585e-01
1.859951009833476498e-01
1.857263958355342415e-01
1.854584650748725694e-01
1.851913053656675801e-01
1.849249133860259298e-01
1.846592858546502181e-01
1.843944195108546125e-01
1.841303111023400718e-01
1.838669573851401673e-01
1.836043551322400769e-01
1.833425011569375929e-01
1.830813922880873135e-01
1.828210253626212645e-01
1.825613972255522022e-01
1.823025047419430389e-01
