1.000000000000000000e+00
9.947715826447440790e-01
9.895626760746276673e-01
9.843740389261171897e-01
9.792062650538801982e-01
9.740599345402736198e-01
9.689356032783253969e-01
9.638338025887303040e-01
9.587550400656796867e-01
9.536997999418437288e-01
9.486685434327715161e-01
9.436617092292451936e-01
9.386797139284864810e-01
9.337229524170375106e-01
9.287917983468546579e-01
9.238866046080622674e-01
9.190077037691788409e-01
9.141554085030513255e-01
9.093300120781592222e-01
9.045317888305745013e-01
8.997609946248992241e-01
8.950178673064057566e-01
8.903026271610701148e-01
8.856154773984034057e-01
8.809566046149343022e-01
8.763261792542925699e-01
8.717243560652643275e-01
8.671512745546299250e-01
8.626070594369206201e-01
8.580918210904557863e-01
8.536056560023193018e-01
8.491486472073827008e-01
8.447208647222791411e-01
8.403223659739343931e-01
8.359531962222888080e-01
8.316133889768879683e-01
8.273029664070359335e-01
8.230219397452521735e-01
8.187703096837830596e-01
8.145480667639275474e-01
8.103551917580772423e-01
8.061916560443632696e-01
8.020574219734871724e-01
7.979524432278177759e-01
7.938766651726835155e-01
7.898300251997931731e-01
7.858124530627287330e-01
7.818238712044736083e-01
7.778641950769625835e-01
7.739333334525833052e-01
7.700311887275849143e-01
7.661576572176812538e-01
7.623126294457189811e-01
7.584959904214751969e-01
7.547076199136492081e-01
7.509473927141326888e-01
7.472151788946164164e-01
7.435108440556362774e-01
7.398342495681294873e-01
7.361852528076184843e-01
7.325637073810985500e-01
7.289694633467533880e-01
7.254023674261540489e-01
7.218622632073221634e-01
7.183489913450554765e-01
7.148623897543510131e-01
7.114022937961416160e-01
7.079685364565682093e-01
7.045609485199137989e-01
7.011793587352546098e-01
6.978235939741977978e-01
6.944934793844087517e-01
6.911888385430189352e-01
6.879094936005210048e-01
6.846552654186945919e-01
6.814259737029777497e-01
6.782214371263365349e-01
6.750414734511944737e-01
6.718858996519712079e-01
6.687545320278757144e-01
6.656471863104087561e-01
6.625636777642593955e-01
6.595038212852873949e-01
6.564674315004643823e-01
6.534543228584984709e-01
6.504643097153184339e-01
6.474972064150356088e-01
6.445528273718528212e-01
6.416309871469186854e-01
6.387315005185779659e-01
6.358541825505353851e-01
6.329988486605596654e-01
6.301653146818037010e-01
6.273533969191908977e-01
6.245629122073973472e-01
6.217936779700583561e-01
6.190455122645465158e-01
6.163182338260655424e-01
6.136116621217607703e-01
6.109256173967261283e-01
6.082599207028732691e-01
6.056143939369328377e-01
6.029888598958078605e-01
6.003831422967647047e-01
5.977970657984926772e-01
5.952304560507742925e-01
5.926831397260402534e-01
5.901549445202278754e-01
5.876456991893125315e-01
5.851552335971526020e-01
5.826833787004630505e-01
5.802299665707829623e-01
5.777948304541181690e-01
5.753778047463934397e-01
5.729787250022024825e-01
5.705974280021510747e-01
5.682337517201608845e-01
5.658875353234609218e-01
5.635586192463797328e-01
5.612468451443379802e-01
5.589520558947516093e-01
5.566740956741146329e-01
5.544128098915130920e-01
5.521680452066058953e-01
5.499396495968218446e-01
5.477274722704953414e-01
5.455313637210001954e-01
5.433511757563650457e-01
5.411867614102738866e-01
5.390379750409206583e-01
5.369046722893040524e-01
5.347867100321649358e-01
5.326839464954720160e-01
5.305962411356170971e-01
5.285234546908729181e-01
5.264654492181762846e-01
5.244220879750433051e-01
5.223932355562528329e-01
5.203787577886951343e-01
5.183785217406594592e-01
5.163923957994613900e-01
5.144202495195394631e-01
5.124619537751929910e-01
5.105173806422952376e-01
5.085864034174306658e-01
5.066688966836292440e-01
5.047647361549418843e-01
5.028737988542475446e-01
5.009959629376148360e-01
4.991311077930202234e-01
4.972791140149682709e-01
4.954398633215544301e-01
4.936132387003298594e-01
4.917991241994225105e-01
4.899974051279646359e-01
4.882079678700196879e-01
4.864306999917285546e-01
4.846654901962914042e-01
4.829122282679265132e-01
4.811708051878489933e-01
4.794411129384540393e-01
4.777230447213979825e-01
4.760164947078263653e-01
4.743213582573883036e-01
4.726375317148531763e-01
4.709649125455337426e-01
4.693033992400740262e-01
4.676528913286028266e-01
4.660132894099551781e-01
4.643844950455605081e-01
4.627664108987817326e-01
4.611589405328200830e-01
4.595619886290714384e-01
4.579754607243936571e-01
4.563992634713124885e-01
4.548333043516560870e-01
4.532774919438712358e-01
4.517317356433703801e-01
4.501959459127783947e-01
4.486700340265578624e-01
4.471539122929469312e-01
4.456474938287314225e-01
4.441506927513524383e-01
4.426634239819608463e-01
4.411856034122383363e-01
4.397171477291818564e-01
4.382579745647364744e-01
4.368080023331177286e-01
4.353671503732486348e-01
4.339353387881335622e-01
4.325124885908864236e-01
4.310985215353111411e-01
4.296933602762401105e-01
4.282969281809829165e-01
4.269091495137042336e-01
4.255299492189471566e-01
4.241592531375579234e-01
4.227969877565392331e-01
4.214430804599668678e-01
4.200974592447127010e-01
4.187600530030525237e-01
4.174307912122667275e-01
4.161096042352979141e-01
4.147964230043135192e-01
4.134911793127908353e-01
4.121938055250800037e-01
4.109042348242004650e-01
4.096224009851044956e-01
4.083482385402166237e-01
4.070816826528767529e-01
4.058226691675587694e-01
4.045711346109575057e-01
4.033270161074816174e-01
4.020902515165925006e-01
4.008607792187880992e-01
3.996385383668436542e-01
3.984234685853506042e-01
3.972155102701293572e-01
3.960146042881281248e-01
3.948206922235601990e-01
3.936337161816628738e-01
3.924536188894328093e-01
3.912803436750278974e-01
3.901138343781427875e-01
3.889540355171919317e-01
3.878008920359117262e-01
3.866543495885050863e-01
3.855143542368644205e-01
3.843808527031242206e-01
3.832537921794102465e-01
3.821331204037008988e-01
3.810187856868748058e-01
3.799107367617972075e-01
3.788089230127898444e-01
3.777132941849479786e-01
3.766238006604927802e-01
3.755403932278228996e-01
3.744630231990546676e-01
3.733916424074210649e-01
3.723262030719967641e-01
3.712666580233496827e-01
3.702129604181536582e-01
3.691650639974283776e-01
3.681229228968077027e-01
3.670864917004481032e-01
3.660557255166178581e-01
3.650305797718771950e-01
3.640110104758706444e-01
3.629969739541613061e-01
3.619884270211275457e-01
3.609853269309508117e-01
3.599876312698159220e-01
3.589952981719269354e-01
3.580082860481090257e-01
3.570265538069798961e-01
3.560500607379800675e-01
3.550787664665575605e-01
3.541126311295860196e-01
3.531516151178623053e-01
3.521956793066629565e-01
3.512447849200625583e-01
3.502988935025382888e-01
3.493579670854277675e-01
3.484219679365003763e-01
3.474908587787693959e-01
3.465646026763561371e-01
3.456431629789887272e-01
3.447265035103484476e-01
3.438145883193075569e-01
3.429073818636895754e-01
3.420048489572479200e-01
3.411069546526147578e-01
3.402136644634523588e-01
3.393249441340132067e-01
3.384407597497536835e-01
3.375610777835520437e-01
3.366858649067988041e-01
3.358150882147477589e-01
3.349487150699544391e-01
3.340867130905625926e-01
3.332290503115757918e-01
3.323756949565852548e-01
3.315266155938729753e-01
3.306817811240740368e-01
3.298411606312046662e-01
3.290047235991084840e-01
3.281724397456644571e-01
3.273442790231258503e-01
3.265202117715031993e-01
3.257002085022241422e-01
3.248842400308130096e-01
3.240722774960960728e-01
3.232642921944243741e-01
3.224602557773026401e-01
3.216601401416625539e-01
3.208639173644566855e-01
3.200715598919563476e-01
3.192830403514218540e-01
3.184983315949282412e-01
3.177174068176479849e-01
3.169402393599268786e-01
3.161668028328008528e-01
3.153970711425123086e-01
3.146310183289462437e-01
3.138686187372797809e-01
3.131098469553983410e-01
3.123546777098442084e-01
3.116030860508152700e-01
3.108550472241934925e-01
3.101105366297295385e-01
3.093695299923962527e-01
3.086320031962855315e-01
3.078979322993333212e-01
3.071672936723411351e-01
3.064400638204708982e-01
3.057162194418356904e-01
3.049957375278081195e-01
3.042785951884254270e-01
3.035647697418816238e-01
3.028542387782722223e-01
3.021469799965306180e-01
3.014429713140514000e-01
3.007421909002382376e-01
3.000446170269955304e-01
2.993502281900682349e-01
2.986590031204799378e-01
2.979709206472331839e-01
2.972859598240542023e-01
2.966040999271187806e-01
2.959253203268167876e-01
2.952496006151600905e-01
2.945769205978776006e-01
2.939072601713606514e-01
2.932405994469260424e-01
2.925769187448662434e-01
2.919161984726936776e-01
2.912584192427407626e-01
2.906035618752782490e-01
2.899516072747146955e-01
2.893025365367980495e-01
2.886563309673981781e-01
2.880129719543400579e-01
2.873724410599641232e-01
2.867347200613400982e-01
2.860997908169740089e-01
2.854676353399919209e-01
2.848382358639607315e-01
2.842115747059527631e-01
2.835876343155406820e-01
2.829663973674070299e-01
2.823478466254338293e-01
2.817319649634746348e-01
2.811187354807804240e-01
2.805081413762869347e-01
2.799001659389368513e-01
2.792947926744185350e-01
2.786920052050366192e-01
2.780917872277146596e-01
2.774941226363142333e-01
2.768989954643386042e-01
2.763063898104267113e-01
2.757162899402077483e-01
2.751286802847451862e-01
2.745435453380827284e-01
2.739608697249099611e-01
2.733806382577483873e-01
2.728028358185843882e-01
2.722274473844267240e-01
2.716544581294916272e-01
2.710838533141917139e-01
2.705156182684768651e-01
2.699497385047390230e-01
2.693861996513521317e-01
2.688249873930051437e-01
2.682660875607137396e-01
2.677094861370717949e-01
2.671551691603135659e-01
2.666031227704312445e-01
2.660533332846209964e-01
2.655057870886202709e-01
2.649604706351678107e-01
2.644173705490484583e-01
2.638764735543103757e-01
2.633377664257179895e-01
2.628012360713728457e-01
2.622668695402511352e-01
2.617346539321116494e-01
2.612045764311246576e-01
2.606766243881683542e-01
2.601507852225148354e-01
2.596270464069216355e-01
2.591053955617685367e-01
2.585858204164371288e-01
2.580683087447808166e-01
2.575528484176349830e-01
2.570394274557067371e-01
2.565280339341532434e-01
2.560186559834748410e-01
2.555112818820930443e-01
2.550058999987235842e-01
2.545024987434414965e-01
2.540010666249790106e-01
2.535015922892423501e-01
2.530040644304800135e-01
2.525084717957752356e-01
2.520148032731178156e-01
2.515230478341041187e-01
2.510331944888122835e-01
2.505452323370619960e-01
2.500591506108830742e-01
2.495749385890408956e-01
2.490925855963079250e-01
2.486120810858862273e-01
2.481334145982233563e-01
2.476565757097606013e-01
2.471815540690188717e-01
2.467083394565984245e-01
2.462369217032848723e-01
2.457672906778007038e-01
2.452994363562879809e-01
2.448333488149655179e-01
2.443690181656046900e-01
2.439064345707927239e-01
2.434455883197303439e-01
2.429864697646525740e-01
2.425290692902039302e-01
2.420733773570672986e-01
2.416193845421783226e-01
2.411670814631550752e-01
2.407164587728201632e-01
2.402675072257027533e-01
2.398202176650492401e-01
2.393745809658620605e-01
2.389305880474424382e-01
2.384882299445695297e-01
2.380474977528611868e-01
2.376083825970403407e-01
2.371708756619802239e-01
2.367349682445777925e-01
2.363006516836790305e-01
2.358679173472916502e-01
2.354367566815306900e-01
2.350071612289552081e-01
2.345791225643334144e-01
2.341526322938014548e-01
2.337276821158268125e-01
2.333042638064357077e-01
2.328823691693000242e-01
2.324619900438289199e-01
2.320431183697674871e-01
2.316257461472900625e-01
2.312098654021829403e-01
2.307954682019235371e-01
2.303825467160014184e-01
2.299710931611808618e-01
2.295610997788037344e-01
2.291525588584860662e-01
2.287454627885823766e-01
2.283398039958655090e-01
2.279355749309837642e-01
2.275327680986766743e-01
2.271313760967564321e-01
2.267313915558220871e-01
2.263328071297925348e-01
2.259356155307652436e-01
2.255398095579898565e-01
2.251453820399108852e-01
2.247523258277745739e-01
2.243606338330633165e-01
2.239702990493803725e-01
2.235813144972258470e-01
2.231936732193065542e-01
2.228073683186164999e-01
2.224223929766409036e-01
2.220387404003328347e-01
2.216564038181153273e-01
2.212753765168704034e-01
2.208956518598798602e-01
2.205172232351247652e-01
2.201400840511951174e-01
2.197642277715642078e-01
2.193896479354329188e-01
2.190163381065592940e-01
2.186442918684056713e-01
2.182735028541393507e-01
2.179039647730487694e-01
2.175356713595838487e-01
2.171686163670645264e-01
2.168027935919805416e-01
2.164381969077463219e-01
2.160748202145794938e-01
2.157126574308761424e-01
2.153517025108436789e-01
2.149919494857086277e-01
2.146333924166879126e-01
2.142760253825829186e-01
2.139198424908499985e-01
2.135648379235987604e-01
2.132110058984187650e-01
2.128583406499220954e-01
2.125068364354582295e-01
2.121564875807143147e-01
2.118072884549572765e-01
2.114592334441561250e-01
2.111123169528526800e-01
2.107665334434246085e-01
2.104218774316232166e-01
2.100783434504601144e-01
2.097359260492110133e-01
2.093946198213615106e-01
2.090544194229575492e-01
2.087153195298726838e-01
2.083773148333404324e-01
2.080404000548567445e-01
2.077045699829342951e-01
2.073698194322583788e-01
2.070361432323805650e-01
2.067035362331454129e-01
2.063719933458234845e-01
2.060415095198043500e-01
2.057120797190508665e-01
2.053836989228750853e-01
2.050563621572498996e-01
2.047300645006046582e-01
2.044048010475264798e-01
2.040805669064843786e-01
2.037573572150139511e-01
2.034351671719014099e-01
2.031139919986869602e-01
2.027938269303451446e-01
2.024746672192628827e-01
2.021565081725752167e-01
2.018393451349049794e-01
2.015231734641951267e-01
2.012079885316182259e-01
2.008937857444972330e-01
2.005805605635991584e-01
2.002683084664009516e-01
1.999570249429264979e-01
1.996467055023688486e-01
1.993373457091864587e-01
1.990289411570183298e-01
1.987214874516961272e-01
1.984149802116978445e-01
1.981094150930827469e-01
1.978047877997917703e-01
1.975010940502487933e-01
1.971983295746001230e-01
1.968964901214171614e-01
1.965955714917909380e-01
1.962955695135917555e-01
1.959964800260718953e-01
1.956982988801450885e-01
1.954010219603662390e-01
1.951046451979253638e-01
1.948091645381689052e-01
1.945145759374006522e-01
1.942208753671221255e-01
1.939280588463672128e-01
1.936361224235078060e-01
1.933450621576784656e-01
1.930548741186232375e-01
1.927655544013359701e-01
1.924770991487691485e-01
1.921895045200655849e-01
1.919027666846140068e-01
1.916168818233273952e-01
1.913318461550671257e-01
1.910476559351921844e-01
1.907643074300437447e-01
1.904817969158535129e-01
1.902001206843882963e-01
1.899192750728345147e-01
1.896392564418099003e-01
1.893600611615468554e-01
1.890816856118575362e-01
1.888041261956325545e-01
1.885273793598053749e-01
1.882514415660515028e-01
1.879763092853000694e-01
1.877019789983457865e-01
1.874284472175178351e-01
1.871557104917535852e-01
1.868837653806591226e-01
1.866126084527763296e-01
1.863422362879274541e-01
1.860726455036723348e-01
1.858038327455455441e-01
1.855357946680922521e-01
1.852685279344874203e-01
1.850020292216730533e-01
1.847362952471717223e-01
1.844713227491883989e-01
1.842071084743179821e-01
1.839436491774903704e-01
1.836809416305384135e-01
1.834189826456239514e-01
1.831577690505193645e-01
1.828972976810769868e-01
1.826375653812307709e-01
1.823785690149078986e-01
