1.000000000000000000e+00
9.949911055813256411e-01
9.899977274657183468e-01
9.850206337441950177e-01
9.800604283514817716e-01
9.751177043143591794e-01
9.701930330953382198e-01
9.652869640996818434e-01
9.604000254039156692e-01
9.555327240102016173e-01
9.506855460849802375e-01
9.458589573342389700e-01
9.410534033262417664e-01
9.362693097717773583e-01
9.315070828905842593e-01
9.267671097783081180e-01
9.220497587458987843e-01
9.173553796473503663e-01
9.126843042698448150e-01
9.080368467094572793e-01
9.034133037387975795e-01
8.988139551690603746e-01
8.942390642208549734e-01
8.896888779197648089e-01
8.851636274763994283e-01
8.806635286656265826e-01
8.761887822064141629e-01
8.717395741394243780e-01
8.673160762036307148e-01
8.629184462218585372e-01
8.585468284784795179e-01
8.542013540937822835e-01
8.498821413959788407e-01
8.455892962904435484e-01
8.413229126257953938e-01
8.370830725564726293e-01
8.328698469014587102e-01
8.286832954988551103e-01
8.245234675560201287e-01
8.203904019949849191e-01
8.162841277929437922e-01
8.122046643177301961e-01
8.081520216577874338e-01
8.041262009466098037e-01
8.001271946815482483e-01
7.961549870368458404e-01
7.922095541707874222e-01
7.882908645268549286e-01
7.843988791288132312e-01
7.805335518695586394e-01
7.766948297937011914e-01
7.728826533740310589e-01
7.690969567816803298e-01
7.653376681499931555e-01
7.616047098321133690e-01
7.578979986522891288e-01
7.542174461509132399e-01
7.505629588233196925e-01
7.469344383523691677e-01
7.433317818348577077e-01
7.397548820017934013e-01
7.362036274325883811e-01
7.326779027625375251e-01
7.291775888819171936e-01
7.257025631341960104e-01
7.222526995076675727e-01
7.188278688203006972e-01
7.154279388989248645e-01
7.120527747528198059e-01
7.087022387416670455e-01
7.053761907340184711e-01
7.020744882634694095e-01
6.987969866859639056e-01
6.955435393273632361e-01
6.923139976255933137e-01
6.891082112676018001e-01
6.859260283162117444e-01
6.827672953373633558e-01
6.796318575300439591e-01
6.765195588453144504e-01
6.734302421003142136e-01
6.703637490836287238e-01
6.673199206584431442e-01
6.642985968726879964e-01
6.612996170574527710e-01
6.583228199198095654e-01
6.553680436269609944e-01
6.524351258968806855e-01
6.495239040863693969e-01
6.466342152695808698e-01
6.437658963104326837e-01
6.409187839366766726e-01
6.380927148151105399e-01
6.352875256170160689e-01
6.325030530798846362e-01
6.297391340712684693e-01
6.269956056489853768e-01
6.242723051142466950e-01
6.215690700666174351e-01
6.188857384580760401e-01
6.162221486375071278e-01
6.135781393952307594e-01
6.109535500162461830e-01
6.083482203165374580e-01
6.057619906761892992e-01
6.031947020878428711e-01
6.006461961946205630e-01
5.981163153091314522e-01
5.956049024527766411e-01
5.931118014012579653e-01
5.906368566901034622e-01
5.881799136433889519e-01
5.857408184265039397e-01
5.833194180412530905e-01
5.809155603445279592e-01
5.785290941066654202e-01
5.761598689969781306e-01
5.738077355954361858e-01
5.714725454557775253e-01
5.691541510781421565e-01
5.668524059211313970e-01
5.645671644667004108e-01
5.622982821751377758e-01
5.600456155102987443e-01
5.578090219951643558e-01
5.555883601500839486e-01
5.533834895464049275e-01
5.511942708299980564e-01
5.490205656583754257e-01
5.468622367889103275e-01
5.447191480431742283e-01
5.425911642803007418e-01
5.404781514921997987e-01
5.383799767071025810e-01
5.362965080445405430e-01
5.342276147412019505e-01
5.321731670612760423e-01
5.301330364170949716e-01
5.281070952761357518e-01
5.260952171835217017e-01
5.240972768215941269e-01
5.221131498881260713e-01
5.201427132335944004e-01
5.181858447528452372e-01
5.162424234176876681e-01
5.143123293240696725e-01
5.123954435679251018e-01
5.104916484020383116e-01
5.086008270783579643e-01
5.067228639497172171e-01
5.048576444342430802e-01
5.030050549598441556e-01
5.011649830837471287e-01
4.993373173148150657e-01
4.975219472964382827e-01
4.957187636328835856e-01
4.939276580022035068e-01
4.921485230996314741e-01
4.903812526079127099e-01
4.886257412863967420e-01
4.868818848094128016e-01
4.851495799574709333e-01
4.834287243934854983e-01
4.817192168694085508e-01
4.800209570304422857e-01
4.783338455569000058e-01
4.766577840586422865e-01
4.749926751113268675e-01
4.733384222620912185e-01
4.716949299554484831e-01
4.700621036422081289e-01
4.684398496127962774e-01
4.668280751847423415e-01
4.652266884726687368e-01
4.636355986227514436e-01
4.620547155515952742e-01
4.604839501966276893e-01
4.589232142520526248e-01
4.573724204114452685e-01
4.558314821191540300e-01
4.543003137924654378e-01
4.527788305959656867e-01
4.512669486400363028e-01
4.497645847780390449e-01
4.482716567840007160e-01
4.467880831677008557e-01
4.453137833380902411e-01
4.438486774285789194e-01
4.423926864547669258e-01
4.409457321408077890e-01
4.395077370809220008e-01
4.380786245572967363e-01
4.366583187148047052e-01
4.352467443614180809e-01
4.338438271645135291e-01
4.324494934264220269e-01
4.310636703083423060e-01
4.296862855768593392e-01
4.283172678572436665e-01
4.269565463522522752e-01
4.256040511196471088e-01
4.242597127732330997e-01
4.229234627691433324e-01
4.215952331103378636e-01
4.202749566150788540e-01
4.189625666556123784e-01
4.176579973755508712e-01
4.163611834971812087e-01
4.150720604536002889e-01
4.137905642968914832e-01
4.125166317165648300e-01
4.112502000711360517e-01
4.099912072786612849e-01
4.087395919749399753e-01
4.074952932868755595e-01
4.062582510894447996e-01
4.050284057102155888e-01
4.038056982152668506e-01
4.025900701323785746e-01
4.013814636687280668e-01
4.001798215478646337e-01
3.989850870777182368e-01
3.977972041615636667e-01
3.966161171830253074e-01
3.954417711918271627e-01
3.942741116433217119e-01
3.931130846796473399e-01
3.919586368436429047e-01
3.908107153060936811e-01
3.896692677073517741e-01
3.885342422012824648e-01
3.874055875115751668e-01
3.862832527601822163e-01
3.851671877069674510e-01
3.840573424633902389e-01
3.829536677515856247e-01
3.818561147013269097e-01
3.807646349363324467e-01
3.796791806018107174e-01
3.785997042073140362e-01
3.775261588627908949e-01
3.764584979984224034e-01
3.753966756038266683e-01
3.743406460673685543e-01
3.732903641996571098e-01
3.722457853349792622e-01
3.712068651121875340e-01
3.701735597374312681e-01
3.691458257345892613e-01
3.681236200910175671e-01
3.671069002386390667e-01
3.660956239229028464e-01
3.650897494295011203e-01
3.640892353192249908e-01
3.630940406282047173e-01
3.621041247801691232e-01
3.611194475151283667e-01
3.601399690809789500e-01
3.591656499768094424e-01
3.581964511659895267e-01
3.572323339683576293e-01
3.562732600052124776e-01
3.553191913824763626e-01
3.543700904407849350e-01
3.534259199567016396e-01
3.524866430561358066e-01
3.515522231340372783e-01
3.506226240557239748e-01
3.496978099129429696e-01
3.487777451870323620e-01
3.478623947231872515e-01
3.469517235935925537e-01
3.460456973234257161e-01
3.451442816741546737e-01
3.442474427295384443e-01
3.433551469662766698e-01
3.424673610544596847e-01
3.415840520742028930e-01
3.407051873821841936e-01
3.398307345752969999e-01
3.389606616666726580e-01
3.380949368605296601e-01
3.372335286886971040e-01
3.363764060233860875e-01
3.355235379137929685e-01
3.346748937979180383e-01
3.338304433571216423e-01
3.329901564928547386e-01
3.321540034944736597e-01
3.313219548262619218e-01
3.304939812406793020e-01
3.296700538210144971e-01
3.288501438048281877e-01
3.280342227723693771e-01
3.272222625592820511e-01
3.264142351716444179e-01
3.256101129797384641e-01
3.248098685426940024e-01
3.240134746306180813e-01
3.232209043596346310e-01
3.224321309940987312e-01
3.216471280547543721e-01
3.208658693652660654e-01
3.200883288815986050e-01
3.193144808526369172e-01
3.185442997797790499e-01
3.177777602978655858e-01
3.170148373566419875e-01
3.162555061113600519e-01
3.154997418626200867e-01
3.147475202321657339e-01
3.139988170091579378e-01
3.132536081456374077e-01
3.125118699071583461e-01
3.117735786995438074e-01
3.110387111095729296e-01
3.103072440212771288e-01
3.095791544412250795e-01
3.088544195719273300e-01
3.081330168939805381e-01
3.074149239991006977e-01
3.067001186854915185e-01
3.059885790109087567e-01
3.052802831367242287e-01
3.045752094366276364e-01
3.038733365279071008e-01
3.031746431261845287e-01
3.024791081607555721e-01
3.017867107920715330e-01
3.010974302747691511e-01
3.004112460744365887e-01
2.997281378792070461e-01
2.990480854678091438e-01
2.983710688234635922e-01
2.976970681471139413e-01
2.970260637271292525e-01
2.963580360463784480e-01
2.956929658041281828e-01
2.950308337845416462e-01
2.943716209528631222e-01
2.937153084923658786e-01
2.930618776698369343e-01
2.924113099164631357e-01
2.917635868851332082e-01
2.911186903127484515e-01
2.904766020811195282e-01
2.898373042979868752e-01
2.892007791583778298e-01
2.885670089810085659e-01
2.879359763129424321e-01
2.873076637955914170e-01
2.866820541731958660e-01
2.860591304153475289e-01
2.854388755981288051e-01
2.848212728826367002e-01
2.842063056429526835e-01
2.835939573781588452e-01
2.829842116590668422e-01
2.823770522467289878e-01
2.817724630508000039e-01
2.811704280453448113e-01
2.805709313629988211e-01
2.799739573099421230e-01
2.793794902568229599e-01
2.787875146964605699e-01
2.781980153148879698e-01
2.776109768713398429e-01
2.770263842137028476e-01
2.764442223873542770e-01
2.758644765303142066e-01
2.752871318468207984e-01
2.747121737184502477e-01
2.741395876512165986e-01
2.735693592067617863e-01
2.730014740852618194e-01
2.724359181460550006e-01
2.718726773060369251e-01
2.713117375766876394e-01
2.707530851499068136e-01
2.701967062908821049e-01
2.696425873281827479e-01
2.690907147586412695e-01
2.685410751862691847e-01
2.679936552650828419e-01
2.674484417751106236e-01
2.669054216444956551e-01
2.663645818541919841e-01
2.658259094635013753e-01
2.652893917000028745e-01
2.647550158651061358e-01
2.642227693115448139e-01
2.636926395341839258e-01
2.631646141448015230e-01
2.626386808002964535e-01
2.621148272476998553e-01
2.615930413883731931e-01
2.610733111818235863e-01
2.605556246399950426e-01
2.600399699189021585e-01
2.595263352723862771e-01
2.590147089957526849e-01
2.585050794762349113e-01
2.579974352434784568e-01
2.574917648785287616e-01
2.569880570123630470e-01
2.564863004134297908e-01
2.559864839410430082e-01
2.554885964931651876e-01
2.549926270511124748e-01
2.544985647331103329e-01
2.540063987073549190e-01
2.535161181858677226e-01
2.530277125048191467e-01
2.525411710948601840e-01
2.520564834232702500e-01
2.515736390238550446e-01
2.510926275651554906e-01
2.506134387701660082e-01
2.501360623987739507e-01
2.496604883127186425e-01
2.491867064805355081e-01
2.487147069077334516e-01
2.482444796472163817e-01
2.477760148770168092e-01
2.473093028443878183e-01
2.468443338290333688e-01
2.463810981809852196e-01
2.459195863707026863e-01
2.454597889124715548e-01
2.450016963546373383e-01
2.445452993422442545e-01
2.440905886155992632e-01
2.436375549479601610e-01
2.431861891539738307e-01
2.427364821618330226e-01
2.422884249666885925e-01
2.418420085930712560e-01
2.413972241207776037e-01
2.409540627440583671e-01
2.405125157030299776e-01
2.400725742666482698e-01
2.396342297766136387e-01
2.391974736762391973e-01
2.387622974431800604e-01
2.383286925853209115e-01
2.378966506984042939e-01
2.374661634619158468e-01
2.370372225840338132e-01
2.366098198065428315e-01
2.361839469688126469e-01
2.357595959766790872e-01
2.353367587620544266e-01
2.349154272953787315e-01
2.344955936484751091e-01
2.340772499456258149e-01
2.336603883359065215e-01
2.332450010125789730e-01
2.328310802691263559e-01
2.324186184414906153e-01
2.320076078895808025e-01
2.315980410228357378e-01
2.311899103466972250e-01
2.307832084025428221e-01
2.303779277550383475e-01
2.299740610223361681e-01
2.295716009135096713e-01
2.291705401693832911e-01
2.287708715534470805e-01
2.283725878847701896e-01
2.279756820687344199e-01
2.275801470398125803e-01
2.271859757544932024e-01
2.267931612249832474e-01
2.264016965463093722e-01
2.260115748409783909e-01
2.256227892527856715e-01
2.252353329795072912e-01
2.248491992995606814e-01
2.244643815180495383e-01
2.240808729605732463e-01
2.236986670032329871e-01
2.233177571017943563e-01
2.229381367386935597e-01
2.225597994160649074e-01
2.221827386815209693e-01
2.218069481621674222e-01
2.214324215126722284e-01
2.210591524066777003e-01
2.206871345570865783e-01
2.203163617561734733e-01
2.199468278258982223e-01
2.195785266065662655e-01
2.192114519710130494e-01
2.188455978701108195e-01
2.184809582883266432e-01
2.181175272278796096e-01
2.177552987172890753e-01
2.173942668589314009e-01
2.170344257950840017e-01
2.166757696852640025e-01
2.163182927102854924e-01
2.159619891168913508e-01
2.156068532002650695e-01
2.152528792727503304e-01
2.149000616646181971e-01
2.145483947604567843e-01
2.141978730028545053e-01
2.138484908526485095e-01
2.135002427868656072e-01
2.131531233229392863e-01
2.128071270442536689e-01
2.124622485559388430e-01
2.121184824786384593e-01
2.117758234603628886e-01
2.114342662169179654e-01
2.110938054936565278e-01
2.107544360509503167e-01
2.104161526680823902e-01
2.100789501836339834e-01
2.097428234788010770e-01
2.094077674497551167e-01
2.090737770077021607e-01
2.087408471069861493e-01
2.084089727583275931e-01
2.080781489898902437e-01
2.077483708438593313e-01
2.074196333885822696e-01
2.070919317547930683e-01
2.067652610989562378e-01
2.064396165911131231e-01
2.061149934176304543e-01
2.057913868172539518e-01
2.054687920705139392e-01
2.051472044717442822e-01
2.048266193284754011e-01
2.045070319810282922e-01
2.041884378260519217e-01
2.038708322787167182e-01
2.035542107668769363e-01
2.032385687359545556e-01
2.029239016853588706e-01
2.026102051475917043e-01
2.022974746675933744e-01
2.019857058027948460e-01
2.016748941449545141e-01
2.013650353369672019e-01
2.010561250376226017e-01
2.007481589175648951e-01
2.004411326642480395e-01
2.001350420165623756e-01
1.998298827438912129e-01
1.995256506272176378e-01
1.992223414591053343e-01
1.989199510626323553e-01
1.986184753103997780e-01
1.983179100906966585e-01
1.980182513028948821e-01
1.977194948604187874e-01
1.974216367224281288e-01
1.971246728812091065e-01
1.968285993401522049e-01
1.965334121133479328e-01
1.962391072374174983e-01
1.959456807985219817e-01
1.956531289012276298e-01
1.953614476604661754e-01
1.950706332022613954e-01
1.947806816878535074e-01
1.944915893184667732e-01
1.942033523071288181e-01
1.939159668768739575e-01
1.936294292648524928e-01
1.933437357525676359e-01
1.930588826483540243e-01
1.927748662703667737e-01
1.924916829464249080e-01
1.922093290248656494e-01
1.919278008995522200e-01
1.916470949811827362e-01
1.913672076898197127e-01
1.910881354551751954e-01
1.908098747357503122e-01
1.905324220296416848e-01
1.902557738466651993e-01
1.899799267056807017e-01
1.897048771361039554e-01
1.894306217030014006e-01
1.891571570028154903e-01
1.888844796414634042e-01
1.886125862335970849e-01
1.883414734063131035e-01
1.880711378263211497e-01
1.878015761841483611e-01
1.875327851788981814e-01
1.872647615181112224e-01
1.869975019243149961e-01
1.867310031606774223e-01
1.864652620084884527e-01
1.862002752572207986e-01
1.859360397045003166e-01
1.856725521656187872e-01
