1.000000000000000000e+00
9.947768435360276884e-01
9.895730982497188410e-01
9.843895231455168648e-01
9.792267124522637811e-01
9.740852466962444112e-01
9.689656822772587663e-01
9.638685510826826564e-01
9.587943613302751800e-01
9.537435979302840705e-01
9.487167228270996233e-01
9.437141754885989275e-01
9.387363733345679417e-01
9.337837121169458854e-01
9.288565663931244165e-01
9.239552899960197241e-01
9.190802164717396527e-01
9.142316595030377524e-01
9.094099133980751981e-01
9.046152535599716327e-01
8.998479369454149834e-01
8.951082025145541410e-01
8.903962716888251805e-01
8.857123488316259730e-01
8.810566217097484110e-01
8.764292619514809646e-01
8.718304255027516936e-01
8.672602530781370334e-01
8.627188706088450010e-01
8.582063896970538730e-01
8.537229080592685371e-01
8.492685099638012103e-01
8.448432666632660348e-01
8.404472368217028588e-01
8.360804669359647168e-01
8.317429917510354986e-01
8.274348346689841538e-01
8.231560081512799831e-01
8.189065141142344295e-01
8.146863443173149033e-01
8.104954807442334985e-01
8.063338959767013536e-01
8.022015535604313241e-01
7.980984083634518056e-01
7.940244069266779725e-01
7.899794878066601633e-01
7.859635819104551224e-01
7.819766128225827950e-01
7.780184971240470260e-01
7.740891447033573236e-01
7.701884590595000635e-01
7.663163375971425717e-01
7.624726719139470754e-01
7.586573480800439251e-01
7.548702469097462453e-01
7.511112442255646338e-01
7.473802111146030658e-01
7.436770141774148302e-01
7.400015157694099788e-01
7.363535742349058832e-01
7.327330441339197087e-01
7.291397764618074984e-01
7.255736188614048121e-01
7.220344158260534329e-01
7.185220088999275667e-01
7.150362368714676675e-01
7.115769359591499477e-01
7.081439399908063814e-01
7.047370805766246527e-01
7.013561872758771187e-01
6.980010877547272452e-01
6.946716079398578270e-01
6.913675721720214939e-01
6.880888033500668355e-01
6.848351230690077340e-01
6.816063517525455806e-01
6.784023087770499894e-01
6.752228125936459158e-01
6.720676808509720157e-01
6.689367305081569404e-01
6.658297779425154106e-01
6.627466390505833971e-01
6.596871293462509556e-01
6.566510640609766192e-01
6.536382582346350612e-01
6.506485268012043299e-01
6.476816846698315588e-01
6.447375468069678206e-01
6.418159283135193016e-01
6.389166444953257029e-01
6.360395109314507245e-01
6.331843435430219991e-01
6.303509586549111976e-01
6.275391730523587341e-01
6.247488040390749564e-01
6.219796694965549211e-01
6.192315879292499270e-01
6.165043785089011630e-01
6.137978611286918351e-01
6.111118564494388838e-01
6.084461859288622376e-01
6.058006718597659379e-01
6.031751374253462306e-01
6.005694067197659969e-01
5.979833047695308768e-01
5.954166575831503216e-01
5.928692921828280227e-01
5.903410366057760816e-01
5.878317199408386040e-01
5.853411723762677044e-01
5.828692251851960160e-01
5.804157107477937450e-01
5.779804626107420962e-01
5.755633154631498716e-01
5.731641051455684810e-01
5.707826687171221325e-01
5.684188444232332049e-01
5.660724716959225633e-01
5.637433912273488446e-01
5.614314449242266969e-01
5.591364759090311498e-01
5.568583285967836360e-01
5.545968486290633326e-01
5.523518828921972768e-01
5.501232795841628498e-01
5.479108881283156762e-01
5.457145592275496337e-01
5.435341448937339726e-01
5.413694983593484444e-01
5.392204741761120745e-01
5.370869281733813283e-01
5.349687174116063426e-01
5.328657002953858246e-01
5.307777364551627963e-01
5.287046867988148824e-01
5.266464135481396802e-01
5.246027801214592223e-01
5.225736512699472591e-01
5.205588929727190672e-01
5.185583724464857269e-01
5.165719582227200624e-01
5.145995199964713551e-01
5.126409287787662139e-01
5.106960567785107097e-01
5.087647774219974384e-01
5.068469654181633199e-01
5.049424966039161022e-01
5.030512481214707288e-01
5.011730982430864234e-01
4.993079264699158415e-01
4.974556135063282758e-01
4.956160411776620589e-01
4.937890925754508942e-01
4.919746518492693621e-01
4.901726044067864496e-01
4.883828367279299809e-01
4.866052364722286971e-01
4.848396924334651414e-01
4.830860944843021199e-01
4.813443336915979032e-01
4.796143021214044899e-01
4.778958930564292662e-01
4.761890007468405073e-01
4.744935206290412100e-01
4.728093491224030220e-01
4.711363837649055197e-01
4.694745231176187805e-01
4.678236667794328230e-01
4.661837154156756036e-01
4.645545706527937080e-01
4.629361352169489852e-01
4.613283127327688082e-01
4.597310079409775985e-01
4.581441264364174981e-01
4.565675749276792983e-01
4.550012609512867345e-01
4.534450931386668215e-01
4.518989809368057498e-01
4.503628348583761931e-01
4.488365662264602318e-01
4.473200873965529900e-01
4.458133115312638561e-01
4.443161527926354770e-01
4.428285261449975696e-01
4.413503475221056682e-01
4.398815336516355701e-01
4.384220022051994459e-01
4.369716716353261865e-01
4.355304613183175744e-01
4.340982913932536214e-01
4.326750829084479166e-01
4.312607576516667152e-01
4.298552383108665276e-01
4.284584482853214804e-01
4.270703118703442769e-01
4.256907540405572843e-01
4.243197006660686110e-01
4.229570782621834835e-01
4.216028142404403822e-01
4.202568366243410458e-01
4.189190743319015087e-01
4.175894568654612837e-01
4.162679146120593088e-01
4.149543785274376062e-01
4.136487804276111624e-01
4.123510526990876168e-01
4.110611285459628284e-01
4.097789417639817189e-01
4.085044269052836019e-01
4.072375191526804716e-01
4.059781543690990646e-01
4.047262690994227197e-01
4.034818004853502615e-01
4.022446864032790392e-01
4.010148652499316291e-01
3.997922761937937053e-01
3.985768588747091723e-01
3.973685537030279269e-01
3.961673015600134518e-01
3.949730440433303902e-01
3.937857232715838984e-01
3.926052819842688058e-01
3.914316635219440843e-01
3.902648117359678870e-01
3.891046711561703120e-01
3.879511867372296696e-01
3.868043041437813634e-01
3.856639694479861435e-01
3.845301293815133747e-01
3.834027311460360687e-01
3.822817224883244269e-01
3.811670517280147386e-01
3.800586676061639135e-01
3.789565195150123578e-01
3.778605572073500118e-01
3.767707310725035841e-01
3.756869919060242258e-01
3.746092910264887110e-01
3.735375802736320416e-01
3.724718118725172666e-01
3.714119386594810224e-01
3.703579137968212587e-01
3.693096910306229996e-01
3.682672245016970214e-01
3.672304687987600902e-01
3.661993790346669275e-01
3.651739106402271950e-01
3.641540196290043996e-01
3.631396623305198079e-01
3.621307955625283626e-01
3.611273765827249793e-01
3.601293629803631324e-01
3.591367128925717633e-01
3.581493847330572411e-01
3.571673374128093714e-01
3.561905302238185245e-01
3.552189227936110028e-01
3.542524752610917149e-01
3.532911480190146780e-01
3.523349019441597285e-01
3.513836982622990934e-01
3.504374985191557323e-01
3.494962647472941164e-01
3.485599592156607973e-01
3.476285446480101848e-01
3.467019841094140520e-01
3.457802409501515850e-01
3.448632789944043320e-01
3.439510622915664118e-01
3.430435552995403370e-01
3.421407228323637417e-01
3.412425299426603553e-01
3.403489421439283569e-01
3.394599251803853690e-01
3.385754451370117657e-01
3.376954684863646139e-01
3.368199618993799604e-01
3.359488924705552604e-01
3.350822275619129154e-01
3.342199347906953943e-01
3.333619821910200898e-01
3.325083379856414445e-01
3.316589707416127686e-01
3.308138493585469631e-01
3.299729429192756469e-01
3.291362209062227429e-01
3.283036530360688432e-01
3.274752092595268893e-01
3.266508599150977910e-01
3.258305755127737791e-01
3.250143268662759044e-01
3.242020851128216696e-01
3.233938215470668065e-01
3.225895078185443965e-01
3.217891158224570058e-01
3.209926176337906667e-01
3.201999856967577274e-01
3.194111926367387277e-01
3.186262113036012478e-01
3.178450148904023442e-01
3.170675767354351193e-01
3.162938704473524654e-01
3.155238699302113092e-01
3.147575492216698190e-01
3.139948826643997881e-01
3.132358448440211163e-01
3.124804104846778396e-01
3.117285546339829128e-01
3.109802525354670166e-01
3.102354795863178638e-01
3.094942115088752388e-01
3.087564241847881585e-01
3.080220936692850686e-01
3.072911963304995053e-01
3.065637086710565340e-01
3.058396073862484354e-01
3.051188694647410382e-01
3.044014720139477381e-01
3.036873923491526517e-01
3.029766080577039333e-01
3.022690968358325847e-01
3.015648365979529677e-01
3.008638055106807041e-01
3.001659818431488547e-01
2.994713440880669708e-01
2.987798709736297353e-01
2.980915413260111224e-01
2.974063341958558815e-01
2.967242288564735930e-01
2.960452046753782596e-01
2.953692412414629098e-01
2.946963183575543876e-01
2.940264159171325220e-01
2.933595140283638547e-01
2.926955930086062030e-01
2.920346332624337848e-01
2.913766153990045016e-01
2.907215202356233097e-01
2.900693286737427989e-01
2.894200218059187479e-01
2.887735809350255867e-01
2.881299874459217758e-01
2.874892228977461439e-01
2.868512690645430574e-01
2.862161078018469751e-01
2.855837211195830783e-01
2.849540912482620980e-01
2.843272005019820692e-01
2.837030313271299842e-01
2.830815663952967465e-01
2.824627884673879819e-01
2.818466804141044335e-01
2.812332253315646957e-01
2.806224064157249454e-01
2.800142069524236832e-01
2.794086104441741436e-01
2.788056005102991231e-01
2.782051608446664548e-01
2.776072753379357771e-01
2.770119280206212453e-01
2.764191029883489303e-01
2.758287845035432007e-01
2.752409569942608214e-01
2.746556049515673781e-01
2.740727129969747766e-01
2.734922659399666722e-01
2.729142486595736439e-01
2.723386461296912753e-01
2.717654435214489350e-01
2.711946260923169261e-01
2.706261791692180507e-01
2.700600882614111464e-01
2.694963389943345611e-01
2.689349170497198349e-01
2.683758082554477120e-01
2.678189985911616500e-01
2.672644740921859552e-01
2.667122208954301188e-01
2.661622253150986994e-01
2.656144737340427331e-01
2.650689526020226783e-01
2.645256485407710967e-01
2.639845482714669456e-01
2.634456385659833533e-01
2.629089063293635897e-01
2.623743386077022621e-01
2.618419224979194881e-01
2.613116451811987040e-01
2.607834940054852835e-01
2.602574563872381841e-01
2.597335197963466236e-01
2.592116718502033290e-01
2.586919002753886865e-01
2.581741928429668320e-01
2.576585374208206769e-01
2.571449220268224312e-01
2.566333347333750181e-01
2.561237636681503727e-01
2.556161971066637228e-01
2.551106234148992624e-01
2.546070310001991022e-01
2.541054083684050613e-01
2.536057441626656250e-01
2.531080270745379446e-01
2.526122458483409106e-01
2.521183893692305888e-01
2.516264466061378102e-01
2.511364065664762890e-01
2.506482583472499082e-01
2.501619911777940852e-01
2.496775943342498250e-01
2.491950571387095137e-01
2.487143690416037944e-01
2.482355195807791626e-01
2.477584983300869792e-01
2.472832949353243881e-01
2.468098991744433479e-01
2.463383008756753478e-01
2.458684899051600536e-01
2.454004562363317488e-01
2.449341899428630620e-01
2.444696811340089648e-01
2.440069199697539881e-01
2.435458967366749827e-01
2.430866017845232097e-01
2.426290254954581171e-01
2.421731583275425481e-01
2.417189908551999056e-01
2.412665136936046895e-01
2.408157174931047084e-01
2.403665930056435585e-01
2.399191310720378001e-01
2.394733225648851549e-01
2.390291584010083847e-01
2.385866296126745445e-01
2.381457272931297997e-01
2.377064425647296975e-01
2.372687666098610426e-01
2.368326907230050571e-01
2.363982062406764229e-01
2.359653045285425577e-01
2.355339770302531943e-01
2.351042152860307877e-01
2.346760108683517143e-01
2.342493553810307549e-01
2.338242405201146068e-01
2.334006580593558089e-01
2.329785998001744907e-01
2.325580575796730443e-01
2.321390233352348398e-01
2.317214890648123249e-01
2.313054467919795076e-01
2.308908885819205836e-01
2.304778066018313698e-01
2.300661930662973587e-01
2.296560402144867674e-01
2.292473403337406401e-01
2.288400858101862223e-01
2.284342690684577903e-01
2.280298825570656884e-01
2.276269187785023018e-01
2.272253703284115578e-01
2.268252298352924079e-01
2.264264899509615681e-01
2.260291433853033327e-01
2.256331829354511487e-01
2.252386014277878157e-01
2.248453917114932032e-01
2.244535466958746950e-01
2.240630593724649566e-01
2.236739227597416002e-01
2.232861298983817300e-01
2.228996738892433938e-01
2.225145479117837666e-01
2.221307451709709779e-01
2.217482588932366550e-01
2.213670823633674678e-01
2.209872089426551667e-01
2.206086320171339321e-01
2.202313449934415468e-01
2.198553413329969453e-01
2.194806145730456015e-01
2.191071582754355873e-01
2.187349660217175196e-01
2.183640314430469742e-01
2.179943482467875671e-01
2.176259101655159955e-01
2.172587109506803615e-01
2.168927443968043933e-01
2.165280043754036488e-01
2.161644847848587792e-01
2.158021795417327804e-01
2.154410825983181788e-01
2.150811879839623908e-01
2.147224897580813641e-01
2.143649819976796989e-01
2.140086588083563723e-01
2.136535143703566231e-01
2.132995428995034526e-01
2.129467386286479080e-01
2.125950958133402124e-01
2.122446087774195467e-01
2.118952718884171971e-01
2.115470795305759988e-01
2.112000261066933338e-01
2.108541060773237719e-01
2.105093139565067939e-01
2.101656442755620025e-01
2.098230915820700759e-01
2.094816504677322611e-01
2.091413155868958040e-01
2.088020816137766134e-01
2.084639432379538637e-01
2.081268951791966082e-01
2.077909322243199353e-01
2.074560491863852163e-01
2.071222408933230397e-01
2.067895021933212063e-01
2.064578279959507767e-01
2.061272132490058473e-01
2.057976529148617117e-01
2.054691419712326717e-01
2.051416754424143507e-01
2.048152484052539468e-01
2.044898559527832393e-01
2.041654931919192340e-01
2.038421552585730490e-01
2.035198373499433888e-01
2.031985346860473440e-01
2.028782425003392564e-01
2.025589560436575620e-01
2.022406706215387762e-01
2.019233815771079854e-01
2.016070842668195029e-01
2.012917740603549777e-01
2.009774463634677877e-01
2.006640966354288347e-01
2.003517203522575119e-01
2.000403130025229237e-01
1.997298700939224014e-01
1.994203871893964197e-01
1.991118598811551232e-01
1.988042837736055390e-01
1.984976544837965817e-01
1.981919676662822483e-01
1.978872190235794193e-01
1.975834042727174777e-01
1.972805191424515103e-01
1.969785593799194545e-01
1.966775207847620000e-01
1.963773991834829868e-01
1.960781904139724252e-01
1.957798903257783329e-01
1.954824948020169040e-01
1.951859997725124141e-01
1.948904011812776227e-01
1.945956949832856053e-01
1.943018771486770546e-01
1.940089436950890867e-01
1.937168906695845572e-01
1.934257141299950689e-01
1.931354101447637084e-01
1.928459748075170288e-01
1.925574042598849900e-01
1.922696946597354795e-01
1.919828421751846592e-01
1.916968429858610101e-01
1.914116933092800121e-01
1.911273893995386886e-01
1.908439275217329034e-01
1.905613039508517181e-01
1.902795149773823802e-01
1.899985569372142635e-01
1.897184261897451318e-01
1.894391191039908051e-01
1.891606320585489387e-01
1.888829614550326663e-01
1.886061037391406625e-01
1.883300553713581349e-01
1.880548128214265813e-01
1.877803725689461134e-01
1.875067311249884461e-01
1.872338850373070906e-01
1.869618308643457294e-01
1.866905651734863392e-01
1.864200845433718057e-01
1.861503855903380855e-01
1.858814649587754164e-01
1.856133193020942374e-01
1.853459452823369713e-01
1.850793395752783344e-01
1.848134988972585935e-01
1.845484199853705820e-01
1.842840995851011687e-01
1.840205344502743035e-01
1.837577213515679542e-01
1.834956571000052883e-01
1.832343385222743593e-01
1.829737624531453943e-01
1.827139257354710999e-01
1.824548252320410124e-01
