# z Rnl_fid
0.00    2.3013009590
0.10    2.0655902199
0.20    1.8478640925
0.30    1.6490373162
0.40    1.4691114876
0.50    1.3074338697
0.60    1.1629261308
0.70    1.0342684143
0.80    0.9200365283
0.90    0.8187973290
1.00    0.7291704098
1.10    0.6498645205
1.20    0.5796960887
1.30    0.5175957113
1.40    0.4626069891
1.50    0.4138808107
1.60    0.3706671959
1.70    0.3323060785
1.80    0.2982179011
1.90    0.2678945441
2.00    0.2408908717
2.10    0.2168170290
2.20    0.1953315333
2.30    0.1761351430
2.40    0.1589654597
2.50    0.1435922015
2.60    0.1298130788
2.70    0.1174502055
2.80    0.1063469810
2.90    0.0963653837
3.00    0.0873836227
3.10    0.0792941003
3.20    0.0720016436
3.30    0.0654219680
3.40    0.0594803434
3.50    0.0541104321
3.60    0.0492532784
3.70    0.0448564265
3.80    0.0408731519
3.90    0.0372617888
4.00    0.0339851426
4.10    0.0310099750
4.20    0.0283065521
4.30    0.0258482481
4.40    0.0236111970
4.50    0.0215739856
4.60    0.0197173836
4.70    0.0180241054
4.80    0.0164786002
4.90    0.0150668658
5.00    0.0137762851
5.10    0.0125954808
5.20    0.0115141880
5.30    0.0105231403
5.40    0.0096139718
5.50    0.0087791291
5.60    0.0080117956
5.70    0.0073058259
5.80    0.0066556890
5.90    0.0060564206
6.00    0.0055035807
