# The (real space) HaloFit power spectrum from CLASS.
#      k[h/Mpc]            P(k)
    1.00000e-04     4.39175e+02
    1.00578e-04     4.41615e+02
    1.01158e-04     4.44069e+02
    1.01743e-04     4.46536e+02
    1.02330e-04     4.49018e+02
    1.02921e-04     4.51513e+02
    1.03516e-04     4.54022e+02
    1.04114e-04     4.56544e+02
    1.04715e-04     4.59081e+02
    1.05320e-04     4.61632e+02
    1.05928e-04     4.64197e+02
    1.06540e-04     4.66776e+02
    1.07155e-04     4.69370e+02
    1.07774e-04     4.71978e+02
    1.08396e-04     4.74600e+02
    1.09022e-04     4.77237e+02
    1.09652e-04     4.79889e+02
    1.10285e-04     4.82555e+02
    1.10922e-04     4.85236e+02
    1.11563e-04     4.87932e+02
    1.12207e-04     4.90643e+02
    1.12855e-04     4.93369e+02
    1.13507e-04     4.96110e+02
    1.14163e-04     4.98867e+02
    1.14822e-04     5.01638e+02
    1.15485e-04     5.04425e+02
    1.16152e-04     5.07228e+02
    1.16823e-04     5.10046e+02
    1.17498e-04     5.12880e+02
    1.18176e-04     5.15729e+02
    1.18859e-04     5.18594e+02
    1.19545e-04     5.21475e+02
    1.20236e-04     5.24372e+02
    1.20930e-04     5.27286e+02
    1.21629e-04     5.30215e+02
    1.22331e-04     5.33160e+02
    1.23038e-04     5.36122e+02
    1.23748e-04     5.39101e+02
    1.24463e-04     5.42095e+02
    1.25182e-04     5.45107e+02
    1.25905e-04     5.48135e+02
    1.26632e-04     5.51180e+02
    1.27363e-04     5.54242e+02
    1.28099e-04     5.57321e+02
    1.28839e-04     5.60417e+02
    1.29583e-04     5.63530e+02
    1.30331e-04     5.66660e+02
    1.31084e-04     5.69808e+02
    1.31841e-04     5.72973e+02
    1.32602e-04     5.76156e+02
    1.33368e-04     5.79356e+02
    1.34138e-04     5.82574e+02
    1.34913e-04     5.85810e+02
    1.35692e-04     5.89064e+02
    1.36476e-04     5.92336e+02
    1.37264e-04     5.95626e+02
    1.38057e-04     5.98934e+02
    1.38854e-04     6.02261e+02
    1.39656e-04     6.05606e+02
    1.40463e-04     6.08969e+02
    1.41274e-04     6.12352e+02
    1.42090e-04     6.15753e+02
    1.42911e-04     6.19172e+02
    1.43736e-04     6.22611e+02
    1.44566e-04     6.26069e+02
    1.45401e-04     6.29546e+02
    1.46241e-04     6.33042e+02
    1.47085e-04     6.36558e+02
    1.47935e-04     6.40093e+02
    1.48789e-04     6.43648e+02
    1.49649e-04     6.47222e+02
    1.50513e-04     6.50817e+02
    1.51382e-04     6.54431e+02
    1.52257e-04     6.58065e+02
    1.53136e-04     6.61719e+02
    1.54020e-04     6.65394e+02
    1.54910e-04     6.69089e+02
    1.55805e-04     6.72804e+02
    1.56704e-04     6.76540e+02
    1.57609e-04     6.80297e+02
    1.58520e-04     6.84074e+02
    1.59435e-04     6.87873e+02
    1.60356e-04     6.91692e+02
    1.61282e-04     6.95533e+02
    1.62214e-04     6.99395e+02
    1.63151e-04     7.03278e+02
    1.64093e-04     7.07183e+02
    1.65041e-04     7.11109e+02
    1.65994e-04     7.15057e+02
    1.66952e-04     7.19027e+02
    1.67917e-04     7.23019e+02
    1.68886e-04     7.27033e+02
    1.69862e-04     7.31069e+02
    1.70843e-04     7.35128e+02
    1.71830e-04     7.39209e+02
    1.72822e-04     7.43313e+02
    1.73820e-04     7.47439e+02
    1.74824e-04     7.51588e+02
    1.75834e-04     7.55761e+02
    1.76849e-04     7.59956e+02
    1.77871e-04     7.64174e+02
    1.78898e-04     7.68416e+02
    1.79931e-04     7.72681e+02
    1.80970e-04     7.76970e+02
    1.82016e-04     7.81283e+02
    1.83067e-04     7.85620e+02
    1.84124e-04     7.89980e+02
    1.85187e-04     7.94365e+02
    1.86257e-04     7.98773e+02
    1.87333e-04     8.03207e+02
    1.88415e-04     8.07664e+02
    1.89503e-04     8.12147e+02
    1.90597e-04     8.16654e+02
    1.91698e-04     8.21186e+02
    1.92805e-04     8.25743e+02
    1.93919e-04     8.30326e+02
    1.95039e-04     8.34933e+02
    1.96165e-04     8.39567e+02
    1.97298e-04     8.44225e+02
    1.98438e-04     8.48910e+02
    1.99584e-04     8.53620e+02
    2.00736e-04     8.58357e+02
    2.01896e-04     8.63120e+02
    2.03062e-04     8.67908e+02
    2.04235e-04     8.72724e+02
    2.05414e-04     8.77566e+02
    2.06600e-04     8.82435e+02
    2.07794e-04     8.87330e+02
    2.08994e-04     8.92253e+02
    2.10201e-04     8.97203e+02
    2.11415e-04     9.02180e+02
    2.12636e-04     9.07185e+02
    2.13864e-04     9.12218e+02
    2.15099e-04     9.17278e+02
    2.16341e-04     9.22366e+02
    2.17591e-04     9.27482e+02
    2.18848e-04     9.32627e+02
    2.20112e-04     9.37800e+02
    2.21383e-04     9.43001e+02
    2.22661e-04     9.48231e+02
    2.23947e-04     9.53490e+02
    2.25241e-04     9.58778e+02
    2.26542e-04     9.64095e+02
    2.27850e-04     9.69442e+02
    2.29166e-04     9.74818e+02
    2.30489e-04     9.80224e+02
    2.31821e-04     9.85659e+02
    2.33160e-04     9.91125e+02
    2.34506e-04     9.96621e+02
    2.35861e-04     1.00215e+03
    2.37223e-04     1.00770e+03
    2.38593e-04     1.01329e+03
    2.39971e-04     1.01891e+03
    2.41357e-04     1.02456e+03
    2.42751e-04     1.03024e+03
    2.44153e-04     1.03595e+03
    2.45563e-04     1.04169e+03
    2.46981e-04     1.04747e+03
    2.48407e-04     1.05327e+03
    2.49842e-04     1.05911e+03
    2.51285e-04     1.06498e+03
    2.52736e-04     1.07088e+03
    2.54196e-04     1.07682e+03
    2.55664e-04     1.08279e+03
    2.57141e-04     1.08879e+03
    2.58626e-04     1.09482e+03
    2.60120e-04     1.10089e+03
    2.61622e-04     1.10699e+03
    2.63133e-04     1.11312e+03
    2.64653e-04     1.11929e+03
    2.66181e-04     1.12549e+03
    2.67718e-04     1.13173e+03
    2.69265e-04     1.13800e+03
    2.70820e-04     1.14430e+03
    2.72384e-04     1.15064e+03
    2.73957e-04     1.15702e+03
    2.75539e-04     1.16343e+03
    2.77131e-04     1.16987e+03
    2.78731e-04     1.17635e+03
    2.80341e-04     1.18287e+03
    2.81960e-04     1.18942e+03
    2.83589e-04     1.19601e+03
    2.85226e-04     1.20263e+03
    2.86874e-04     1.20929e+03
    2.88531e-04     1.21599e+03
    2.90197e-04     1.22272e+03
    2.91873e-04     1.22949e+03
    2.93559e-04     1.23630e+03
    2.95254e-04     1.24314e+03
    2.96959e-04     1.25003e+03
    2.98674e-04     1.25695e+03
    3.00399e-04     1.26390e+03
    3.02134e-04     1.27090e+03
    3.03879e-04     1.27794e+03
    3.05634e-04     1.28501e+03
    3.07400e-04     1.29212e+03
    3.09175e-04     1.29927e+03
    3.10961e-04     1.30646e+03
    3.12756e-04     1.31369e+03
    3.14563e-04     1.32096e+03
    3.16380e-04     1.32827e+03
    3.18207e-04     1.33562e+03
    3.20045e-04     1.34301e+03
    3.21893e-04     1.35044e+03
    3.23752e-04     1.35791e+03
    3.25622e-04     1.36543e+03
    3.27503e-04     1.37298e+03
    3.29394e-04     1.38057e+03
    3.31296e-04     1.38821e+03
    3.33210e-04     1.39589e+03
    3.35134e-04     1.40361e+03
    3.37070e-04     1.41137e+03
    3.39017e-04     1.41918e+03
    3.40975e-04     1.42702e+03
    3.42944e-04     1.43491e+03
    3.44925e-04     1.44285e+03
    3.46917e-04     1.45082e+03
    3.48920e-04     1.45884e+03
    3.50935e-04     1.46691e+03
    3.52962e-04     1.47502e+03
    3.55001e-04     1.48317e+03
    3.57051e-04     1.49137e+03
    3.59113e-04     1.49961e+03
    3.61187e-04     1.50790e+03
    3.63273e-04     1.51623e+03
    3.65371e-04     1.52461e+03
    3.67482e-04     1.53303e+03
    3.69604e-04     1.54150e+03
    3.71739e-04     1.55002e+03
    3.73886e-04     1.55858e+03
    3.76045e-04     1.56719e+03
    3.78217e-04     1.57584e+03
    3.80401e-04     1.58455e+03
    3.82598e-04     1.59330e+03
    3.84808e-04     1.60209e+03
    3.87030e-04     1.61094e+03
    3.89266e-04     1.61983e+03
    3.91514e-04     1.62878e+03
    3.93775e-04     1.63777e+03
    3.96049e-04     1.64681e+03
    3.98337e-04     1.65590e+03
    4.00637e-04     1.66504e+03
    4.02951e-04     1.67423e+03
    4.05278e-04     1.68346e+03
    4.07619e-04     1.69275e+03
    4.09973e-04     1.70209e+03
    4.12341e-04     1.71148e+03
    4.14722e-04     1.72092e+03
    4.17118e-04     1.73042e+03
    4.19527e-04     1.73996e+03
    4.21950e-04     1.74956e+03
    4.24387e-04     1.75921e+03
    4.26838e-04     1.76891e+03
    4.29303e-04     1.77866e+03
    4.31782e-04     1.78846e+03
    4.34276e-04     1.79832e+03
    4.36784e-04     1.80824e+03
    4.39307e-04     1.81820e+03
    4.41844e-04     1.82822e+03
    4.44396e-04     1.83830e+03
    4.46962e-04     1.84843e+03
    4.49544e-04     1.85861e+03
    4.52140e-04     1.86885e+03
    4.54751e-04     1.87914e+03
    4.57378e-04     1.88950e+03
    4.60019e-04     1.89990e+03
    4.62676e-04     1.91036e+03
    4.65348e-04     1.92088e+03
    4.68036e-04     1.93146e+03
    4.70739e-04     1.94209e+03
    4.73458e-04     1.95278e+03
    4.76192e-04     1.96353e+03
    4.78943e-04     1.97434e+03
    4.81709e-04     1.98520e+03
    4.84491e-04     1.99613e+03
    4.87289e-04     2.00711e+03
    4.90103e-04     2.01815e+03
    4.92934e-04     2.02925e+03
    4.95781e-04     2.04041e+03
    4.98644e-04     2.05163e+03
    5.01524e-04     2.06291e+03
    5.04421e-04     2.07425e+03
    5.07334e-04     2.08566e+03
    5.10264e-04     2.09712e+03
    5.13211e-04     2.10865e+03
    5.16175e-04     2.12024e+03
    5.19156e-04     2.13189e+03
    5.22155e-04     2.14360e+03
    5.25170e-04     2.15538e+03
    5.28203e-04     2.16721e+03
    5.31254e-04     2.17912e+03
    5.34322e-04     2.19108e+03
    5.37408e-04     2.20311e+03
    5.40512e-04     2.21521e+03
    5.43634e-04     2.22737e+03
    5.46773e-04     2.23960e+03
    5.49931e-04     2.25189e+03
    5.53107e-04     2.26424e+03
    5.56302e-04     2.27667e+03
    5.59515e-04     2.28916e+03
    5.62746e-04     2.30171e+03
    5.65996e-04     2.31433e+03
    5.69265e-04     2.32703e+03
    5.72553e-04     2.33978e+03
    5.75860e-04     2.35261e+03
    5.79186e-04     2.36551e+03
    5.82531e-04     2.37847e+03
    5.85895e-04     2.39150e+03
    5.89279e-04     2.40461e+03
    5.92682e-04     2.41778e+03
    5.96105e-04     2.43102e+03
    5.99548e-04     2.44433e+03
    6.03011e-04     2.45772e+03
    6.06494e-04     2.47117e+03
    6.09996e-04     2.48470e+03
    6.13519e-04     2.49830e+03
    6.17063e-04     2.51197e+03
    6.20627e-04     2.52571e+03
    6.24211e-04     2.53953e+03
    6.27816e-04     2.55342e+03
    6.31442e-04     2.56738e+03
    6.35089e-04     2.58142e+03
    6.38757e-04     2.59553e+03
    6.42446e-04     2.60972e+03
    6.46156e-04     2.62398e+03
    6.49888e-04     2.63832e+03
    6.53642e-04     2.65274e+03
    6.57417e-04     2.66723e+03
    6.61214e-04     2.68179e+03
    6.65032e-04     2.69644e+03
    6.68873e-04     2.71116e+03
    6.72736e-04     2.72596e+03
    6.76622e-04     2.74083e+03
    6.80530e-04     2.75579e+03
    6.84460e-04     2.77082e+03
    6.88413e-04     2.78594e+03
    6.92389e-04     2.80113e+03
    6.96388e-04     2.81640e+03
    7.00410e-04     2.83176e+03
    7.04455e-04     2.84719e+03
    7.08524e-04     2.86271e+03
    7.12616e-04     2.87830e+03
    7.16731e-04     2.89398e+03
    7.20871e-04     2.90974e+03
    7.25034e-04     2.92559e+03
    7.29222e-04     2.94151e+03
    7.33433e-04     2.95752e+03
    7.37669e-04     2.97362e+03
    7.41930e-04     2.98980e+03
    7.46215e-04     3.00606e+03
    7.50524e-04     3.02241e+03
    7.54859e-04     3.03884e+03
    7.59219e-04     3.05536e+03
    7.63603e-04     3.07197e+03
    7.68014e-04     3.08866e+03
    7.72449e-04     3.10544e+03
    7.76910e-04     3.12231e+03
    7.81398e-04     3.13926e+03
    7.85910e-04     3.15630e+03
    7.90449e-04     3.17343e+03
    7.95015e-04     3.19066e+03
    7.99606e-04     3.20797e+03
    8.04224e-04     3.22537e+03
    8.08869e-04     3.24286e+03
    8.13541e-04     3.26044e+03
    8.18239e-04     3.27811e+03
    8.22965e-04     3.29587e+03
    8.27718e-04     3.31373e+03
    8.32499e-04     3.33168e+03
    8.37307e-04     3.34972e+03
    8.42142e-04     3.36785e+03
    8.47006e-04     3.38608e+03
    8.51898e-04     3.40440e+03
    8.56818e-04     3.42282e+03
    8.61767e-04     3.44133e+03
    8.66744e-04     3.45994e+03
    8.71750e-04     3.47864e+03
    8.76785e-04     3.49744e+03
    8.81848e-04     3.51634e+03
    8.86941e-04     3.53533e+03
    8.92064e-04     3.55442e+03
    8.97216e-04     3.57361e+03
    9.02398e-04     3.59290e+03
    9.07610e-04     3.61228e+03
    9.12852e-04     3.63177e+03
    9.18124e-04     3.65135e+03
    9.23426e-04     3.67103e+03
    9.28760e-04     3.69082e+03
    9.34124e-04     3.71070e+03
    9.39519e-04     3.73069e+03
    9.44945e-04     3.75078e+03
    9.50402e-04     3.77097e+03
    9.55891e-04     3.79127e+03
    9.61412e-04     3.81166e+03
    9.66965e-04     3.83216e+03
    9.72549e-04     3.85277e+03
    9.78166e-04     3.87348e+03
    9.83816e-04     3.89429e+03
    9.89498e-04     3.91521e+03
    9.95212e-04     3.93624e+03
    1.00096e-03     3.95737e+03
    1.00674e-03     3.97861e+03
    1.01256e-03     3.99996e+03
    1.01840e-03     4.02141e+03
    1.02429e-03     4.04297e+03
    1.03020e-03     4.06464e+03
    1.03615e-03     4.08642e+03
    1.04214e-03     4.10831e+03
    1.04815e-03     4.13031e+03
    1.05421e-03     4.15242e+03
    1.06030e-03     4.17464e+03
    1.06642e-03     4.19697e+03
    1.07258e-03     4.21942e+03
    1.07877e-03     4.24197e+03
    1.08500e-03     4.26464e+03
    1.09127e-03     4.28742e+03
    1.09757e-03     4.31032e+03
    1.10391e-03     4.33333e+03
    1.11029e-03     4.35645e+03
    1.11670e-03     4.37969e+03
    1.12315e-03     4.40304e+03
    1.12964e-03     4.42651e+03
    1.13616e-03     4.45010e+03
    1.14272e-03     4.47380e+03
    1.14932e-03     4.49762e+03
    1.15596e-03     4.52156e+03
    1.16264e-03     4.54561e+03
    1.16935e-03     4.56979e+03
    1.17610e-03     4.59408e+03
    1.18290e-03     4.61849e+03
    1.18973e-03     4.64302e+03
    1.19660e-03     4.66768e+03
    1.20351e-03     4.69245e+03
    1.21046e-03     4.71734e+03
    1.21745e-03     4.74236e+03
    1.22448e-03     4.76750e+03
    1.23156e-03     4.79276e+03
    1.23867e-03     4.81814e+03
    1.24582e-03     4.84365e+03
    1.25302e-03     4.86928e+03
    1.26026e-03     4.89504e+03
    1.26753e-03     4.92092e+03
    1.27485e-03     4.94692e+03
    1.28222e-03     4.97306e+03
    1.28962e-03     4.99931e+03
    1.29707e-03     5.02570e+03
    1.30456e-03     5.05221e+03
    1.31210e-03     5.07885e+03
    1.31967e-03     5.10562e+03
    1.32730e-03     5.13251e+03
    1.33496e-03     5.15954e+03
    1.34267e-03     5.18669e+03
    1.35043e-03     5.21398e+03
    1.35823e-03     5.24139e+03
    1.36607e-03     5.26894e+03
    1.37396e-03     5.29661e+03
    1.38190e-03     5.32442e+03
    1.38988e-03     5.35236e+03
    1.39790e-03     5.38043e+03
    1.40598e-03     5.40864e+03
    1.41410e-03     5.43698e+03
    1.42226e-03     5.46545e+03
    1.43048e-03     5.49406e+03
    1.43874e-03     5.52280e+03
    1.44705e-03     5.55168e+03
    1.45541e-03     5.58069e+03
    1.46381e-03     5.60984e+03
    1.47227e-03     5.63912e+03
    1.48077e-03     5.66854e+03
    1.48932e-03     5.69810e+03
    1.49792e-03     5.72780e+03
    1.50658e-03     5.75763e+03
    1.51528e-03     5.78761e+03
    1.52403e-03     5.81772e+03
    1.53283e-03     5.84797e+03
    1.54168e-03     5.87837e+03
    1.55059e-03     5.90890e+03
    1.55954e-03     5.93957e+03
    1.56855e-03     5.97039e+03
    1.57761e-03     6.00134e+03
    1.58672e-03     6.03244e+03
    1.59588e-03     6.06368e+03
    1.60510e-03     6.09507e+03
    1.61437e-03     6.12659e+03
    1.62369e-03     6.15826e+03
    1.63307e-03     6.19008e+03
    1.64250e-03     6.22204e+03
    1.65199e-03     6.25414e+03
    1.66153e-03     6.28639e+03
    1.67113e-03     6.31879e+03
    1.68078e-03     6.35133e+03
    1.69049e-03     6.38402e+03
    1.70025e-03     6.41686e+03
    1.71007e-03     6.44984e+03
    1.71995e-03     6.48297e+03
    1.72988e-03     6.51625e+03
    1.73987e-03     6.54968e+03
    1.74992e-03     6.58326e+03
    1.76003e-03     6.61698e+03
    1.77019e-03     6.65086e+03
    1.78041e-03     6.68488e+03
    1.79070e-03     6.71906e+03
    1.80104e-03     6.75338e+03
    1.81144e-03     6.78786e+03
    1.82190e-03     6.82249e+03
    1.83243e-03     6.85727e+03
    1.84301e-03     6.89220e+03
    1.85365e-03     6.92728e+03
    1.86436e-03     6.96252e+03
    1.87513e-03     6.99791e+03
    1.88596e-03     7.03345e+03
    1.89685e-03     7.06915e+03
    1.90780e-03     7.10500e+03
    1.91882e-03     7.14101e+03
    1.92990e-03     7.17717e+03
    1.94105e-03     7.21348e+03
    1.95226e-03     7.24995e+03
    1.96354e-03     7.28658e+03
    1.97488e-03     7.32336e+03
    1.98628e-03     7.36030e+03
    1.99775e-03     7.39739e+03
    2.00929e-03     7.43464e+03
    2.02090e-03     7.47205e+03
    2.03257e-03     7.50961e+03
    2.04431e-03     7.54734e+03
    2.05611e-03     7.58522e+03
    2.06799e-03     7.62326e+03
    2.07993e-03     7.66145e+03
    2.09194e-03     7.69981e+03
    2.10403e-03     7.73833e+03
    2.11618e-03     7.77700e+03
    2.12840e-03     7.81583e+03
    2.14069e-03     7.85483e+03
    2.15306e-03     7.89398e+03
    2.16549e-03     7.93330e+03
    2.17800e-03     7.97277e+03
    2.19058e-03     8.01240e+03
    2.20323e-03     8.05220e+03
    2.21595e-03     8.09216e+03
    2.22875e-03     8.13227e+03
    2.24162e-03     8.17255e+03
    2.25457e-03     8.21299e+03
    2.26759e-03     8.25359e+03
    2.28069e-03     8.29436e+03
    2.29386e-03     8.33528e+03
    2.30711e-03     8.37637e+03
    2.32043e-03     8.41762e+03
    2.33383e-03     8.45903e+03
    2.34731e-03     8.50061e+03
    2.36087e-03     8.54235e+03
    2.37451e-03     8.58425e+03
    2.38822e-03     8.62631e+03
    2.40201e-03     8.66854e+03
    2.41589e-03     8.71093e+03
    2.42984e-03     8.75348e+03
    2.44387e-03     8.79620e+03
    2.45799e-03     8.83908e+03
    2.47218e-03     8.88213e+03
    2.48646e-03     8.92533e+03
    2.50082e-03     8.96871e+03
    2.51526e-03     9.01224e+03
    2.52979e-03     9.05594e+03
    2.54440e-03     9.09981e+03
    2.55910e-03     9.14383e+03
    2.57388e-03     9.18803e+03
    2.58874e-03     9.23238e+03
    2.60369e-03     9.27690e+03
    2.61873e-03     9.32159e+03
    2.63386e-03     9.36644e+03
    2.64907e-03     9.41145e+03
    2.66437e-03     9.45663e+03
    2.67975e-03     9.50197e+03
    2.69523e-03     9.54748e+03
    2.71080e-03     9.59315e+03
    2.72645e-03     9.63898e+03
    2.74220e-03     9.68498e+03
    2.75804e-03     9.73114e+03
    2.77397e-03     9.77746e+03
    2.78999e-03     9.82395e+03
    2.80610e-03     9.87061e+03
    2.82231e-03     9.91742e+03
    2.83861e-03     9.96440e+03
    2.85500e-03     1.00115e+04
    2.87149e-03     1.00589e+04
    2.88808e-03     1.01063e+04
    2.90476e-03     1.01540e+04
    2.92153e-03     1.02017e+04
    2.93841e-03     1.02497e+04
    2.95538e-03     1.02978e+04
    2.97244e-03     1.03461e+04
    2.98961e-03     1.03945e+04
    3.00688e-03     1.04432e+04
    3.02424e-03     1.04919e+04
    3.04171e-03     1.05408e+04
    3.05928e-03     1.05899e+04
    3.07695e-03     1.06392e+04
    3.09472e-03     1.06886e+04
    3.11259e-03     1.07382e+04
    3.13057e-03     1.07879e+04
    3.14865e-03     1.08378e+04
    3.16683e-03     1.08878e+04
    3.18512e-03     1.09380e+04
    3.20352e-03     1.09884e+04
    3.22202e-03     1.10389e+04
    3.24063e-03     1.10896e+04
    3.25935e-03     1.11405e+04
    3.27817e-03     1.11915e+04
    3.29710e-03     1.12426e+04
    3.31615e-03     1.12939e+04
    3.33530e-03     1.13454e+04
    3.35456e-03     1.13970e+04
    3.37394e-03     1.14488e+04
    3.39342e-03     1.15007e+04
    3.41302e-03     1.15528e+04
    3.43273e-03     1.16051e+04
    3.45256e-03     1.16575e+04
    3.47250e-03     1.17100e+04
    3.49255e-03     1.17627e+04
    3.51272e-03     1.18156e+04
    3.53301e-03     1.18686e+04
    3.55342e-03     1.19217e+04
    3.57394e-03     1.19750e+04
    3.59458e-03     1.20285e+04
    3.61534e-03     1.20821e+04
    3.63622e-03     1.21358e+04
    3.65722e-03     1.21897e+04
    3.67834e-03     1.22438e+04
    3.69959e-03     1.22980e+04
    3.72096e-03     1.23523e+04
    3.74245e-03     1.24068e+04
    3.76406e-03     1.24614e+04
    3.78580e-03     1.25162e+04
    3.80766e-03     1.25711e+04
    3.82965e-03     1.26261e+04
    3.85177e-03     1.26813e+04
    3.87402e-03     1.27367e+04
    3.89639e-03     1.27921e+04
    3.91890e-03     1.28477e+04
    3.94153e-03     1.29035e+04
    3.96429e-03     1.29594e+04
    3.98719e-03     1.30154e+04
    4.01022e-03     1.30715e+04
    4.03338e-03     1.31278e+04
    4.05667e-03     1.31843e+04
    4.08010e-03     1.32408e+04
    4.10367e-03     1.32975e+04
    4.12737e-03     1.33543e+04
    4.15121e-03     1.34113e+04
    4.17518e-03     1.34684e+04
    4.19929e-03     1.35256e+04
    4.22355e-03     1.35829e+04
    4.24794e-03     1.36404e+04
    4.27247e-03     1.36979e+04
    4.29715e-03     1.37556e+04
    4.32197e-03     1.38135e+04
    4.34693e-03     1.38714e+04
    4.37203e-03     1.39295e+04
    4.39729e-03     1.39877e+04
    4.42268e-03     1.40460e+04
    4.44822e-03     1.41044e+04
    4.47392e-03     1.41629e+04
    4.49975e-03     1.42216e+04
    4.52574e-03     1.42803e+04
    4.55188e-03     1.43392e+04
    4.57817e-03     1.43982e+04
    4.60461e-03     1.44573e+04
    4.63121e-03     1.45165e+04
    4.65795e-03     1.45758e+04
    4.68485e-03     1.46352e+04
    4.71191e-03     1.46947e+04
    4.73913e-03     1.47543e+04
    4.76650e-03     1.48140e+04
    4.79402e-03     1.48738e+04
    4.82171e-03     1.49337e+04
    4.84956e-03     1.49937e+04
    4.87757e-03     1.50538e+04
    4.90574e-03     1.51140e+04
    4.93407e-03     1.51743e+04
    4.96257e-03     1.52346e+04
    4.99123e-03     1.52951e+04
    5.02006e-03     1.53556e+04
    5.04905e-03     1.54163e+04
    5.07821e-03     1.54770e+04
    5.10754e-03     1.55377e+04
    5.13704e-03     1.55986e+04
    5.16671e-03     1.56596e+04
    5.19655e-03     1.57206e+04
    5.22656e-03     1.57817e+04
    5.25675e-03     1.58428e+04
    5.28711e-03     1.59041e+04
    5.31764e-03     1.59654e+04
    5.34835e-03     1.60267e+04
    5.37924e-03     1.60882e+04
    5.41031e-03     1.61497e+04
    5.44156e-03     1.62112e+04
    5.47299e-03     1.62728e+04
    5.50459e-03     1.63345e+04
    5.53639e-03     1.63962e+04
    5.56836e-03     1.64580e+04
    5.60052e-03     1.65198e+04
    5.63287e-03     1.65817e+04
    5.66540e-03     1.66436e+04
    5.69812e-03     1.67056e+04
    5.73103e-03     1.67676e+04
    5.76413e-03     1.68296e+04
    5.79742e-03     1.68917e+04
    5.83090e-03     1.69538e+04
    5.86458e-03     1.70159e+04
    5.89845e-03     1.70781e+04
    5.93252e-03     1.71402e+04
    5.96678e-03     1.72025e+04
    6.00124e-03     1.72647e+04
    6.03590e-03     1.73269e+04
    6.07076e-03     1.73892e+04
    6.10582e-03     1.74515e+04
    6.14108e-03     1.75138e+04
    6.17655e-03     1.75761e+04
    6.21223e-03     1.76384e+04
    6.24810e-03     1.77007e+04
    6.28419e-03     1.77630e+04
    6.32048e-03     1.78253e+04
    6.35699e-03     1.78876e+04
    6.39370e-03     1.79499e+04
    6.43063e-03     1.80122e+04
    6.46777e-03     1.80745e+04
    6.50512e-03     1.81367e+04
    6.54269e-03     1.81990e+04
    6.58048e-03     1.82612e+04
    6.61849e-03     1.83234e+04
    6.65671e-03     1.83856e+04
    6.69516e-03     1.84477e+04
    6.73382e-03     1.85098e+04
    6.77272e-03     1.85719e+04
    6.81183e-03     1.86339e+04
    6.85117e-03     1.86959e+04
    6.89074e-03     1.87578e+04
    6.93054e-03     1.88197e+04
    6.97057e-03     1.88815e+04
    7.01082e-03     1.89433e+04
    7.05131e-03     1.90050e+04
    7.09204e-03     1.90667e+04
    7.13300e-03     1.91283e+04
    7.17420e-03     1.91898e+04
    7.21563e-03     1.92512e+04
    7.25730e-03     1.93126e+04
    7.29922e-03     1.93739e+04
    7.34137e-03     1.94351e+04
    7.38377e-03     1.94962e+04
    7.42642e-03     1.95572e+04
    7.46931e-03     1.96181e+04
    7.51245e-03     1.96790e+04
    7.55584e-03     1.97397e+04
    7.59948e-03     1.98003e+04
    7.64337e-03     1.98608e+04
    7.68751e-03     1.99212e+04
    7.73191e-03     1.99815e+04
    7.77657e-03     2.00416e+04
    7.82148e-03     2.01017e+04
    7.86665e-03     2.01616e+04
    7.91209e-03     2.02213e+04
    7.95778e-03     2.02810e+04
    8.00374e-03     2.03405e+04
    8.04997e-03     2.03998e+04
    8.09646e-03     2.04590e+04
    8.14322e-03     2.05180e+04
    8.19025e-03     2.05769e+04
    8.23755e-03     2.06357e+04
    8.28513e-03     2.06942e+04
    8.33298e-03     2.07526e+04
    8.38111e-03     2.08109e+04
    8.42951e-03     2.08689e+04
    8.47820e-03     2.09268e+04
    8.52716e-03     2.09845e+04
    8.57641e-03     2.10419e+04
    8.62594e-03     2.10992e+04
    8.67576e-03     2.11563e+04
    8.72587e-03     2.12132e+04
    8.77626e-03     2.12699e+04
    8.82695e-03     2.13264e+04
    8.87793e-03     2.13826e+04
    8.92921e-03     2.14386e+04
    8.98078e-03     2.14944e+04
    9.03264e-03     2.15500e+04
    9.08481e-03     2.16053e+04
    9.13728e-03     2.16603e+04
    9.19005e-03     2.17152e+04
    9.24313e-03     2.17697e+04
    9.29651e-03     2.18240e+04
    9.35021e-03     2.18781e+04
    9.40421e-03     2.19318e+04
    9.45852e-03     2.19853e+04
    9.51315e-03     2.20385e+04
    9.56809e-03     2.20915e+04
    9.62335e-03     2.21441e+04
    9.67893e-03     2.21964e+04
    9.73483e-03     2.22485e+04
    9.79106e-03     2.23002e+04
    9.84760e-03     2.23517e+04
    9.90448e-03     2.24028e+04
    9.96168e-03     2.24536e+04
    1.00192e-02     2.25040e+04
    1.00771e-02     2.25542e+04
    1.01353e-02     2.26040e+04
    1.01938e-02     2.26534e+04
    1.02527e-02     2.27025e+04
    1.03119e-02     2.27513e+04
    1.03715e-02     2.27997e+04
    1.04314e-02     2.28477e+04
    1.04916e-02     2.28954e+04
    1.05522e-02     2.29427e+04
    1.06131e-02     2.29896e+04
    1.06744e-02     2.30362e+04
    1.07361e-02     2.30823e+04
    1.07981e-02     2.31280e+04
    1.08605e-02     2.31734e+04
    1.09232e-02     2.32183e+04
    1.09863e-02     2.32628e+04
    1.10497e-02     2.33069e+04
    1.11135e-02     2.33506e+04
    1.11777e-02     2.33938e+04
    1.12423e-02     2.34366e+04
    1.13072e-02     2.34789e+04
    1.13725e-02     2.35208e+04
    1.14382e-02     2.35622e+04
    1.15043e-02     2.36032e+04
    1.15707e-02     2.36436e+04
    1.16375e-02     2.36836e+04
    1.17047e-02     2.37232e+04
    1.17723e-02     2.37622e+04
    1.18403e-02     2.38007e+04
    1.19087e-02     2.38387e+04
    1.19775e-02     2.38763e+04
    1.20467e-02     2.39133e+04
    1.21162e-02     2.39498e+04
    1.21862e-02     2.39857e+04
    1.22566e-02     2.40211e+04
    1.23274e-02     2.40560e+04
    1.23986e-02     2.40904e+04
    1.24702e-02     2.41241e+04
    1.25422e-02     2.41574e+04
    1.26147e-02     2.41900e+04
    1.26875e-02     2.42221e+04
    1.27608e-02     2.42536e+04
    1.28345e-02     2.42846e+04
    1.29086e-02     2.43149e+04
    1.29832e-02     2.43447e+04
    1.30581e-02     2.43738e+04
    1.31336e-02     2.44024e+04
    1.32094e-02     2.44303e+04
    1.32857e-02     2.44577e+04
    1.33624e-02     2.44844e+04
    1.34396e-02     2.45104e+04
    1.35172e-02     2.45359e+04
    1.35953e-02     2.45606e+04
    1.36738e-02     2.45848e+04
    1.37528e-02     2.46082e+04
    1.38322e-02     2.46310e+04
    1.39121e-02     2.46532e+04
    1.39925e-02     2.46746e+04
    1.40733e-02     2.46954e+04
    1.41546e-02     2.47154e+04
    1.42363e-02     2.47348e+04
    1.43185e-02     2.47535e+04
    1.44012e-02     2.47714e+04
    1.44844e-02     2.47887e+04
    1.45680e-02     2.48052e+04
    1.46522e-02     2.48209e+04
    1.47368e-02     2.48360e+04
    1.48219e-02     2.48503e+04
    1.49075e-02     2.48638e+04
    1.49936e-02     2.48766e+04
    1.50802e-02     2.48886e+04
    1.51673e-02     2.48998e+04
    1.52549e-02     2.49103e+04
    1.53430e-02     2.49200e+04
    1.54316e-02     2.49289e+04
    1.55208e-02     2.49370e+04
    1.56104e-02     2.49443e+04
    1.57006e-02     2.49508e+04
    1.57912e-02     2.49565e+04
    1.58824e-02     2.49614e+04
    1.59742e-02     2.49655e+04
    1.60664e-02     2.49687e+04
    1.61592e-02     2.49711e+04
    1.62525e-02     2.49727e+04
    1.63464e-02     2.49734e+04
    1.64408e-02     2.49732e+04
    1.65358e-02     2.49723e+04
    1.66313e-02     2.49704e+04
    1.67273e-02     2.49677e+04
    1.68239e-02     2.49642e+04
    1.69211e-02     2.49597e+04
    1.70188e-02     2.49544e+04
    1.71171e-02     2.49482e+04
    1.72160e-02     2.49411e+04
    1.73154e-02     2.49331e+04
    1.74154e-02     2.49243e+04
    1.75160e-02     2.49145e+04
    1.76172e-02     2.49038e+04
    1.77189e-02     2.48922e+04
    1.78212e-02     2.48796e+04
    1.79242e-02     2.48662e+04
    1.80277e-02     2.48518e+04
    1.81318e-02     2.48365e+04
    1.82365e-02     2.48203e+04
    1.83418e-02     2.48031e+04
    1.84478e-02     2.47850e+04
    1.85543e-02     2.47659e+04
    1.86615e-02     2.47459e+04
    1.87693e-02     2.47249e+04
    1.88777e-02     2.47030e+04
    1.89867e-02     2.46801e+04
    1.90964e-02     2.46563e+04
    1.92066e-02     2.46315e+04
    1.93176e-02     2.46057e+04
    1.94291e-02     2.45789e+04
    1.95414e-02     2.45512e+04
    1.96542e-02     2.45225e+04
    1.97677e-02     2.44928e+04
    1.98819e-02     2.44622e+04
    1.99967e-02     2.44305e+04
    2.01122e-02     2.43979e+04
    2.02284e-02     2.43643e+04
    2.03452e-02     2.43297e+04
    2.04627e-02     2.42941e+04
    2.05809e-02     2.42576e+04
    2.06997e-02     2.42200e+04
    2.08193e-02     2.41815e+04
    2.09395e-02     2.41419e+04
    2.10605e-02     2.41014e+04
    2.11821e-02     2.40599e+04
    2.13044e-02     2.40174e+04
    2.14275e-02     2.39739e+04
    2.15512e-02     2.39294e+04
    2.16757e-02     2.38840e+04
    2.18009e-02     2.38375e+04
    2.19268e-02     2.37901e+04
    2.20534e-02     2.37418e+04
    2.21808e-02     2.36924e+04
    2.23089e-02     2.36421e+04
    2.24378e-02     2.35909e+04
    2.25674e-02     2.35386e+04
    2.26977e-02     2.34855e+04
    2.28288e-02     2.34313e+04
    2.29606e-02     2.33762e+04
    2.30932e-02     2.33202e+04
    2.32266e-02     2.32633e+04
    2.33608e-02     2.32054e+04
    2.34957e-02     2.31466e+04
    2.36314e-02     2.30868e+04
    2.37679e-02     2.30261e+04
    2.39051e-02     2.29646e+04
    2.40432e-02     2.29021e+04
    2.41821e-02     2.28386e+04
    2.43217e-02     2.27743e+04
    2.44622e-02     2.27091e+04
    2.46035e-02     2.26431e+04
    2.47456e-02     2.25761e+04
    2.48885e-02     2.25082e+04
    2.50322e-02     2.24395e+04
    2.51768e-02     2.23699e+04
    2.53222e-02     2.22995e+04
    2.54684e-02     2.22282e+04
    2.56155e-02     2.21560e+04
    2.57635e-02     2.20830e+04
    2.59123e-02     2.20092e+04
    2.60619e-02     2.19345e+04
    2.62125e-02     2.18591e+04
    2.63638e-02     2.17828e+04
    2.65161e-02     2.17057e+04
    2.66693e-02     2.16278e+04
    2.68233e-02     2.15492e+04
    2.69782e-02     2.14699e+04
    2.71340e-02     2.13898e+04
    2.72907e-02     2.13090e+04
    2.74483e-02     2.12275e+04
    2.76069e-02     2.11453e+04
    2.77663e-02     2.10625e+04
    2.79267e-02     2.09791e+04
    2.80880e-02     2.08950e+04
    2.82502e-02     2.08103e+04
    2.84133e-02     2.07250e+04
    2.85774e-02     2.06391e+04
    2.87425e-02     2.05527e+04
    2.89085e-02     2.04658e+04
    2.90755e-02     2.03783e+04
    2.92434e-02     2.02903e+04
    2.94123e-02     2.02018e+04
    2.95821e-02     2.01129e+04
    2.97530e-02     2.00235e+04
    2.99248e-02     1.99336e+04
    3.00977e-02     1.98433e+04
    3.02715e-02     1.97526e+04
    3.04463e-02     1.96616e+04
    3.06222e-02     1.95701e+04
    3.07990e-02     1.94783e+04
    3.09769e-02     1.93861e+04
    3.11558e-02     1.92936e+04
    3.13357e-02     1.92007e+04
    3.15167e-02     1.91076e+04
    3.16987e-02     1.90141e+04
    3.18818e-02     1.89204e+04
    3.20660e-02     1.88265e+04
    3.22512e-02     1.87323e+04
    3.24374e-02     1.86378e+04
    3.26248e-02     1.85432e+04
    3.28132e-02     1.84483e+04
    3.30027e-02     1.83533e+04
    3.31933e-02     1.82581e+04
    3.33850e-02     1.81627e+04
    3.35778e-02     1.80672e+04
    3.37717e-02     1.79717e+04
    3.39668e-02     1.78760e+04
    3.41630e-02     1.77804e+04
    3.43603e-02     1.76848e+04
    3.45587e-02     1.75891e+04
    3.47583e-02     1.74936e+04
    3.49591e-02     1.73981e+04
    3.51610e-02     1.73027e+04
    3.53640e-02     1.72075e+04
    3.55683e-02     1.71124e+04
    3.57737e-02     1.70175e+04
    3.59803e-02     1.69228e+04
    3.61881e-02     1.68283e+04
    3.63971e-02     1.67340e+04
    3.66073e-02     1.66401e+04
    3.68188e-02     1.65464e+04
    3.70314e-02     1.64530e+04
    3.72453e-02     1.63600e+04
    3.74604e-02     1.62673e+04
    3.76767e-02     1.61750e+04
    3.78943e-02     1.60831e+04
    3.81132e-02     1.59915e+04
    3.83333e-02     1.59005e+04
    3.85547e-02     1.58098e+04
    3.87774e-02     1.57197e+04
    3.90013e-02     1.56300e+04
    3.92266e-02     1.55408e+04
    3.94532e-02     1.54521e+04
    3.96810e-02     1.53640e+04
    3.99102e-02     1.52764e+04
    4.01407e-02     1.51894e+04
    4.03725e-02     1.51029e+04
    4.06057e-02     1.50170e+04
    4.08402e-02     1.49317e+04
    4.10761e-02     1.48471e+04
    4.13133e-02     1.47631e+04
    4.15519e-02     1.46797e+04
    4.17919e-02     1.45970e+04
    4.20333e-02     1.45149e+04
    4.22760e-02     1.44335e+04
    4.25202e-02     1.43529e+04
    4.27658e-02     1.42729e+04
    4.30128e-02     1.41936e+04
    4.32612e-02     1.41151e+04
    4.35110e-02     1.40373e+04
    4.37623e-02     1.39603e+04
    4.40151e-02     1.38840e+04
    4.42693e-02     1.38085e+04
    4.45250e-02     1.37337e+04
    4.47821e-02     1.36598e+04
    4.50408e-02     1.35866e+04
    4.53009e-02     1.35143e+04
    4.55625e-02     1.34427e+04
    4.58257e-02     1.33720e+04
    4.60903e-02     1.33021e+04
    4.63565e-02     1.32331e+04
    4.66243e-02     1.31649e+04
    4.68935e-02     1.30975e+04
    4.71644e-02     1.30311e+04
    4.74368e-02     1.29654e+04
    4.77107e-02     1.29007e+04
    4.79863e-02     1.28368e+04
    4.82634e-02     1.27738e+04
    4.85422e-02     1.27117e+04
    4.88225e-02     1.26504e+04
    4.91045e-02     1.25899e+04
    4.93881e-02     1.25303e+04
    4.96733e-02     1.24714e+04
    4.99602e-02     1.24134e+04
    5.02488e-02     1.23561e+04
    5.05390e-02     1.22997e+04
    5.08309e-02     1.22440e+04
    5.11244e-02     1.21890e+04
    5.14197e-02     1.21348e+04
    5.17167e-02     1.20814e+04
    5.20154e-02     1.20286e+04
    5.23158e-02     1.19766e+04
    5.26179e-02     1.19253e+04
    5.29218e-02     1.18747e+04
    5.32275e-02     1.18248e+04
    5.35349e-02     1.17755e+04
    5.38441e-02     1.17269e+04
    5.41551e-02     1.16788e+04
    5.44678e-02     1.16313e+04
    5.47824e-02     1.15844e+04
    5.50988e-02     1.15379e+04
    5.54170e-02     1.14920e+04
    5.57371e-02     1.14466e+04
    5.60590e-02     1.14016e+04
    5.63828e-02     1.13570e+04
    5.67084e-02     1.13128e+04
    5.70359e-02     1.12690e+04
    5.73653e-02     1.12256e+04
    5.76966e-02     1.11825e+04
    5.80299e-02     1.11396e+04
    5.83650e-02     1.10970e+04
    5.87021e-02     1.10545e+04
    5.90411e-02     1.10123e+04
    5.93821e-02     1.09702e+04
    5.97251e-02     1.09282e+04
    6.00700e-02     1.08862e+04
    6.04170e-02     1.08443e+04
    6.07659e-02     1.08024e+04
    6.11168e-02     1.07605e+04
    6.14698e-02     1.07185e+04
    6.18248e-02     1.06763e+04
    6.21819e-02     1.06341e+04
    6.25410e-02     1.05916e+04
    6.29022e-02     1.05489e+04
    6.32655e-02     1.05060e+04
    6.36309e-02     1.04627e+04
    6.39984e-02     1.04191e+04
    6.43680e-02     1.03752e+04
    6.47398e-02     1.03308e+04
    6.51137e-02     1.02860e+04
    6.54898e-02     1.02407e+04
    6.58680e-02     1.01949e+04
    6.62484e-02     1.01486e+04
    6.66310e-02     1.01017e+04
    6.70159e-02     1.00542e+04
    6.74029e-02     1.00060e+04
    6.77922e-02     9.95718e+03
    6.81837e-02     9.90765e+03
    6.85775e-02     9.85740e+03
    6.89736e-02     9.80640e+03
    6.93719e-02     9.75463e+03
    6.97726e-02     9.70207e+03
    7.01756e-02     9.64869e+03
    7.05809e-02     9.59448e+03
    7.09885e-02     9.53942e+03
    7.13985e-02     9.48350e+03
    7.18109e-02     9.42671e+03
    7.22256e-02     9.36904e+03
    7.26427e-02     9.31048e+03
    7.30623e-02     9.25102e+03
    7.34842e-02     9.19066e+03
    7.39087e-02     9.12940e+03
    7.43355e-02     9.06724e+03
    7.47648e-02     9.00420e+03
    7.51966e-02     8.94028e+03
    7.56309e-02     8.87549e+03
    7.60677e-02     8.80984e+03
    7.65071e-02     8.74333e+03
    7.69489e-02     8.67600e+03
    7.73933e-02     8.60787e+03
    7.78403e-02     8.53896e+03
    7.82899e-02     8.46931e+03
    7.87421e-02     8.39894e+03
    7.91968e-02     8.32788e+03
    7.96542e-02     8.25615e+03
    8.01143e-02     8.18380e+03
    8.05770e-02     8.11089e+03
    8.10423e-02     8.03744e+03
    8.15104e-02     7.96351e+03
    8.19812e-02     7.88914e+03
    8.24546e-02     7.81437e+03
    8.29309e-02     7.73926e+03
    8.34098e-02     7.66385e+03
    8.38915e-02     7.58822e+03
    8.43761e-02     7.51242e+03
    8.48634e-02     7.43651e+03
    8.53535e-02     7.36053e+03
    8.58465e-02     7.28455e+03
    8.63423e-02     7.20864e+03
    8.68409e-02     7.13285e+03
    8.73425e-02     7.05726e+03
    8.78469e-02     6.98193e+03
    8.83543e-02     6.90693e+03
    8.88646e-02     6.83230e+03
    8.93778e-02     6.75811e+03
    8.98940e-02     6.68444e+03
    9.04132e-02     6.61134e+03
    9.09354e-02     6.53887e+03
    9.14606e-02     6.46710e+03
    9.19888e-02     6.39609e+03
    9.25201e-02     6.32588e+03
    9.30544e-02     6.25654e+03
    9.35918e-02     6.18813e+03
    9.41324e-02     6.12070e+03
    9.46760e-02     6.05431e+03
    9.52228e-02     5.98899e+03
    9.57728e-02     5.92481e+03
    9.63259e-02     5.86179e+03
    9.68823e-02     5.79999e+03
    9.74418e-02     5.73943e+03
    9.80046e-02     5.68015e+03
    9.85706e-02     5.62218e+03
    9.91399e-02     5.56556e+03
    9.97125e-02     5.51031e+03
    1.00288e-01     5.45643e+03
    1.00868e-01     5.40395e+03
    1.01450e-01     5.35289e+03
    1.02036e-01     5.30327e+03
    1.02625e-01     5.25508e+03
    1.03218e-01     5.20832e+03
    1.03814e-01     5.16299e+03
    1.04414e-01     5.11908e+03
    1.05017e-01     5.07657e+03
    1.05623e-01     5.03547e+03
    1.06233e-01     4.99575e+03
    1.06847e-01     4.95738e+03
    1.07464e-01     4.92033e+03
    1.08085e-01     4.88457e+03
    1.08709e-01     4.85007e+03
    1.09337e-01     4.81679e+03
    1.09968e-01     4.78470e+03
    1.10603e-01     4.75373e+03
    1.11242e-01     4.72383e+03
    1.11885e-01     4.69494e+03
    1.12531e-01     4.66701e+03
    1.13181e-01     4.63999e+03
    1.13834e-01     4.61381e+03
    1.14492e-01     4.58839e+03
    1.15153e-01     4.56366e+03
    1.15818e-01     4.53955e+03
    1.16487e-01     4.51598e+03
    1.17160e-01     4.49288e+03
    1.17836e-01     4.47018e+03
    1.18517e-01     4.44778e+03
    1.19202e-01     4.42560e+03
    1.19890e-01     4.40355e+03
    1.20582e-01     4.38157e+03
    1.21279e-01     4.35956e+03
    1.21979e-01     4.33746e+03
    1.22684e-01     4.31516e+03
    1.23392e-01     4.29260e+03
    1.24105e-01     4.26970e+03
    1.24822e-01     4.24638e+03
    1.25543e-01     4.22257e+03
    1.26268e-01     4.19821e+03
    1.26997e-01     4.17324e+03
    1.27730e-01     4.14759e+03
    1.28468e-01     4.12122e+03
    1.29210e-01     4.09406e+03
    1.29956e-01     4.06608e+03
    1.30707e-01     4.03725e+03
    1.31462e-01     4.00754e+03
    1.32221e-01     3.97694e+03
    1.32985e-01     3.94541e+03
    1.33753e-01     3.91295e+03
    1.34525e-01     3.87956e+03
    1.35302e-01     3.84526e+03
    1.36084e-01     3.81007e+03
    1.36870e-01     3.77400e+03
    1.37660e-01     3.73709e+03
    1.38455e-01     3.69936e+03
    1.39255e-01     3.66086e+03
    1.40059e-01     3.62166e+03
    1.40868e-01     3.58182e+03
    1.41681e-01     3.54139e+03
    1.42500e-01     3.50045e+03
    1.43323e-01     3.45906e+03
    1.44151e-01     3.41731e+03
    1.44983e-01     3.37529e+03
    1.45820e-01     3.33309e+03
    1.46663e-01     3.29079e+03
    1.47510e-01     3.24849e+03
    1.48362e-01     3.20626e+03
    1.49218e-01     3.16421e+03
    1.50080e-01     3.12243e+03
    1.50947e-01     3.08102e+03
    1.51819e-01     3.04007e+03
    1.52696e-01     2.99965e+03
    1.53578e-01     2.95985e+03
    1.54464e-01     2.92075e+03
    1.55357e-01     2.88244e+03
    1.56254e-01     2.84497e+03
    1.57156e-01     2.80841e+03
    1.58064e-01     2.77284e+03
    1.58977e-01     2.73829e+03
    1.59895e-01     2.70480e+03
    1.60818e-01     2.67241e+03
    1.61747e-01     2.64115e+03
    1.62681e-01     2.61107e+03
    1.63621e-01     2.58216e+03
    1.64566e-01     2.55444e+03
    1.65516e-01     2.52788e+03
    1.66472e-01     2.50247e+03
    1.67434e-01     2.47822e+03
    1.68401e-01     2.45510e+03
    1.69373e-01     2.43308e+03
    1.70352e-01     2.41209e+03
    1.71336e-01     2.39209e+03
    1.72325e-01     2.37301e+03
    1.73320e-01     2.35480e+03
    1.74321e-01     2.33740e+03
    1.75328e-01     2.32074e+03
    1.76341e-01     2.30474e+03
    1.77359e-01     2.28930e+03
    1.78384e-01     2.27437e+03
    1.79414e-01     2.25984e+03
    1.80450e-01     2.24566e+03
    1.81492e-01     2.23172e+03
    1.82540e-01     2.21792e+03
    1.83595e-01     2.20417e+03
    1.84655e-01     2.19038e+03
    1.85721e-01     2.17646e+03
    1.86794e-01     2.16232e+03
    1.87873e-01     2.14789e+03
    1.88958e-01     2.13309e+03
    1.90049e-01     2.11785e+03
    1.91147e-01     2.10209e+03
    1.92251e-01     2.08575e+03
    1.93361e-01     2.06879e+03
    1.94478e-01     2.05121e+03
    1.95601e-01     2.03299e+03
    1.96731e-01     2.01411e+03
    1.97867e-01     1.99458e+03
    1.99010e-01     1.97439e+03
    2.00159e-01     1.95359e+03
    2.01315e-01     1.93222e+03
    2.02478e-01     1.91034e+03
    2.03647e-01     1.88800e+03
    2.04823e-01     1.86525e+03
    2.06006e-01     1.84214e+03
    2.07196e-01     1.81877e+03
    2.08393e-01     1.79523e+03
    2.09596e-01     1.77159e+03
    2.10807e-01     1.74794e+03
    2.12024e-01     1.72435e+03
    2.13249e-01     1.70091e+03
    2.14481e-01     1.67769e+03
    2.15719e-01     1.65478e+03
    2.16965e-01     1.63224e+03
    2.18218e-01     1.61015e+03
    2.19479e-01     1.58857e+03
    2.20746e-01     1.56755e+03
    2.22021e-01     1.54714e+03
    2.23303e-01     1.52737e+03
    2.24593e-01     1.50828e+03
    2.25890e-01     1.48990e+03
    2.27195e-01     1.47227e+03
    2.28507e-01     1.45537e+03
    2.29827e-01     1.43919e+03
    2.31154e-01     1.42373e+03
    2.32489e-01     1.40898e+03
    2.33832e-01     1.39492e+03
    2.35182e-01     1.38153e+03
    2.36541e-01     1.36874e+03
    2.37907e-01     1.35648e+03
    2.39281e-01     1.34472e+03
    2.40663e-01     1.33337e+03
    2.42053e-01     1.32240e+03
    2.43451e-01     1.31173e+03
    2.44857e-01     1.30128e+03
    2.46271e-01     1.29098e+03
    2.47693e-01     1.28074e+03
    2.49124e-01     1.27051e+03
    2.50563e-01     1.26021e+03
    2.52010e-01     1.24978e+03
    2.53465e-01     1.23920e+03
    2.54929e-01     1.22839e+03
    2.56401e-01     1.21734e+03
    2.57882e-01     1.20599e+03
    2.59372e-01     1.19431e+03
    2.60870e-01     1.18232e+03
    2.62376e-01     1.17001e+03
    2.63892e-01     1.15740e+03
    2.65416e-01     1.14449e+03
    2.66949e-01     1.13129e+03
    2.68490e-01     1.11784e+03
    2.70041e-01     1.10418e+03
    2.71601e-01     1.09038e+03
    2.73169e-01     1.07648e+03
    2.74747e-01     1.06253e+03
    2.76334e-01     1.04858e+03
    2.77930e-01     1.03470e+03
    2.79535e-01     1.02094e+03
    2.81149e-01     1.00737e+03
    2.82773e-01     9.94047e+02
    2.84406e-01     9.81027e+02
    2.86049e-01     9.68351e+02
    2.87701e-01     9.56043e+02
    2.89363e-01     9.44120e+02
    2.91034e-01     9.32598e+02
    2.92715e-01     9.21492e+02
    2.94405e-01     9.10818e+02
    2.96105e-01     9.00569e+02
    2.97816e-01     8.90715e+02
    2.99536e-01     8.81225e+02
    3.01266e-01     8.72070e+02
    3.03006e-01     8.63222e+02
    3.04756e-01     8.54652e+02
    3.06516e-01     8.46320e+02
    3.08286e-01     8.38177e+02
    3.10066e-01     8.30175e+02
    3.11857e-01     8.22269e+02
    3.13658e-01     8.14415e+02
    3.15470e-01     8.06573e+02
    3.17292e-01     7.98708e+02
    3.19124e-01     7.90794e+02
    3.20967e-01     7.82801e+02
    3.22821e-01     7.74703e+02
    3.24686e-01     7.66475e+02
    3.26561e-01     7.58102e+02
    3.28447e-01     7.49599e+02
    3.30344e-01     7.40984e+02
    3.32252e-01     7.32276e+02
    3.34171e-01     7.23493e+02
    3.36101e-01     7.14653e+02
    3.38042e-01     7.05779e+02
    3.39994e-01     6.96907e+02
    3.41958e-01     6.88072e+02
    3.43933e-01     6.79307e+02
    3.45919e-01     6.70643e+02
    3.47917e-01     6.62111e+02
    3.49926e-01     6.53734e+02
    3.51947e-01     6.45531e+02
    3.53980e-01     6.37519e+02
    3.56024e-01     6.29714e+02
    3.58081e-01     6.22130e+02
    3.60149e-01     6.14780e+02
    3.62229e-01     6.07660e+02
    3.64321e-01     6.00746e+02
    3.66425e-01     5.94019e+02
    3.68541e-01     5.87459e+02
    3.70670e-01     5.81045e+02
    3.72810e-01     5.74760e+02
    3.74964e-01     5.68581e+02
    3.77129e-01     5.62482e+02
    3.79307e-01     5.56440e+02
    3.81498e-01     5.50433e+02
    3.83701e-01     5.44437e+02
    3.85917e-01     5.38433e+02
    3.88146e-01     5.32414e+02
    3.90388e-01     5.26378e+02
    3.92643e-01     5.20325e+02
    3.94910e-01     5.14256e+02
    3.97191e-01     5.08170e+02
    3.99485e-01     5.02069e+02
    4.01792e-01     4.95963e+02
    4.04113e-01     4.89871e+02
    4.06447e-01     4.83812e+02
    4.08794e-01     4.77802e+02
    4.11155e-01     4.71859e+02
    4.13530e-01     4.65996e+02
    4.15918e-01     4.60224e+02
    4.18320e-01     4.54548e+02
    4.20736e-01     4.48973e+02
    4.23166e-01     4.43505e+02
    4.25610e-01     4.38147e+02
    4.28068e-01     4.32903e+02
    4.30541e-01     4.27772e+02
    4.33027e-01     4.22744e+02
    4.35528e-01     4.17809e+02
    4.38044e-01     4.12957e+02
    4.40573e-01     4.08178e+02
    4.43118e-01     4.03465e+02
    4.45677e-01     3.98809e+02
    4.48251e-01     3.94199e+02
    4.50840e-01     3.89629e+02
    4.53444e-01     3.85089e+02
    4.56063e-01     3.80572e+02
    4.58697e-01     3.76070e+02
    4.61346e-01     3.71577e+02
    4.64010e-01     3.67095e+02
    4.66690e-01     3.62630e+02
    4.69386e-01     3.58190e+02
    4.72097e-01     3.53782e+02
    4.74823e-01     3.49412e+02
    4.77565e-01     3.45087e+02
    4.80324e-01     3.40811e+02
    4.83098e-01     3.36589e+02
    4.85888e-01     3.32426e+02
    4.88694e-01     3.28325e+02
    4.91517e-01     3.24290e+02
    4.94355e-01     3.20323e+02
    4.97210e-01     3.16429e+02
    5.00082e-01     3.12606e+02
    5.02970e-01     3.08848e+02
    5.05875e-01     3.05145e+02
    5.08797e-01     3.01492e+02
    5.11735e-01     2.97880e+02
    5.14691e-01     2.94304e+02
    5.17663e-01     2.90756e+02
    5.20653e-01     2.87234e+02
    5.23660e-01     2.83737e+02
    5.26685e-01     2.80269e+02
    5.29726e-01     2.76830e+02
    5.32786e-01     2.73421e+02
    5.35863e-01     2.70045e+02
    5.38958e-01     2.66702e+02
    5.42071e-01     2.63394e+02
    5.45201e-01     2.60122e+02
    5.48350e-01     2.56888e+02
    5.51517e-01     2.53693e+02
    5.54702e-01     2.50539e+02
    5.57906e-01     2.47427e+02
    5.61128e-01     2.44358e+02
    5.64369e-01     2.41334e+02
    5.67629e-01     2.38354e+02
    5.70907e-01     2.35415e+02
    5.74204e-01     2.32515e+02
    5.77520e-01     2.29651e+02
    5.80856e-01     2.26821e+02
    5.84211e-01     2.24022e+02
    5.87585e-01     2.21251e+02
    5.90978e-01     2.18508e+02
    5.94391e-01     2.15790e+02
    5.97824e-01     2.13098e+02
    6.01277e-01     2.10434e+02
    6.04750e-01     2.07799e+02
    6.08242e-01     2.05194e+02
    6.11755e-01     2.02618e+02
    6.15288e-01     2.00075e+02
    6.18842e-01     1.97563e+02
    6.22416e-01     1.95084e+02
    6.26011e-01     1.92637e+02
    6.29626e-01     1.90223e+02
    6.33263e-01     1.87838e+02
    6.36920e-01     1.85484e+02
    6.40599e-01     1.83158e+02
    6.44298e-01     1.80861e+02
    6.48020e-01     1.78590e+02
    6.51762e-01     1.76345e+02
    6.55526e-01     1.74127e+02
    6.59312e-01     1.71932e+02
    6.63120e-01     1.69763e+02
    6.66950e-01     1.67619e+02
    6.70802e-01     1.65499e+02
    6.74676e-01     1.63403e+02
    6.78573e-01     1.61333e+02
    6.82492e-01     1.59287e+02
    6.86434e-01     1.57266e+02
    6.90398e-01     1.55269e+02
    6.94386e-01     1.53296e+02
    6.98396e-01     1.51348e+02
    7.02430e-01     1.49424e+02
    7.06486e-01     1.47524e+02
    7.10567e-01     1.45648e+02
    7.14671e-01     1.43794e+02
    7.18798e-01     1.41963e+02
    7.22949e-01     1.40155e+02
    7.27125e-01     1.38369e+02
    7.31324e-01     1.36604e+02
    7.35548e-01     1.34861e+02
    7.39796e-01     1.33140e+02
    7.44069e-01     1.31439e+02
    7.48366e-01     1.29758e+02
    7.52688e-01     1.28098e+02
    7.57036e-01     1.26458e+02
    7.61408e-01     1.24837e+02
    7.65805e-01     1.23236e+02
    7.70228e-01     1.21655e+02
    7.74677e-01     1.20093e+02
    7.79151e-01     1.18550e+02
    7.83651e-01     1.17025e+02
    7.88177e-01     1.15519e+02
    7.92729e-01     1.14032e+02
    7.97307e-01     1.12563e+02
    8.01912e-01     1.11111e+02
    8.06543e-01     1.09678e+02
    8.11202e-01     1.08262e+02
    8.15887e-01     1.06864e+02
    8.20599e-01     1.05483e+02
    8.25338e-01     1.04119e+02
    8.30105e-01     1.02771e+02
    8.34899e-01     1.01441e+02
    8.39721e-01     1.00127e+02
    8.44571e-01     9.88290e+01
    8.49449e-01     9.75473e+01
    8.54355e-01     9.62814e+01
    8.59289e-01     9.50313e+01
    8.64252e-01     9.37967e+01
    8.69243e-01     9.25774e+01
    8.74264e-01     9.13733e+01
    8.79313e-01     9.01842e+01
    8.84391e-01     8.90099e+01
    8.89499e-01     8.78502e+01
    8.94636e-01     8.67050e+01
    8.99803e-01     8.55740e+01
    9.05000e-01     8.44572e+01
    9.10227e-01     8.33544e+01
    9.15484e-01     8.22653e+01
    9.20771e-01     8.11899e+01
    9.26089e-01     8.01279e+01
    9.31438e-01     7.90792e+01
    9.36817e-01     7.80437e+01
    9.42228e-01     7.70212e+01
    9.47670e-01     7.60115e+01
    9.53143e-01     7.50145e+01
    9.58648e-01     7.40300e+01
    9.64184e-01     7.30580e+01
    9.69753e-01     7.20981e+01
    9.75354e-01     7.11504e+01
    9.80987e-01     7.02146e+01
    9.86653e-01     6.92906e+01
    9.92351e-01     6.83783e+01
    9.98082e-01     6.74775e+01
    1.00385e+00     6.65881e+01
    1.00964e+00     6.57100e+01
    1.01548e+00     6.48429e+01
    1.02134e+00     6.39869e+01
    1.02724e+00     6.31417e+01
    1.03317e+00     6.23072e+01
    1.03914e+00     6.14834e+01
    1.04514e+00     6.06700e+01
    1.05118e+00     5.98669e+01
    1.05725e+00     5.90740e+01
    1.06335e+00     5.82913e+01
    1.06950e+00     5.75185e+01
    1.07567e+00     5.67556e+01
    1.08188e+00     5.60024e+01
    1.08813e+00     5.52588e+01
    1.09442e+00     5.45247e+01
    1.10074e+00     5.38000e+01
    1.10710e+00     5.30845e+01
    1.11349e+00     5.23782e+01
    1.11992e+00     5.16810e+01
    1.12639e+00     5.09927e+01
    1.13289e+00     5.03132e+01
    1.13944e+00     4.96424e+01
    1.14602e+00     4.89803e+01
    1.15264e+00     4.83266e+01
    1.15929e+00     4.76814e+01
    1.16599e+00     4.70444e+01
    1.17272e+00     4.64157e+01
    1.17950e+00     4.57950e+01
    1.18631e+00     4.51823e+01
    1.19316e+00     4.45776e+01
    1.20005e+00     4.39806e+01
    1.20698e+00     4.33914e+01
    1.21395e+00     4.28098e+01
    1.22096e+00     4.22356e+01
    1.22802e+00     4.16690e+01
    1.23511e+00     4.11096e+01
    1.24224e+00     4.05575e+01
    1.24942e+00     4.00126e+01
    1.25663e+00     3.94747e+01
    1.26389e+00     3.89438e+01
    1.27119e+00     3.84197e+01
    1.27853e+00     3.79025e+01
    1.28591e+00     3.73921e+01
    1.29334e+00     3.68882e+01
    1.30081e+00     3.63909e+01
    1.30832e+00     3.59001e+01
    1.31588e+00     3.54157e+01
    1.32348e+00     3.49376e+01
    1.33112e+00     3.44657e+01
    1.33881e+00     3.40000e+01
    1.34654e+00     3.35404e+01
    1.35432e+00     3.30868e+01
    1.36214e+00     3.26391e+01
    1.37001e+00     3.21973e+01
    1.37792e+00     3.17612e+01
    1.38588e+00     3.13309e+01
    1.39388e+00     3.09062e+01
    1.40193e+00     3.04871e+01
    1.41003e+00     3.00735e+01
    1.41818e+00     2.96653e+01
    1.42637e+00     2.92624e+01
    1.43460e+00     2.88649e+01
    1.44289e+00     2.84726e+01
    1.45122e+00     2.80854e+01
    1.45960e+00     2.77034e+01
    1.46803e+00     2.73264e+01
    1.47651e+00     2.69543e+01
    1.48504e+00     2.65872e+01
    1.49362e+00     2.62249e+01
    1.50224e+00     2.58674e+01
    1.51092e+00     2.55146e+01
    1.51965e+00     2.51664e+01
    1.52842e+00     2.48229e+01
    1.53725e+00     2.44839e+01
    1.54613e+00     2.41494e+01
    1.55506e+00     2.38194e+01
    1.56404e+00     2.34937e+01
    1.57307e+00     2.31723e+01
    1.58216e+00     2.28552e+01
    1.59130e+00     2.25423e+01
    1.60049e+00     2.22336e+01
    1.60973e+00     2.19289e+01
    1.61903e+00     2.16283e+01
    1.62838e+00     2.13317e+01
    1.63778e+00     2.10391e+01
    1.64724e+00     2.07503e+01
    1.65675e+00     2.04654e+01
    1.66632e+00     2.01843e+01
    1.67595e+00     1.99070e+01
    1.68563e+00     1.96333e+01
    1.69536e+00     1.93633e+01
    1.70515e+00     1.90969e+01
    1.71500e+00     1.88341e+01
    1.72491e+00     1.85748e+01
    1.73487e+00     1.83189e+01
    1.74489e+00     1.80665e+01
    1.75496e+00     1.78174e+01
    1.76510e+00     1.75717e+01
    1.77529e+00     1.73293e+01
    1.78555e+00     1.70901e+01
    1.79586e+00     1.68542e+01
    1.80623e+00     1.66214e+01
    1.81666e+00     1.63917e+01
    1.82716e+00     1.61651e+01
    1.83771e+00     1.59416e+01
    1.84832e+00     1.57210e+01
    1.85900e+00     1.55035e+01
    1.86973e+00     1.52888e+01
    1.88053e+00     1.50771e+01
    1.89139e+00     1.48682e+01
    1.90232e+00     1.46621e+01
    1.91330e+00     1.44588e+01
    1.92435e+00     1.42583e+01
    1.93547e+00     1.40604e+01
    1.94665e+00     1.38652e+01
    1.95789e+00     1.36727e+01
    1.96920e+00     1.34828e+01
    1.98057e+00     1.32954e+01
    1.99201e+00     1.31105e+01
    2.00351e+00     1.29282e+01
    2.01509e+00     1.27483e+01
    2.02672e+00     1.25709e+01
    2.03843e+00     1.23959e+01
    2.05020e+00     1.22232e+01
    2.06204e+00     1.20529e+01
    2.07395e+00     1.18849e+01
    2.08593e+00     1.17192e+01
    2.09798e+00     1.15558e+01
    2.11009e+00     1.13945e+01
    2.12228e+00     1.12355e+01
    2.13454e+00     1.10786e+01
    2.14687e+00     1.09238e+01
    2.15927e+00     1.07712e+01
    2.17174e+00     1.06206e+01
    2.18428e+00     1.04721e+01
    2.19689e+00     1.03256e+01
    2.20958e+00     1.01811e+01
    2.22234e+00     1.00386e+01
    2.23518e+00     9.89803e+00
    2.24809e+00     9.75938e+00
    2.26107e+00     9.62262e+00
    2.27413e+00     9.48772e+00
    2.28726e+00     9.35468e+00
    2.30047e+00     9.22345e+00
    2.31376e+00     9.09402e+00
    2.32712e+00     8.96637e+00
    2.34056e+00     8.84046e+00
    2.35408e+00     8.71627e+00
    2.36768e+00     8.59379e+00
    2.38135e+00     8.47299e+00
    2.39511e+00     8.35385e+00
    2.40894e+00     8.23634e+00
    2.42285e+00     8.12044e+00
    2.43684e+00     8.00614e+00
    2.45092e+00     7.89341e+00
    2.46507e+00     7.78223e+00
    2.47931e+00     7.67258e+00
    2.49363e+00     7.56444e+00
    2.50803e+00     7.45778e+00
    2.52252e+00     7.35260e+00
    2.53709e+00     7.24886e+00
    2.55174e+00     7.14656e+00
    2.56648e+00     7.04566e+00
    2.58130e+00     6.94616e+00
    2.59621e+00     6.84803e+00
    2.61120e+00     6.75126e+00
    2.62628e+00     6.65582e+00
    2.64145e+00     6.56170e+00
    2.65671e+00     6.46888e+00
    2.67205e+00     6.37735e+00
    2.68748e+00     6.28708e+00
    2.70300e+00     6.19806e+00
    2.71861e+00     6.11027e+00
    2.73432e+00     6.02370e+00
    2.75011e+00     5.93833e+00
    2.76599e+00     5.85414e+00
    2.78197e+00     5.77112e+00
    2.79803e+00     5.68925e+00
    2.81419e+00     5.60852e+00
    2.83045e+00     5.52891e+00
    2.84679e+00     5.45040e+00
    2.86324e+00     5.37299e+00
    2.87977e+00     5.29665e+00
    2.89640e+00     5.22137e+00
    2.91313e+00     5.14714e+00
    2.92996e+00     5.07394e+00
    2.94688e+00     5.00176e+00
    2.96390e+00     4.93058e+00
    2.98102e+00     4.86040e+00
    2.99823e+00     4.79119e+00
    3.01555e+00     4.72295e+00
    3.03297e+00     4.65566e+00
    3.05048e+00     4.58931e+00
    3.06810e+00     4.52388e+00
    3.08582e+00     4.45937e+00
    3.10364e+00     4.39576e+00
    3.12157e+00     4.33304e+00
    3.13960e+00     4.27119e+00
    3.15773e+00     4.21021e+00
    3.17597e+00     4.15008e+00
    3.19431e+00     4.09079e+00
    3.21276e+00     4.03233e+00
    3.23131e+00     3.97469e+00
    3.24997e+00     3.91786e+00
    3.26874e+00     3.86182e+00
    3.28762e+00     3.80657e+00
    3.30661e+00     3.75209e+00
    3.32571e+00     3.69838e+00
    3.34492e+00     3.64542e+00
    3.36423e+00     3.59321e+00
    3.38366e+00     3.54172e+00
    3.40321e+00     3.49096e+00
    3.42286e+00     3.44092e+00
    3.44263e+00     3.39157e+00
    3.46251e+00     3.34292e+00
    3.48251e+00     3.29496e+00
    3.50262e+00     3.24767e+00
    3.52285e+00     3.20104e+00
    3.54320e+00     3.15507e+00
    3.56366e+00     3.10975e+00
    3.58424e+00     3.06507e+00
    3.60495e+00     3.02101e+00
    3.62577e+00     2.97758e+00
    3.64671e+00     2.93476e+00
    3.66777e+00     2.89254e+00
    3.68895e+00     2.85092e+00
    3.71026e+00     2.80989e+00
    3.73168e+00     2.76944e+00
    3.75324e+00     2.72956e+00
    3.77491e+00     2.69024e+00
    3.79672e+00     2.65147e+00
    3.81864e+00     2.61326e+00
    3.84070e+00     2.57559e+00
    3.86288e+00     2.53844e+00
    3.88519e+00     2.50183e+00
    3.90763e+00     2.46573e+00
    3.93020e+00     2.43015e+00
    3.95290e+00     2.39506e+00
    3.97573e+00     2.36048e+00
    3.99869e+00     2.32638e+00
    4.02178e+00     2.29277e+00
    4.04501e+00     2.25964e+00
    4.06837e+00     2.22698e+00
    4.09187e+00     2.19478e+00
    4.11550e+00     2.16303e+00
    4.13927e+00     2.13174e+00
    4.16318e+00     2.10089e+00
    4.18722e+00     2.07048e+00
    4.21140e+00     2.04051e+00
    4.23573e+00     2.01096e+00
    4.26019e+00     1.98183e+00
    4.28479e+00     1.95311e+00
    4.30954e+00     1.92480e+00
    4.33443e+00     1.89690e+00
    4.35946e+00     1.86939e+00
    4.38464e+00     1.84228e+00
    4.40997e+00     1.81555e+00
    4.43544e+00     1.78921e+00
    4.46105e+00     1.76323e+00
    4.48682e+00     1.73763e+00
    4.51273e+00     1.71240e+00
    4.53879e+00     1.68752e+00
    4.56501e+00     1.66300e+00
    4.59137e+00     1.63883e+00
    4.61789e+00     1.61501e+00
    4.64456e+00     1.59152e+00
    4.67138e+00     1.56838e+00
    4.69836e+00     1.54556e+00
    4.72550e+00     1.52307e+00
    4.75279e+00     1.50090e+00
    4.78024e+00     1.47905e+00
    4.80785e+00     1.45751e+00
    4.83562e+00     1.43628e+00
    4.86354e+00     1.41535e+00
    4.89163e+00     1.39472e+00
    4.91989e+00     1.37439e+00
    4.94830e+00     1.35435e+00
    4.97688e+00     1.33460e+00
    5.00562e+00     1.31513e+00
    5.03453e+00     1.29594e+00
    5.06361e+00     1.27703e+00
    5.09285e+00     1.25839e+00
    5.12227e+00     1.24001e+00
    5.15185e+00     1.22190e+00
    5.18161e+00     1.20405e+00
    5.21153e+00     1.18646e+00
    5.24163e+00     1.16912e+00
    5.27190e+00     1.15203e+00
    5.30235e+00     1.13518e+00
    5.33298e+00     1.11858e+00
    5.36378e+00     1.10221e+00
    5.39475e+00     1.08608e+00
    5.42591e+00     1.07019e+00
    5.45725e+00     1.05452e+00
    5.48877e+00     1.03908e+00
    5.52047e+00     1.02386e+00
    5.55235e+00     1.00886e+00
    5.58442e+00     9.94077e-01
    5.61667e+00     9.79507e-01
    5.64911e+00     9.65147e-01
    5.68174e+00     9.50995e-01
    5.71455e+00     9.37047e-01
    5.74755e+00     9.23300e-01
    5.78075e+00     9.09752e-01
    5.81414e+00     8.96400e-01
    5.84772e+00     8.83240e-01
    5.88149e+00     8.70271e-01
    5.91546e+00     8.57490e-01
    5.94962e+00     8.44893e-01
    5.98398e+00     8.32478e-01
    6.01854e+00     8.20244e-01
    6.05330e+00     8.08186e-01
    6.08826e+00     7.96303e-01
    6.12343e+00     7.84592e-01
    6.15879e+00     7.73051e-01
    6.19436e+00     7.61677e-01
    6.23014e+00     7.50467e-01
    6.26612e+00     7.39421e-01
    6.30231e+00     7.28534e-01
    6.33871e+00     7.17806e-01
    6.37532e+00     7.07233e-01
    6.41214e+00     6.96814e-01
    6.44917e+00     6.86546e-01
    6.48642e+00     6.76427e-01
    6.52388e+00     6.66455e-01
    6.56156e+00     6.56627e-01
    6.59946e+00     6.46943e-01
    6.63757e+00     6.37400e-01
    6.67591e+00     6.27995e-01
    6.71446e+00     6.18727e-01
    6.75324e+00     6.09594e-01
    6.79224e+00     6.00593e-01
    6.83147e+00     5.91724e-01
    6.87093e+00     5.82984e-01
    6.91061e+00     5.74371e-01
    6.95052e+00     5.65884e-01
    6.99067e+00     5.57520e-01
    7.03104e+00     5.49278e-01
    7.07165e+00     5.41156e-01
    7.11249e+00     5.33153e-01
    7.15357e+00     5.25266e-01
    7.19488e+00     5.17495e-01
    7.23644e+00     5.09837e-01
    7.27823e+00     5.02290e-01
    7.32027e+00     4.94854e-01
    7.36254e+00     4.87526e-01
    7.40507e+00     4.80305e-01
    7.44783e+00     4.73190e-01
    7.49085e+00     4.66179e-01
    7.53411e+00     4.59270e-01
    7.57763e+00     4.52462e-01
    7.62139e+00     4.45754e-01
    7.66541e+00     4.39144e-01
    7.70968e+00     4.32631e-01
    7.75421e+00     4.26212e-01
    7.79899e+00     4.19888e-01
    7.84403e+00     4.13657e-01
    7.88934e+00     4.07516e-01
    7.93490e+00     4.01466e-01
    7.98073e+00     3.95504e-01
    8.02682e+00     3.89629e-01
    8.07318e+00     3.83841e-01
    8.11981e+00     3.78137e-01
    8.16670e+00     3.72518e-01
    8.21387e+00     3.66980e-01
    8.26131e+00     3.61524e-01
    8.30902e+00     3.56148e-01
    8.35701e+00     3.50850e-01
    8.40527e+00     3.45631e-01
    8.45382e+00     3.40488e-01
    8.50264e+00     3.35421e-01
    8.55175e+00     3.30428e-01
    8.60114e+00     3.25508e-01
    8.65082e+00     3.20661e-01
    8.70078e+00     3.15885e-01
    8.75103e+00     3.11179e-01
    8.80157e+00     3.06543e-01
    8.85241e+00     3.01974e-01
    8.90353e+00     2.97473e-01
    8.95495e+00     2.93038e-01
    9.00667e+00     2.88669e-01
    9.05869e+00     2.84364e-01
    9.11101e+00     2.80122e-01
    9.16363e+00     2.75942e-01
    9.21655e+00     2.71825e-01
    9.26978e+00     2.67767e-01
    9.32332e+00     2.63770e-01
    9.37717e+00     2.59832e-01
    9.43133e+00     2.55951e-01
    9.48580e+00     2.52128e-01
    9.54058e+00     2.48362e-01
    9.59568e+00     2.44651e-01
    9.65110e+00     2.40994e-01
    9.70684e+00     2.37392e-01
    9.76290e+00     2.33843e-01
    9.81929e+00     2.30346e-01
    9.87600e+00     2.26901e-01
    9.93304e+00     2.23507e-01
    9.99041e+00     2.20163e-01
    1.00481e+01     2.16868e-01
    1.01061e+01     2.13622e-01
    1.01645e+01     2.10425e-01
    1.02232e+01     2.07274e-01
    1.02823e+01     2.04170e-01
    1.03416e+01     2.01112e-01
    1.04014e+01     1.98099e-01
    1.04614e+01     1.95131e-01
    1.05219e+01     1.92207e-01
    1.05826e+01     1.89326e-01
    1.06437e+01     1.86488e-01
    1.07052e+01     1.83692e-01
    1.07670e+01     1.80937e-01
    1.08292e+01     1.78223e-01
    1.08918e+01     1.75549e-01
    1.09547e+01     1.72915e-01
    1.10180e+01     1.70320e-01
    1.10816e+01     1.67764e-01
    1.11456e+01     1.65245e-01
    1.12100e+01     1.62764e-01
    1.12747e+01     1.60320e-01
    1.13398e+01     1.57912e-01
    1.14053e+01     1.55540e-01
    1.14712e+01     1.53203e-01
    1.15374e+01     1.50900e-01
    1.16041e+01     1.48632e-01
    1.16711e+01     1.46398e-01
    1.17385e+01     1.44196e-01
    1.18063e+01     1.42028e-01
    1.18745e+01     1.39892e-01
    1.19431e+01     1.37787e-01
    1.20120e+01     1.35714e-01
    1.20814e+01     1.33672e-01
    1.21512e+01     1.31660e-01
    1.22214e+01     1.29678e-01
    1.22919e+01     1.27725e-01
    1.23629e+01     1.25802e-01
    1.24343e+01     1.23907e-01
    1.25062e+01     1.22040e-01
    1.25784e+01     1.20201e-01
    1.26510e+01     1.18390e-01
    1.27241e+01     1.16606e-01
    1.27976e+01     1.14848e-01
    1.28715e+01     1.13116e-01
    1.29458e+01     1.11410e-01
    1.30206e+01     1.09730e-01
    1.30958e+01     1.08075e-01
    1.31714e+01     1.06444e-01
    1.32475e+01     1.04838e-01
    1.33240e+01     1.03256e-01
    1.34010e+01     1.01697e-01
    1.34784e+01     1.00162e-01
    1.35562e+01     9.86492e-02
    1.36345e+01     9.71593e-02
    1.37133e+01     9.56917e-02
    1.37925e+01     9.42460e-02
    1.38721e+01     9.28219e-02
    1.39522e+01     9.14191e-02
    1.40328e+01     9.00373e-02
    1.41139e+01     8.86761e-02
    1.41954e+01     8.73353e-02
    1.42774e+01     8.60145e-02
    1.43598e+01     8.47136e-02
    1.44427e+01     8.34320e-02
    1.45262e+01     8.21697e-02
    1.46101e+01     8.09263e-02
    1.46944e+01     7.97014e-02
    1.47793e+01     7.84950e-02
    1.48647e+01     7.73066e-02
    1.49505e+01     7.61360e-02
    1.50369e+01     7.49829e-02
    1.51237e+01     7.38471e-02
    1.52111e+01     7.27284e-02
    1.52989e+01     7.16264e-02
    1.53873e+01     7.05409e-02
    1.54761e+01     6.94717e-02
    1.55655e+01     6.84186e-02
    1.56554e+01     6.73813e-02
    1.57458e+01     6.63595e-02
    1.58368e+01     6.53531e-02
    1.59282e+01     6.43617e-02
    1.60202e+01     6.33853e-02
    1.61127e+01     6.24235e-02
    1.62058e+01     6.14762e-02
    1.62994e+01     6.05431e-02
    1.63935e+01     5.96240e-02
    1.64882e+01     5.87188e-02
    1.65834e+01     5.78271e-02
    1.66792e+01     5.69489e-02
    1.67756e+01     5.60838e-02
    1.68724e+01     5.52318e-02
    1.69699e+01     5.43926e-02
    1.70679e+01     5.35660e-02
    1.71665e+01     5.27518e-02
    1.72656e+01     5.19499e-02
    1.73653e+01     5.11601e-02
    1.74656e+01     5.03821e-02
    1.75665e+01     4.96159e-02
    1.76680e+01     4.88612e-02
    1.77700e+01     4.81179e-02
    1.78726e+01     4.73857e-02
    1.79759e+01     4.66646e-02
    1.80797e+01     4.59544e-02
    1.81841e+01     4.52549e-02
    1.82891e+01     4.45659e-02
    1.83947e+01     4.38873e-02
    1.85010e+01     4.32189e-02
    1.86078e+01     4.25606e-02
    1.87153e+01     4.19123e-02
    1.88234e+01     4.12737e-02
    1.89321e+01     4.06447e-02
    1.90414e+01     4.00253e-02
    1.91514e+01     3.94152e-02
    1.92620e+01     3.88143e-02
    1.93733e+01     3.82225e-02
    1.94852e+01     3.76396e-02
    1.95977e+01     3.70655e-02
    1.97109e+01     3.65001e-02
    1.98247e+01     3.59432e-02
    1.99392e+01     3.53948e-02
    2.00544e+01     3.48546e-02
    2.01702e+01     3.43226e-02
    2.02867e+01     3.37986e-02
    2.04039e+01     3.32826e-02
    2.05217e+01     3.27744e-02
    2.06402e+01     3.22738e-02
    2.07594e+01     3.17808e-02
    2.08793e+01     3.12953e-02
    2.09999e+01     3.08171e-02
    2.11212e+01     3.03462e-02
    2.12432e+01     2.98824e-02
    2.13659e+01     2.94256e-02
    2.14893e+01     2.89757e-02
    2.16134e+01     2.85327e-02
    2.17382e+01     2.80963e-02
    2.18638e+01     2.76666e-02
    2.19900e+01     2.72434e-02
    2.21170e+01     2.68266e-02
    2.22448e+01     2.64161e-02
    2.23732e+01     2.60118e-02
    2.25025e+01     2.56137e-02
    2.26324e+01     2.52216e-02
    2.27631e+01     2.48354e-02
    2.28946e+01     2.44551e-02
    2.30268e+01     2.40806e-02
    2.31598e+01     2.37117e-02
    2.32936e+01     2.33485e-02
    2.34281e+01     2.29907e-02
    2.35634e+01     2.26384e-02
    2.36995e+01     2.22914e-02
    2.38364e+01     2.19498e-02
    2.39741e+01     2.16132e-02
    2.41125e+01     2.12819e-02
    2.42518e+01     2.09555e-02
    2.43918e+01     2.06341e-02
    2.45327e+01     2.03176e-02
    2.46744e+01     2.00059e-02
    2.48169e+01     1.96989e-02
    2.49602e+01     1.93966e-02
    2.51044e+01     1.90989e-02
    2.52494e+01     1.88058e-02
    2.53952e+01     1.85170e-02
    2.55419e+01     1.82327e-02
    2.56894e+01     1.79527e-02
    2.58378e+01     1.76770e-02
    2.59870e+01     1.74055e-02
    2.61371e+01     1.71381e-02
    2.62880e+01     1.68747e-02
    2.64399e+01     1.66154e-02
    2.65926e+01     1.63600e-02
    2.67462e+01     1.61085e-02
    2.69006e+01     1.58609e-02
    2.70560e+01     1.56170e-02
    2.72123e+01     1.53769e-02
    2.73694e+01     1.51404e-02
    2.75275e+01     1.49075e-02
    2.76865e+01     1.46781e-02
    2.78464e+01     1.44523e-02
    2.80072e+01     1.42299e-02
    2.81690e+01     1.40108e-02
    2.83316e+01     1.37952e-02
    2.84953e+01     1.35828e-02
    2.86598e+01     1.33737e-02
    2.88254e+01     1.31677e-02
    2.89919e+01     1.29649e-02
    2.91593e+01     1.27652e-02
    2.93277e+01     1.25685e-02
    2.94971e+01     1.23749e-02
    2.96674e+01     1.21842e-02
    2.98388e+01     1.19964e-02
    3.00111e+01     1.18114e-02
    3.01844e+01     1.16293e-02
    3.03588e+01     1.14500e-02
    3.05341e+01     1.12735e-02
    3.07105e+01     1.10996e-02
    3.08878e+01     1.09284e-02
    3.10662e+01     1.07598e-02
    3.12456e+01     1.05937e-02
    3.14261e+01     1.04303e-02
    3.16076e+01     1.02693e-02
    3.17902e+01     1.01108e-02
    3.19738e+01     9.95467e-03
    3.21584e+01     9.80096e-03
    3.23442e+01     9.64960e-03
    3.25310e+01     9.50057e-03
    3.27188e+01     9.35381e-03
    3.29078e+01     9.20930e-03
    3.30979e+01     9.06700e-03
    3.32890e+01     8.92688e-03
    3.34813e+01     8.78891e-03
    3.36746e+01     8.65305e-03
    3.38691e+01     8.51927e-03
    3.40647e+01     8.38755e-03
    3.42615e+01     8.25784e-03
    3.44594e+01     8.13012e-03
    3.46584e+01     8.00435e-03
    3.48585e+01     7.88052e-03
    3.50599e+01     7.75858e-03
    3.52624e+01     7.63851e-03
    3.54660e+01     7.52029e-03
    3.56709e+01     7.40388e-03
    3.58769e+01     7.28925e-03
    3.60841e+01     7.17638e-03
    3.62925e+01     7.06525e-03
    3.65021e+01     6.95582e-03
    3.67129e+01     6.84807e-03
    3.69249e+01     6.74197e-03
    3.71382e+01     6.63750e-03
    3.73527e+01     6.53464e-03
    3.75684e+01     6.43336e-03
    3.77854e+01     6.33363e-03
    3.80036e+01     6.23543e-03
    3.82231e+01     6.13875e-03
    3.84439e+01     6.04355e-03
    3.86659e+01     5.94981e-03
    3.88892e+01     5.85751e-03
    3.91138e+01     5.76663e-03
    3.93397e+01     5.67715e-03
    3.95669e+01     5.58905e-03
    3.97954e+01     5.50230e-03
    4.00253e+01     5.41688e-03
    4.02564e+01     5.33278e-03
    4.04889e+01     5.24997e-03
    4.07228e+01     5.16844e-03
    4.09580e+01     5.08816e-03
    4.11945e+01     5.00912e-03
    4.14324e+01     4.93129e-03
    4.16717e+01     4.85466e-03
    4.19124e+01     4.77921e-03
    4.21545e+01     4.70493e-03
    4.23979e+01     4.63179e-03
    4.26428e+01     4.55977e-03
    4.28891e+01     4.48886e-03
    4.31368e+01     4.41905e-03
    4.33859e+01     4.35031e-03
    4.36365e+01     4.28264e-03
    4.38885e+01     4.21600e-03
    4.41420e+01     4.15039e-03
    4.43969e+01     4.08580e-03
    4.46534e+01     4.02220e-03
    4.49113e+01     3.95958e-03
    4.51706e+01     3.89792e-03
    4.54315e+01     3.83722e-03
    4.56939e+01     3.77746e-03
    4.59578e+01     3.71861e-03
    4.62232e+01     3.66068e-03
    4.64902e+01     3.60364e-03
    4.67587e+01     3.54747e-03
    4.70288e+01     3.49218e-03
    4.73004e+01     3.43774e-03
    4.75736e+01     3.38414e-03
    4.78483e+01     3.33137e-03
    4.81247e+01     3.27941e-03
    4.84026e+01     3.22826e-03
    4.86821e+01     3.17789e-03
    4.89633e+01     3.12831e-03
    4.92461e+01     3.07949e-03
    4.95305e+01     3.03142e-03
    4.98166e+01     2.98410e-03
    5.01043e+01     2.93751e-03
    5.03937e+01     2.89164e-03
    5.06847e+01     2.84648e-03
    5.09774e+01     2.80202e-03
    5.12719e+01     2.75825e-03
    5.15680e+01     2.71515e-03
    5.18658e+01     2.67272e-03
    5.21654e+01     2.63095e-03
    5.24666e+01     2.58982e-03
    5.27697e+01     2.54933e-03
    5.30744e+01     2.50946e-03
    5.33810e+01     2.47022e-03
    5.36893e+01     2.43158e-03
    5.39993e+01     2.39354e-03
    5.43112e+01     2.35609e-03
    5.46249e+01     2.31922e-03
    5.49404e+01     2.28292e-03
    5.52577e+01     2.24718e-03
    5.55768e+01     2.21200e-03
    5.58978e+01     2.17736e-03
    5.62206e+01     2.14326e-03
    5.65453e+01     2.10969e-03
    5.68719e+01     2.07663e-03
    5.72004e+01     2.04409e-03
    5.75307e+01     2.01206e-03
    5.78630e+01     1.98052e-03
    5.81972e+01     1.94947e-03
    5.85333e+01     1.91891e-03
    5.88714e+01     1.88881e-03
    5.92114e+01     1.85919e-03
    5.95534e+01     1.83002e-03
    5.98973e+01     1.80131e-03
    6.02432e+01     1.77304e-03
    6.05912e+01     1.74521e-03
    6.09411e+01     1.71782e-03
    6.12931e+01     1.69084e-03
    6.16471e+01     1.66429e-03
    6.20031e+01     1.63815e-03
    6.23612e+01     1.61242e-03
    6.27214e+01     1.58709e-03
    6.30836e+01     1.56215e-03
    6.34480e+01     1.53759e-03
    6.38144e+01     1.51342e-03
    6.41830e+01     1.48963e-03
    6.45536e+01     1.46620e-03
    6.49265e+01     1.44314e-03
    6.53015e+01     1.42044e-03
    6.56786e+01     1.39809e-03
    6.60579e+01     1.37609e-03
    6.64394e+01     1.35444e-03
    6.68232e+01     1.33311e-03
    6.72091e+01     1.31212e-03
    6.75973e+01     1.29146e-03
    6.79877e+01     1.27112e-03
    6.83803e+01     1.25110e-03
    6.87753e+01     1.23138e-03
    6.91725e+01     1.21198e-03
    6.95720e+01     1.19288e-03
    6.99738e+01     1.17407e-03
    7.03779e+01     1.15556e-03
    7.07844e+01     1.13733e-03
    7.11932e+01     1.11939e-03
    7.16044e+01     1.10173e-03
    7.20179e+01     1.08435e-03
    7.24339e+01     1.06723e-03
    7.28522e+01     1.05039e-03
    7.32730e+01     1.03380e-03
    7.36961e+01     1.01748e-03
    7.41218e+01     1.00141e-03
    7.45499e+01     9.85585e-04
    7.49804e+01     9.70011e-04
    7.54135e+01     9.54680e-04
    7.58490e+01     9.39589e-04
    7.62871e+01     9.24733e-04
    7.67277e+01     9.10109e-04
    7.71708e+01     8.95714e-04
    7.76165e+01     8.81543e-04
    7.80648e+01     8.67593e-04
    7.85157e+01     8.53862e-04
    7.89691e+01     8.40345e-04
    7.94252e+01     8.27039e-04
    7.98839e+01     8.13941e-04
    8.03453e+01     8.01048e-04
    8.08093e+01     7.88357e-04
    8.12760e+01     7.75863e-04
    8.17454e+01     7.63566e-04
    8.22176e+01     7.51460e-04
    8.26924e+01     7.39544e-04
    8.31700e+01     7.27814e-04
    8.36503e+01     7.16268e-04
    8.41335e+01     7.04903e-04
    8.46194e+01     6.93715e-04
    8.51081e+01     6.82703e-04
    8.55996e+01     6.71863e-04
    8.60940e+01     6.61192e-04
    8.65912e+01     6.50689e-04
    8.70913e+01     6.40350e-04
    8.75943e+01     6.30173e-04
    8.81002e+01     6.20156e-04
    8.86091e+01     6.10295e-04
    8.91208e+01     6.00589e-04
    8.96355e+01     5.91035e-04
    9.01532e+01     5.81631e-04
    9.06739e+01     5.72374e-04
    9.11976e+01     5.63263e-04
    9.17243e+01     5.54294e-04
    9.22540e+01     5.45466e-04
    9.27869e+01     5.36776e-04
    9.33227e+01     5.28223e-04
    9.38617e+01     5.19804e-04
    9.44038e+01     5.11517e-04
    9.49490e+01     5.03360e-04
    9.54974e+01     4.95331e-04
    9.60490e+01     4.87428e-04
    9.66037e+01     4.79649e-04
    9.71616e+01     4.71992e-04
    9.77228e+01     4.64456e-04
    9.82872e+01     4.57038e-04
    9.88548e+01     4.49737e-04
    9.94258e+01     4.42550e-04
    1.00000e+02     4.35476e-04
