# The (real space) HaloFit power spectrum from CLASS.
#      k[h/Mpc]            P(k)
    1.00000e-04     4.91142e+02
    1.00578e-04     4.93828e+02
    1.01158e-04     4.96529e+02
    1.01743e-04     4.99244e+02
    1.02330e-04     5.01974e+02
    1.02921e-04     5.04719e+02
    1.03516e-04     5.07479e+02
    1.04114e-04     5.10254e+02
    1.04715e-04     5.13045e+02
    1.05320e-04     5.15850e+02
    1.05928e-04     5.18671e+02
    1.06540e-04     5.21507e+02
    1.07155e-04     5.24359e+02
    1.07774e-04     5.27227e+02
    1.08396e-04     5.30110e+02
    1.09022e-04     5.33008e+02
    1.09652e-04     5.35923e+02
    1.10285e-04     5.38853e+02
    1.10922e-04     5.41800e+02
    1.11563e-04     5.44763e+02
    1.12207e-04     5.47741e+02
    1.12855e-04     5.50736e+02
    1.13507e-04     5.53748e+02
    1.14163e-04     5.56776e+02
    1.14822e-04     5.59820e+02
    1.15485e-04     5.62881e+02
    1.16152e-04     5.65959e+02
    1.16823e-04     5.69053e+02
    1.17498e-04     5.72165e+02
    1.18176e-04     5.75293e+02
    1.18859e-04     5.78438e+02
    1.19545e-04     5.81601e+02
    1.20236e-04     5.84781e+02
    1.20930e-04     5.87978e+02
    1.21629e-04     5.91193e+02
    1.22331e-04     5.94425e+02
    1.23038e-04     5.97675e+02
    1.23748e-04     6.00943e+02
    1.24463e-04     6.04228e+02
    1.25182e-04     6.07532e+02
    1.25905e-04     6.10853e+02
    1.26632e-04     6.14193e+02
    1.27363e-04     6.17551e+02
    1.28099e-04     6.20927e+02
    1.28839e-04     6.24321e+02
    1.29583e-04     6.27735e+02
    1.30331e-04     6.31166e+02
    1.31084e-04     6.34617e+02
    1.31841e-04     6.38086e+02
    1.32602e-04     6.41574e+02
    1.33368e-04     6.45081e+02
    1.34138e-04     6.48608e+02
    1.34913e-04     6.52153e+02
    1.35692e-04     6.55718e+02
    1.36476e-04     6.59303e+02
    1.37264e-04     6.62907e+02
    1.38057e-04     6.66531e+02
    1.38854e-04     6.70174e+02
    1.39656e-04     6.73837e+02
    1.40463e-04     6.77520e+02
    1.41274e-04     6.81224e+02
    1.42090e-04     6.84947e+02
    1.42911e-04     6.88691e+02
    1.43736e-04     6.92456e+02
    1.44566e-04     6.96240e+02
    1.45401e-04     7.00046e+02
    1.46241e-04     7.03872e+02
    1.47085e-04     7.07719e+02
    1.47935e-04     7.11587e+02
    1.48789e-04     7.15476e+02
    1.49649e-04     7.19387e+02
    1.50513e-04     7.23318e+02
    1.51382e-04     7.27272e+02
    1.52257e-04     7.31246e+02
    1.53136e-04     7.35243e+02
    1.54020e-04     7.39261e+02
    1.54910e-04     7.43301e+02
    1.55805e-04     7.47363e+02
    1.56704e-04     7.51447e+02
    1.57609e-04     7.55553e+02
    1.58520e-04     7.59682e+02
    1.59435e-04     7.63834e+02
    1.60356e-04     7.68008e+02
    1.61282e-04     7.72204e+02
    1.62214e-04     7.76424e+02
    1.63151e-04     7.80667e+02
    1.64093e-04     7.84932e+02
    1.65041e-04     7.89221e+02
    1.65994e-04     7.93534e+02
    1.66952e-04     7.97869e+02
    1.67917e-04     8.02229e+02
    1.68886e-04     8.06612e+02
    1.69862e-04     8.11019e+02
    1.70843e-04     8.15450e+02
    1.71830e-04     8.19905e+02
    1.72822e-04     8.24385e+02
    1.73820e-04     8.28889e+02
    1.74824e-04     8.33417e+02
    1.75834e-04     8.37970e+02
    1.76849e-04     8.42548e+02
    1.77871e-04     8.47151e+02
    1.78898e-04     8.51779e+02
    1.79931e-04     8.56432e+02
    1.80970e-04     8.61110e+02
    1.82016e-04     8.65814e+02
    1.83067e-04     8.70544e+02
    1.84124e-04     8.75299e+02
    1.85187e-04     8.80080e+02
    1.86257e-04     8.84887e+02
    1.87333e-04     8.89720e+02
    1.88415e-04     8.94580e+02
    1.89503e-04     8.99466e+02
    1.90597e-04     9.04379e+02
    1.91698e-04     9.09318e+02
    1.92805e-04     9.14284e+02
    1.93919e-04     9.19277e+02
    1.95039e-04     9.24298e+02
    1.96165e-04     9.29346e+02
    1.97298e-04     9.34421e+02
    1.98438e-04     9.39524e+02
    1.99584e-04     9.44654e+02
    2.00736e-04     9.49813e+02
    2.01896e-04     9.54999e+02
    2.03062e-04     9.60214e+02
    2.04235e-04     9.65457e+02
    2.05414e-04     9.70728e+02
    2.06600e-04     9.76029e+02
    2.07794e-04     9.81358e+02
    2.08994e-04     9.86716e+02
    2.10201e-04     9.92103e+02
    2.11415e-04     9.97519e+02
    2.12636e-04     1.00297e+03
    2.13864e-04     1.00844e+03
    2.15099e-04     1.01395e+03
    2.16341e-04     1.01948e+03
    2.17591e-04     1.02505e+03
    2.18848e-04     1.03064e+03
    2.20112e-04     1.03627e+03
    2.21383e-04     1.04192e+03
    2.22661e-04     1.04761e+03
    2.23947e-04     1.05333e+03
    2.25241e-04     1.05908e+03
    2.26542e-04     1.06486e+03
    2.27850e-04     1.07067e+03
    2.29166e-04     1.07651e+03
    2.30489e-04     1.08239e+03
    2.31821e-04     1.08829e+03
    2.33160e-04     1.09423e+03
    2.34506e-04     1.10020e+03
    2.35861e-04     1.10621e+03
    2.37223e-04     1.11224e+03
    2.38593e-04     1.11831e+03
    2.39971e-04     1.12441e+03
    2.41357e-04     1.13055e+03
    2.42751e-04     1.13672e+03
    2.44153e-04     1.14292e+03
    2.45563e-04     1.14915e+03
    2.46981e-04     1.15542e+03
    2.48407e-04     1.16173e+03
    2.49842e-04     1.16806e+03
    2.51285e-04     1.17443e+03
    2.52736e-04     1.18084e+03
    2.54196e-04     1.18728e+03
    2.55664e-04     1.19376e+03
    2.57141e-04     1.20027e+03
    2.58626e-04     1.20681e+03
    2.60120e-04     1.21340e+03
    2.61622e-04     1.22001e+03
    2.63133e-04     1.22667e+03
    2.64653e-04     1.23336e+03
    2.66181e-04     1.24008e+03
    2.67718e-04     1.24684e+03
    2.69265e-04     1.25364e+03
    2.70820e-04     1.26048e+03
    2.72384e-04     1.26735e+03
    2.73957e-04     1.27426e+03
    2.75539e-04     1.28120e+03
    2.77131e-04     1.28819e+03
    2.78731e-04     1.29521e+03
    2.80341e-04     1.30227e+03
    2.81960e-04     1.30937e+03
    2.83589e-04     1.31650e+03
    2.85226e-04     1.32368e+03
    2.86874e-04     1.33089e+03
    2.88531e-04     1.33815e+03
    2.90197e-04     1.34544e+03
    2.91873e-04     1.35277e+03
    2.93559e-04     1.36014e+03
    2.95254e-04     1.36755e+03
    2.96959e-04     1.37500e+03
    2.98674e-04     1.38249e+03
    3.00399e-04     1.39003e+03
    3.02134e-04     1.39760e+03
    3.03879e-04     1.40521e+03
    3.05634e-04     1.41287e+03
    3.07400e-04     1.42056e+03
    3.09175e-04     1.42830e+03
    3.10961e-04     1.43608e+03
    3.12756e-04     1.44390e+03
    3.14563e-04     1.45176e+03
    3.16380e-04     1.45967e+03
    3.18207e-04     1.46762e+03
    3.20045e-04     1.47561e+03
    3.21893e-04     1.48364e+03
    3.23752e-04     1.49172e+03
    3.25622e-04     1.49984e+03
    3.27503e-04     1.50801e+03
    3.29394e-04     1.51621e+03
    3.31296e-04     1.52447e+03
    3.33210e-04     1.53276e+03
    3.35134e-04     1.54111e+03
    3.37070e-04     1.54949e+03
    3.39017e-04     1.55793e+03
    3.40975e-04     1.56640e+03
    3.42944e-04     1.57493e+03
    3.44925e-04     1.58350e+03
    3.46917e-04     1.59211e+03
    3.48920e-04     1.60077e+03
    3.50935e-04     1.60948e+03
    3.52962e-04     1.61824e+03
    3.55001e-04     1.62704e+03
    3.57051e-04     1.63589e+03
    3.59113e-04     1.64478e+03
    3.61187e-04     1.65373e+03
    3.63273e-04     1.66272e+03
    3.65371e-04     1.67176e+03
    3.67482e-04     1.68085e+03
    3.69604e-04     1.68999e+03
    3.71739e-04     1.69918e+03
    3.73886e-04     1.70841e+03
    3.76045e-04     1.71770e+03
    3.78217e-04     1.72703e+03
    3.80401e-04     1.73642e+03
    3.82598e-04     1.74586e+03
    3.84808e-04     1.75534e+03
    3.87030e-04     1.76488e+03
    3.89266e-04     1.77447e+03
    3.91514e-04     1.78411e+03
    3.93775e-04     1.79380e+03
    3.96049e-04     1.80355e+03
    3.98337e-04     1.81334e+03
    4.00637e-04     1.82319e+03
    4.02951e-04     1.83309e+03
    4.05278e-04     1.84305e+03
    4.07619e-04     1.85305e+03
    4.09973e-04     1.86311e+03
    4.12341e-04     1.87323e+03
    4.14722e-04     1.88340e+03
    4.17118e-04     1.89362e+03
    4.19527e-04     1.90390e+03
    4.21950e-04     1.91423e+03
    4.24387e-04     1.92462e+03
    4.26838e-04     1.93506e+03
    4.29303e-04     1.94556e+03
    4.31782e-04     1.95611e+03
    4.34276e-04     1.96673e+03
    4.36784e-04     1.97739e+03
    4.39307e-04     1.98812e+03
    4.41844e-04     1.99890e+03
    4.44396e-04     2.00974e+03
    4.46962e-04     2.02064e+03
    4.49544e-04     2.03159e+03
    4.52140e-04     2.04260e+03
    4.54751e-04     2.05368e+03
    4.57378e-04     2.06481e+03
    4.60019e-04     2.07600e+03
    4.62676e-04     2.08725e+03
    4.65348e-04     2.09856e+03
    4.68036e-04     2.10993e+03
    4.70739e-04     2.12136e+03
    4.73458e-04     2.13285e+03
    4.76192e-04     2.14440e+03
    4.78943e-04     2.15601e+03
    4.81709e-04     2.16769e+03
    4.84491e-04     2.17942e+03
    4.87289e-04     2.19122e+03
    4.90103e-04     2.20308e+03
    4.92934e-04     2.21501e+03
    4.95781e-04     2.22699e+03
    4.98644e-04     2.23905e+03
    5.01524e-04     2.25116e+03
    5.04421e-04     2.26334e+03
    5.07334e-04     2.27558e+03
    5.10264e-04     2.28789e+03
    5.13211e-04     2.30026e+03
    5.16175e-04     2.31270e+03
    5.19156e-04     2.32521e+03
    5.22155e-04     2.33778e+03
    5.25170e-04     2.35041e+03
    5.28203e-04     2.36312e+03
    5.31254e-04     2.37589e+03
    5.34322e-04     2.38873e+03
    5.37408e-04     2.40163e+03
    5.40512e-04     2.41461e+03
    5.43634e-04     2.42765e+03
    5.46773e-04     2.44076e+03
    5.49931e-04     2.45394e+03
    5.53107e-04     2.46719e+03
    5.56302e-04     2.48051e+03
    5.59515e-04     2.49390e+03
    5.62746e-04     2.50736e+03
    5.65996e-04     2.52089e+03
    5.69265e-04     2.53449e+03
    5.72553e-04     2.54816e+03
    5.75860e-04     2.56191e+03
    5.79186e-04     2.57572e+03
    5.82531e-04     2.58961e+03
    5.85895e-04     2.60357e+03
    5.89279e-04     2.61761e+03
    5.92682e-04     2.63172e+03
    5.96105e-04     2.64590e+03
    5.99548e-04     2.66016e+03
    6.03011e-04     2.67449e+03
    6.06494e-04     2.68890e+03
    6.09996e-04     2.70338e+03
    6.13519e-04     2.71794e+03
    6.17063e-04     2.73257e+03
    6.20627e-04     2.74728e+03
    6.24211e-04     2.76207e+03
    6.27816e-04     2.77693e+03
    6.31442e-04     2.79187e+03
    6.35089e-04     2.80689e+03
    6.38757e-04     2.82199e+03
    6.42446e-04     2.83717e+03
    6.46156e-04     2.85242e+03
    6.49888e-04     2.86776e+03
    6.53642e-04     2.88317e+03
    6.57417e-04     2.89867e+03
    6.61214e-04     2.91424e+03
    6.65032e-04     2.92990e+03
    6.68873e-04     2.94564e+03
    6.72736e-04     2.96146e+03
    6.76622e-04     2.97736e+03
    6.80530e-04     2.99334e+03
    6.84460e-04     3.00941e+03
    6.88413e-04     3.02556e+03
    6.92389e-04     3.04179e+03
    6.96388e-04     3.05811e+03
    7.00410e-04     3.07451e+03
    7.04455e-04     3.09100e+03
    7.08524e-04     3.10757e+03
    7.12616e-04     3.12423e+03
    7.16731e-04     3.14097e+03
    7.20871e-04     3.15780e+03
    7.25034e-04     3.17472e+03
    7.29222e-04     3.19172e+03
    7.33433e-04     3.20882e+03
    7.37669e-04     3.22599e+03
    7.41930e-04     3.24326e+03
    7.46215e-04     3.26062e+03
    7.50524e-04     3.27806e+03
    7.54859e-04     3.29560e+03
    7.59219e-04     3.31322e+03
    7.63603e-04     3.33094e+03
    7.68014e-04     3.34875e+03
    7.72449e-04     3.36664e+03
    7.76910e-04     3.38463e+03
    7.81398e-04     3.40272e+03
    7.85910e-04     3.42089e+03
    7.90449e-04     3.43916e+03
    7.95015e-04     3.45752e+03
    7.99606e-04     3.47597e+03
    8.04224e-04     3.49452e+03
    8.08869e-04     3.51316e+03
    8.13541e-04     3.53190e+03
    8.18239e-04     3.55073e+03
    8.22965e-04     3.56966e+03
    8.27718e-04     3.58868e+03
    8.32499e-04     3.60781e+03
    8.37307e-04     3.62703e+03
    8.42142e-04     3.64634e+03
    8.47006e-04     3.66576e+03
    8.51898e-04     3.68527e+03
    8.56818e-04     3.70488e+03
    8.61767e-04     3.72459e+03
    8.66744e-04     3.74440e+03
    8.71750e-04     3.76431e+03
    8.76785e-04     3.78433e+03
    8.81848e-04     3.80444e+03
    8.86941e-04     3.82465e+03
    8.92064e-04     3.84497e+03
    8.97216e-04     3.86539e+03
    9.02398e-04     3.88591e+03
    9.07610e-04     3.90653e+03
    9.12852e-04     3.92726e+03
    9.18124e-04     3.94809e+03
    9.23426e-04     3.96903e+03
    9.28760e-04     3.99007e+03
    9.34124e-04     4.01122e+03
    9.39519e-04     4.03247e+03
    9.44945e-04     4.05383e+03
    9.50402e-04     4.07530e+03
    9.55891e-04     4.09687e+03
    9.61412e-04     4.11855e+03
    9.66965e-04     4.14034e+03
    9.72549e-04     4.16224e+03
    9.78166e-04     4.18424e+03
    9.83816e-04     4.20636e+03
    9.89498e-04     4.22859e+03
    9.95212e-04     4.25092e+03
    1.00096e-03     4.27337e+03
    1.00674e-03     4.29593e+03
    1.01256e-03     4.31860e+03
    1.01840e-03     4.34138e+03
    1.02429e-03     4.36428e+03
    1.03020e-03     4.38729e+03
    1.03615e-03     4.41041e+03
    1.04214e-03     4.43365e+03
    1.04815e-03     4.45700e+03
    1.05421e-03     4.48046e+03
    1.06030e-03     4.50404e+03
    1.06642e-03     4.52774e+03
    1.07258e-03     4.55156e+03
    1.07877e-03     4.57549e+03
    1.08500e-03     4.59954e+03
    1.09127e-03     4.62370e+03
    1.09757e-03     4.64798e+03
    1.10391e-03     4.67239e+03
    1.11029e-03     4.69691e+03
    1.11670e-03     4.72155e+03
    1.12315e-03     4.74631e+03
    1.12964e-03     4.77119e+03
    1.13616e-03     4.79620e+03
    1.14272e-03     4.82132e+03
    1.14932e-03     4.84657e+03
    1.15596e-03     4.87193e+03
    1.16264e-03     4.89742e+03
    1.16935e-03     4.92304e+03
    1.17610e-03     4.94878e+03
    1.18290e-03     4.97464e+03
    1.18973e-03     5.00062e+03
    1.19660e-03     5.02673e+03
    1.20351e-03     5.05297e+03
    1.21046e-03     5.07933e+03
    1.21745e-03     5.10582e+03
    1.22448e-03     5.13244e+03
    1.23156e-03     5.15918e+03
    1.23867e-03     5.18605e+03
    1.24582e-03     5.21305e+03
    1.25302e-03     5.24018e+03
    1.26026e-03     5.26743e+03
    1.26753e-03     5.29482e+03
    1.27485e-03     5.32233e+03
    1.28222e-03     5.34998e+03
    1.28962e-03     5.37776e+03
    1.29707e-03     5.40567e+03
    1.30456e-03     5.43371e+03
    1.31210e-03     5.46188e+03
    1.31967e-03     5.49019e+03
    1.32730e-03     5.51862e+03
    1.33496e-03     5.54720e+03
    1.34267e-03     5.57590e+03
    1.35043e-03     5.60474e+03
    1.35823e-03     5.63372e+03
    1.36607e-03     5.66283e+03
    1.37396e-03     5.69208e+03
    1.38190e-03     5.72146e+03
    1.38988e-03     5.75098e+03
    1.39790e-03     5.78064e+03
    1.40598e-03     5.81043e+03
    1.41410e-03     5.84037e+03
    1.42226e-03     5.87044e+03
    1.43048e-03     5.90065e+03
    1.43874e-03     5.93100e+03
    1.44705e-03     5.96149e+03
    1.45541e-03     5.99212e+03
    1.46381e-03     6.02289e+03
    1.47227e-03     6.05380e+03
    1.48077e-03     6.08485e+03
    1.48932e-03     6.11605e+03
    1.49792e-03     6.14738e+03
    1.50658e-03     6.17886e+03
    1.51528e-03     6.21049e+03
    1.52403e-03     6.24225e+03
    1.53283e-03     6.27416e+03
    1.54168e-03     6.30622e+03
    1.55059e-03     6.33842e+03
    1.55954e-03     6.37076e+03
    1.56855e-03     6.40326e+03
    1.57761e-03     6.43589e+03
    1.58672e-03     6.46868e+03
    1.59588e-03     6.50161e+03
    1.60510e-03     6.53469e+03
    1.61437e-03     6.56791e+03
    1.62369e-03     6.60129e+03
    1.63307e-03     6.63481e+03
    1.64250e-03     6.66848e+03
    1.65199e-03     6.70230e+03
    1.66153e-03     6.73628e+03
    1.67113e-03     6.77040e+03
    1.68078e-03     6.80467e+03
    1.69049e-03     6.83909e+03
    1.70025e-03     6.87367e+03
    1.71007e-03     6.90840e+03
    1.71995e-03     6.94327e+03
    1.72988e-03     6.97831e+03
    1.73987e-03     7.01349e+03
    1.74992e-03     7.04883e+03
    1.76003e-03     7.08432e+03
    1.77019e-03     7.11996e+03
    1.78041e-03     7.15576e+03
    1.79070e-03     7.19171e+03
    1.80104e-03     7.22782e+03
    1.81144e-03     7.26408e+03
    1.82190e-03     7.30050e+03
    1.83243e-03     7.33708e+03
    1.84301e-03     7.37381e+03
    1.85365e-03     7.41070e+03
    1.86436e-03     7.44774e+03
    1.87513e-03     7.48494e+03
    1.88596e-03     7.52230e+03
    1.89685e-03     7.55981e+03
    1.90780e-03     7.59749e+03
    1.91882e-03     7.63532e+03
    1.92990e-03     7.67331e+03
    1.94105e-03     7.71146e+03
    1.95226e-03     7.74977e+03
    1.96354e-03     7.78824e+03
    1.97488e-03     7.82687e+03
    1.98628e-03     7.86566e+03
    1.99775e-03     7.90461e+03
    2.00929e-03     7.94372e+03
    2.02090e-03     7.98299e+03
    2.03257e-03     8.02242e+03
    2.04431e-03     8.06201e+03
    2.05611e-03     8.10177e+03
    2.06799e-03     8.14168e+03
    2.07993e-03     8.18176e+03
    2.09194e-03     8.22200e+03
    2.10403e-03     8.26241e+03
    2.11618e-03     8.30297e+03
    2.12840e-03     8.34370e+03
    2.14069e-03     8.38460e+03
    2.15306e-03     8.42566e+03
    2.16549e-03     8.46688e+03
    2.17800e-03     8.50826e+03
    2.19058e-03     8.54981e+03
    2.20323e-03     8.59152e+03
    2.21595e-03     8.63340e+03
    2.22875e-03     8.67544e+03
    2.24162e-03     8.71764e+03
    2.25457e-03     8.76001e+03
    2.26759e-03     8.80255e+03
    2.28069e-03     8.84525e+03
    2.29386e-03     8.88812e+03
    2.30711e-03     8.93115e+03
    2.32043e-03     8.97434e+03
    2.33383e-03     9.01771e+03
    2.34731e-03     9.06123e+03
    2.36087e-03     9.10493e+03
    2.37451e-03     9.14879e+03
    2.38822e-03     9.19281e+03
    2.40201e-03     9.23701e+03
    2.41589e-03     9.28136e+03
    2.42984e-03     9.32589e+03
    2.44387e-03     9.37058e+03
    2.45799e-03     9.41543e+03
    2.47218e-03     9.46046e+03
    2.48646e-03     9.50565e+03
    2.50082e-03     9.55100e+03
    2.51526e-03     9.59652e+03
    2.52979e-03     9.64221e+03
    2.54440e-03     9.68807e+03
    2.55910e-03     9.73409e+03
    2.57388e-03     9.78028e+03
    2.58874e-03     9.82663e+03
    2.60369e-03     9.87316e+03
    2.61873e-03     9.91984e+03
    2.63386e-03     9.96670e+03
    2.64907e-03     1.00137e+04
    2.66437e-03     1.00609e+04
    2.67975e-03     1.01083e+04
    2.69523e-03     1.01558e+04
    2.71080e-03     1.02035e+04
    2.72645e-03     1.02513e+04
    2.74220e-03     1.02993e+04
    2.75804e-03     1.03475e+04
    2.77397e-03     1.03959e+04
    2.78999e-03     1.04444e+04
    2.80610e-03     1.04931e+04
    2.82231e-03     1.05419e+04
    2.83861e-03     1.05909e+04
    2.85500e-03     1.06401e+04
    2.87149e-03     1.06894e+04
    2.88808e-03     1.07389e+04
    2.90476e-03     1.07886e+04
    2.92153e-03     1.08385e+04
    2.93841e-03     1.08884e+04
    2.95538e-03     1.09386e+04
    2.97244e-03     1.09889e+04
    2.98961e-03     1.10394e+04
    3.00688e-03     1.10901e+04
    3.02424e-03     1.11409e+04
    3.04171e-03     1.11919e+04
    3.05928e-03     1.12430e+04
    3.07695e-03     1.12943e+04
    3.09472e-03     1.13457e+04
    3.11259e-03     1.13974e+04
    3.13057e-03     1.14491e+04
    3.14865e-03     1.15011e+04
    3.16683e-03     1.15532e+04
    3.18512e-03     1.16054e+04
    3.20352e-03     1.16579e+04
    3.22202e-03     1.17104e+04
    3.24063e-03     1.17632e+04
    3.25935e-03     1.18161e+04
    3.27817e-03     1.18691e+04
    3.29710e-03     1.19223e+04
    3.31615e-03     1.19757e+04
    3.33530e-03     1.20292e+04
    3.35456e-03     1.20829e+04
    3.37394e-03     1.21367e+04
    3.39342e-03     1.21907e+04
    3.41302e-03     1.22449e+04
    3.43273e-03     1.22992e+04
    3.45256e-03     1.23536e+04
    3.47250e-03     1.24082e+04
    3.49255e-03     1.24630e+04
    3.51272e-03     1.25179e+04
    3.53301e-03     1.25729e+04
    3.55342e-03     1.26281e+04
    3.57394e-03     1.26835e+04
    3.59458e-03     1.27390e+04
    3.61534e-03     1.27946e+04
    3.63622e-03     1.28504e+04
    3.65722e-03     1.29064e+04
    3.67834e-03     1.29625e+04
    3.69959e-03     1.30187e+04
    3.72096e-03     1.30751e+04
    3.74245e-03     1.31316e+04
    3.76406e-03     1.31882e+04
    3.78580e-03     1.32450e+04
    3.80766e-03     1.33020e+04
    3.82965e-03     1.33591e+04
    3.85177e-03     1.34163e+04
    3.87402e-03     1.34736e+04
    3.89639e-03     1.35311e+04
    3.91890e-03     1.35888e+04
    3.94153e-03     1.36466e+04
    3.96429e-03     1.37045e+04
    3.98719e-03     1.37625e+04
    4.01022e-03     1.38207e+04
    4.03338e-03     1.38790e+04
    4.05667e-03     1.39374e+04
    4.08010e-03     1.39960e+04
    4.10367e-03     1.40547e+04
    4.12737e-03     1.41135e+04
    4.15121e-03     1.41724e+04
    4.17518e-03     1.42315e+04
    4.19929e-03     1.42907e+04
    4.22355e-03     1.43500e+04
    4.24794e-03     1.44094e+04
    4.27247e-03     1.44690e+04
    4.29715e-03     1.45287e+04
    4.32197e-03     1.45885e+04
    4.34693e-03     1.46484e+04
    4.37203e-03     1.47084e+04
    4.39729e-03     1.47686e+04
    4.42268e-03     1.48289e+04
    4.44822e-03     1.48892e+04
    4.47392e-03     1.49497e+04
    4.49975e-03     1.50103e+04
    4.52574e-03     1.50710e+04
    4.55188e-03     1.51318e+04
    4.57817e-03     1.51927e+04
    4.60461e-03     1.52537e+04
    4.63121e-03     1.53149e+04
    4.65795e-03     1.53761e+04
    4.68485e-03     1.54374e+04
    4.71191e-03     1.54988e+04
    4.73913e-03     1.55603e+04
    4.76650e-03     1.56219e+04
    4.79402e-03     1.56836e+04
    4.82171e-03     1.57454e+04
    4.84956e-03     1.58073e+04
    4.87757e-03     1.58692e+04
    4.90574e-03     1.59313e+04
    4.93407e-03     1.59934e+04
    4.96257e-03     1.60556e+04
    4.99123e-03     1.61179e+04
    5.02006e-03     1.61803e+04
    5.04905e-03     1.62428e+04
    5.07821e-03     1.63053e+04
    5.10754e-03     1.63679e+04
    5.13704e-03     1.64306e+04
    5.16671e-03     1.64933e+04
    5.19655e-03     1.65562e+04
    5.22656e-03     1.66190e+04
    5.25675e-03     1.66820e+04
    5.28711e-03     1.67450e+04
    5.31764e-03     1.68081e+04
    5.34835e-03     1.68712e+04
    5.37924e-03     1.69344e+04
    5.41031e-03     1.69976e+04
    5.44156e-03     1.70609e+04
    5.47299e-03     1.71243e+04
    5.50459e-03     1.71877e+04
    5.53639e-03     1.72511e+04
    5.56836e-03     1.73146e+04
    5.60052e-03     1.73781e+04
    5.63287e-03     1.74416e+04
    5.66540e-03     1.75052e+04
    5.69812e-03     1.75689e+04
    5.73103e-03     1.76325e+04
    5.76413e-03     1.76962e+04
    5.79742e-03     1.77599e+04
    5.83090e-03     1.78237e+04
    5.86458e-03     1.78874e+04
    5.89845e-03     1.79512e+04
    5.93252e-03     1.80150e+04
    5.96678e-03     1.80788e+04
    6.00124e-03     1.81426e+04
    6.03590e-03     1.82064e+04
    6.07076e-03     1.82703e+04
    6.10582e-03     1.83341e+04
    6.14108e-03     1.83979e+04
    6.17655e-03     1.84617e+04
    6.21223e-03     1.85256e+04
    6.24810e-03     1.85894e+04
    6.28419e-03     1.86532e+04
    6.32048e-03     1.87170e+04
    6.35699e-03     1.87808e+04
    6.39370e-03     1.88445e+04
    6.43063e-03     1.89083e+04
    6.46777e-03     1.89720e+04
    6.50512e-03     1.90357e+04
    6.54269e-03     1.90993e+04
    6.58048e-03     1.91629e+04
    6.61849e-03     1.92265e+04
    6.65671e-03     1.92900e+04
    6.69516e-03     1.93535e+04
    6.73382e-03     1.94170e+04
    6.77272e-03     1.94804e+04
    6.81183e-03     1.95438e+04
    6.85117e-03     1.96070e+04
    6.89074e-03     1.96703e+04
    6.93054e-03     1.97335e+04
    6.97057e-03     1.97966e+04
    7.01082e-03     1.98596e+04
    7.05131e-03     1.99225e+04
    7.09204e-03     1.99854e+04
    7.13300e-03     2.00482e+04
    7.17420e-03     2.01109e+04
    7.21563e-03     2.01736e+04
    7.25730e-03     2.02361e+04
    7.29922e-03     2.02985e+04
    7.34137e-03     2.03609e+04
    7.38377e-03     2.04231e+04
    7.42642e-03     2.04852e+04
    7.46931e-03     2.05473e+04
    7.51245e-03     2.06092e+04
    7.55584e-03     2.06709e+04
    7.59948e-03     2.07326e+04
    7.64337e-03     2.07941e+04
    7.68751e-03     2.08555e+04
    7.73191e-03     2.09168e+04
    7.77657e-03     2.09779e+04
    7.82148e-03     2.10389e+04
    7.86665e-03     2.10998e+04
    7.91209e-03     2.11605e+04
    7.95778e-03     2.12210e+04
    8.00374e-03     2.12814e+04
    8.04997e-03     2.13416e+04
    8.09646e-03     2.14017e+04
    8.14322e-03     2.14616e+04
    8.19025e-03     2.15213e+04
    8.23755e-03     2.15808e+04
    8.28513e-03     2.16402e+04
    8.33298e-03     2.16994e+04
    8.38111e-03     2.17583e+04
    8.42951e-03     2.18171e+04
    8.47820e-03     2.18757e+04
    8.52716e-03     2.19341e+04
    8.57641e-03     2.19923e+04
    8.62594e-03     2.20502e+04
    8.67576e-03     2.21079e+04
    8.72587e-03     2.21654e+04
    8.77626e-03     2.22227e+04
    8.82695e-03     2.22798e+04
    8.87793e-03     2.23366e+04
    8.92921e-03     2.23931e+04
    8.98078e-03     2.24494e+04
    9.03264e-03     2.25055e+04
    9.08481e-03     2.25613e+04
    9.13728e-03     2.26168e+04
    9.19005e-03     2.26720e+04
    9.24313e-03     2.27270e+04
    9.29651e-03     2.27817e+04
    9.35021e-03     2.28361e+04
    9.40421e-03     2.28902e+04
    9.45852e-03     2.29441e+04
    9.51315e-03     2.29976e+04
    9.56809e-03     2.30508e+04
    9.62335e-03     2.31037e+04
    9.67893e-03     2.31563e+04
    9.73483e-03     2.32085e+04
    9.79106e-03     2.32605e+04
    9.84760e-03     2.33121e+04
    9.90448e-03     2.33633e+04
    9.96168e-03     2.34143e+04
    1.00192e-02     2.34648e+04
    1.00771e-02     2.35151e+04
    1.01353e-02     2.35649e+04
    1.01938e-02     2.36144e+04
    1.02527e-02     2.36635e+04
    1.03119e-02     2.37123e+04
    1.03715e-02     2.37606e+04
    1.04314e-02     2.38086e+04
    1.04916e-02     2.38562e+04
    1.05522e-02     2.39034e+04
    1.06131e-02     2.39502e+04
    1.06744e-02     2.39966e+04
    1.07361e-02     2.40425e+04
    1.07981e-02     2.40881e+04
    1.08605e-02     2.41332e+04
    1.09232e-02     2.41778e+04
    1.09863e-02     2.42221e+04
    1.10497e-02     2.42658e+04
    1.11135e-02     2.43092e+04
    1.11777e-02     2.43520e+04
    1.12423e-02     2.43944e+04
    1.13072e-02     2.44364e+04
    1.13725e-02     2.44778e+04
    1.14382e-02     2.45188e+04
    1.15043e-02     2.45592e+04
    1.15707e-02     2.45992e+04
    1.16375e-02     2.46387e+04
    1.17047e-02     2.46776e+04
    1.17723e-02     2.47161e+04
    1.18403e-02     2.47540e+04
    1.19087e-02     2.47914e+04
    1.19775e-02     2.48282e+04
    1.20467e-02     2.48645e+04
    1.21162e-02     2.49003e+04
    1.21862e-02     2.49355e+04
    1.22566e-02     2.49701e+04
    1.23274e-02     2.50042e+04
    1.23986e-02     2.50377e+04
    1.24702e-02     2.50706e+04
    1.25422e-02     2.51029e+04
    1.26147e-02     2.51347e+04
    1.26875e-02     2.51658e+04
    1.27608e-02     2.51964e+04
    1.28345e-02     2.52263e+04
    1.29086e-02     2.52556e+04
    1.29832e-02     2.52843e+04
    1.30581e-02     2.53124e+04
    1.31336e-02     2.53398e+04
    1.32094e-02     2.53666e+04
    1.32857e-02     2.53927e+04
    1.33624e-02     2.54182e+04
    1.34396e-02     2.54431e+04
    1.35172e-02     2.54672e+04
    1.35953e-02     2.54907e+04
    1.36738e-02     2.55135e+04
    1.37528e-02     2.55356e+04
    1.38322e-02     2.55571e+04
    1.39121e-02     2.55778e+04
    1.39925e-02     2.55978e+04
    1.40733e-02     2.56171e+04
    1.41546e-02     2.56357e+04
    1.42363e-02     2.56535e+04
    1.43185e-02     2.56706e+04
    1.44012e-02     2.56870e+04
    1.44844e-02     2.57026e+04
    1.45680e-02     2.57175e+04
    1.46522e-02     2.57316e+04
    1.47368e-02     2.57449e+04
    1.48219e-02     2.57575e+04
    1.49075e-02     2.57692e+04
    1.49936e-02     2.57802e+04
    1.50802e-02     2.57904e+04
    1.51673e-02     2.57998e+04
    1.52549e-02     2.58084e+04
    1.53430e-02     2.58162e+04
    1.54316e-02     2.58231e+04
    1.55208e-02     2.58293e+04
    1.56104e-02     2.58346e+04
    1.57006e-02     2.58391e+04
    1.57912e-02     2.58427e+04
    1.58824e-02     2.58455e+04
    1.59742e-02     2.58474e+04
    1.60664e-02     2.58485e+04
    1.61592e-02     2.58487e+04
    1.62525e-02     2.58481e+04
    1.63464e-02     2.58466e+04
    1.64408e-02     2.58442e+04
    1.65358e-02     2.58409e+04
    1.66313e-02     2.58368e+04
    1.67273e-02     2.58317e+04
    1.68239e-02     2.58258e+04
    1.69211e-02     2.58189e+04
    1.70188e-02     2.58111e+04
    1.71171e-02     2.58025e+04
    1.72160e-02     2.57929e+04
    1.73154e-02     2.57824e+04
    1.74154e-02     2.57709e+04
    1.75160e-02     2.57586e+04
    1.76172e-02     2.57452e+04
    1.77189e-02     2.57310e+04
    1.78212e-02     2.57158e+04
    1.79242e-02     2.56996e+04
    1.80277e-02     2.56825e+04
    1.81318e-02     2.56645e+04
    1.82365e-02     2.56454e+04
    1.83418e-02     2.56255e+04
    1.84478e-02     2.56045e+04
    1.85543e-02     2.55826e+04
    1.86615e-02     2.55596e+04
    1.87693e-02     2.55357e+04
    1.88777e-02     2.55109e+04
    1.89867e-02     2.54850e+04
    1.90964e-02     2.54582e+04
    1.92066e-02     2.54303e+04
    1.93176e-02     2.54015e+04
    1.94291e-02     2.53716e+04
    1.95414e-02     2.53408e+04
    1.96542e-02     2.53090e+04
    1.97677e-02     2.52761e+04
    1.98819e-02     2.52423e+04
    1.99967e-02     2.52074e+04
    2.01122e-02     2.51716e+04
    2.02284e-02     2.51347e+04
    2.03452e-02     2.50968e+04
    2.04627e-02     2.50579e+04
    2.05809e-02     2.50180e+04
    2.06997e-02     2.49771e+04
    2.08193e-02     2.49351e+04
    2.09395e-02     2.48922e+04
    2.10605e-02     2.48482e+04
    2.11821e-02     2.48032e+04
    2.13044e-02     2.47573e+04
    2.14275e-02     2.47103e+04
    2.15512e-02     2.46623e+04
    2.16757e-02     2.46133e+04
    2.18009e-02     2.45633e+04
    2.19268e-02     2.45123e+04
    2.20534e-02     2.44603e+04
    2.21808e-02     2.44073e+04
    2.23089e-02     2.43534e+04
    2.24378e-02     2.42985e+04
    2.25674e-02     2.42425e+04
    2.26977e-02     2.41857e+04
    2.28288e-02     2.41278e+04
    2.29606e-02     2.40690e+04
    2.30932e-02     2.40092e+04
    2.32266e-02     2.39485e+04
    2.33608e-02     2.38868e+04
    2.34957e-02     2.38241e+04
    2.36314e-02     2.37606e+04
    2.37679e-02     2.36961e+04
    2.39051e-02     2.36306e+04
    2.40432e-02     2.35642e+04
    2.41821e-02     2.34969e+04
    2.43217e-02     2.34287e+04
    2.44622e-02     2.33596e+04
    2.46035e-02     2.32896e+04
    2.47456e-02     2.32187e+04
    2.48885e-02     2.31469e+04
    2.50322e-02     2.30742e+04
    2.51768e-02     2.30006e+04
    2.53222e-02     2.29262e+04
    2.54684e-02     2.28508e+04
    2.56155e-02     2.27747e+04
    2.57635e-02     2.26977e+04
    2.59123e-02     2.26198e+04
    2.60619e-02     2.25411e+04
    2.62125e-02     2.24616e+04
    2.63638e-02     2.23812e+04
    2.65161e-02     2.23001e+04
    2.66693e-02     2.22181e+04
    2.68233e-02     2.21354e+04
    2.69782e-02     2.20520e+04
    2.71340e-02     2.19678e+04
    2.72907e-02     2.18829e+04
    2.74483e-02     2.17973e+04
    2.76069e-02     2.17111e+04
    2.77663e-02     2.16241e+04
    2.79267e-02     2.15366e+04
    2.80880e-02     2.14484e+04
    2.82502e-02     2.13596e+04
    2.84133e-02     2.12702e+04
    2.85774e-02     2.11802e+04
    2.87425e-02     2.10897e+04
    2.89085e-02     2.09986e+04
    2.90755e-02     2.09070e+04
    2.92434e-02     2.08149e+04
    2.94123e-02     2.07224e+04
    2.95821e-02     2.06293e+04
    2.97530e-02     2.05358e+04
    2.99248e-02     2.04419e+04
    3.00977e-02     2.03475e+04
    3.02715e-02     2.02527e+04
    3.04463e-02     2.01576e+04
    3.06222e-02     2.00620e+04
    3.07990e-02     1.99661e+04
    3.09769e-02     1.98699e+04
    3.11558e-02     1.97734e+04
    3.13357e-02     1.96765e+04
    3.15167e-02     1.95793e+04
    3.16987e-02     1.94819e+04
    3.18818e-02     1.93842e+04
    3.20660e-02     1.92862e+04
    3.22512e-02     1.91880e+04
    3.24374e-02     1.90896e+04
    3.26248e-02     1.89910e+04
    3.28132e-02     1.88922e+04
    3.30027e-02     1.87932e+04
    3.31933e-02     1.86941e+04
    3.33850e-02     1.85948e+04
    3.35778e-02     1.84955e+04
    3.37717e-02     1.83960e+04
    3.39668e-02     1.82966e+04
    3.41630e-02     1.81971e+04
    3.43603e-02     1.80976e+04
    3.45587e-02     1.79982e+04
    3.47583e-02     1.78988e+04
    3.49591e-02     1.77996e+04
    3.51610e-02     1.77005e+04
    3.53640e-02     1.76015e+04
    3.55683e-02     1.75027e+04
    3.57737e-02     1.74041e+04
    3.59803e-02     1.73057e+04
    3.61881e-02     1.72076e+04
    3.63971e-02     1.71097e+04
    3.66073e-02     1.70121e+04
    3.68188e-02     1.69149e+04
    3.70314e-02     1.68179e+04
    3.72453e-02     1.67214e+04
    3.74604e-02     1.66252e+04
    3.76767e-02     1.65294e+04
    3.78943e-02     1.64340e+04
    3.81132e-02     1.63391e+04
    3.83333e-02     1.62446e+04
    3.85547e-02     1.61506e+04
    3.87774e-02     1.60571e+04
    3.90013e-02     1.59641e+04
    3.92266e-02     1.58716e+04
    3.94532e-02     1.57797e+04
    3.96810e-02     1.56883e+04
    3.99102e-02     1.55975e+04
    4.01407e-02     1.55072e+04
    4.03725e-02     1.54176e+04
    4.06057e-02     1.53286e+04
    4.08402e-02     1.52402e+04
    4.10761e-02     1.51525e+04
    4.13133e-02     1.50654e+04
    4.15519e-02     1.49790e+04
    4.17919e-02     1.48933e+04
    4.20333e-02     1.48083e+04
    4.22760e-02     1.47240e+04
    4.25202e-02     1.46404e+04
    4.27658e-02     1.45576e+04
    4.30128e-02     1.44755e+04
    4.32612e-02     1.43941e+04
    4.35110e-02     1.43135e+04
    4.37623e-02     1.42337e+04
    4.40151e-02     1.41547e+04
    4.42693e-02     1.40765e+04
    4.45250e-02     1.39991e+04
    4.47821e-02     1.39225e+04
    4.50408e-02     1.38467e+04
    4.53009e-02     1.37718e+04
    4.55625e-02     1.36977e+04
    4.58257e-02     1.36244e+04
    4.60903e-02     1.35520e+04
    4.63565e-02     1.34805e+04
    4.66243e-02     1.34099e+04
    4.68935e-02     1.33401e+04
    4.71644e-02     1.32712e+04
    4.74368e-02     1.32032e+04
    4.77107e-02     1.31362e+04
    4.79863e-02     1.30700e+04
    4.82634e-02     1.30047e+04
    4.85422e-02     1.29403e+04
    4.88225e-02     1.28768e+04
    4.91045e-02     1.28141e+04
    4.93881e-02     1.27522e+04
    4.96733e-02     1.26913e+04
    4.99602e-02     1.26311e+04
    5.02488e-02     1.25717e+04
    5.05390e-02     1.25132e+04
    5.08309e-02     1.24554e+04
    5.11244e-02     1.23984e+04
    5.14197e-02     1.23422e+04
    5.17167e-02     1.22868e+04
    5.20154e-02     1.22321e+04
    5.23158e-02     1.21781e+04
    5.26179e-02     1.21249e+04
    5.29218e-02     1.20724e+04
    5.32275e-02     1.20206e+04
    5.35349e-02     1.19695e+04
    5.38441e-02     1.19190e+04
    5.41551e-02     1.18691e+04
    5.44678e-02     1.18198e+04
    5.47824e-02     1.17710e+04
    5.50988e-02     1.17228e+04
    5.54170e-02     1.16752e+04
    5.57371e-02     1.16280e+04
    5.60590e-02     1.15812e+04
    5.63828e-02     1.15349e+04
    5.67084e-02     1.14891e+04
    5.70359e-02     1.14436e+04
    5.73653e-02     1.13985e+04
    5.76966e-02     1.13537e+04
    5.80299e-02     1.13092e+04
    5.83650e-02     1.12649e+04
    5.87021e-02     1.12209e+04
    5.90411e-02     1.11770e+04
    5.93821e-02     1.11333e+04
    5.97251e-02     1.10897e+04
    6.00700e-02     1.10462e+04
    6.04170e-02     1.10027e+04
    6.07659e-02     1.09592e+04
    6.11168e-02     1.09157e+04
    6.14698e-02     1.08721e+04
    6.18248e-02     1.08285e+04
    6.21819e-02     1.07846e+04
    6.25410e-02     1.07406e+04
    6.29022e-02     1.06964e+04
    6.32655e-02     1.06519e+04
    6.36309e-02     1.06071e+04
    6.39984e-02     1.05620e+04
    6.43680e-02     1.05166e+04
    6.47398e-02     1.04707e+04
    6.51137e-02     1.04244e+04
    6.54898e-02     1.03776e+04
    6.58680e-02     1.03303e+04
    6.62484e-02     1.02824e+04
    6.66310e-02     1.02340e+04
    6.70159e-02     1.01849e+04
    6.74029e-02     1.01353e+04
    6.77922e-02     1.00849e+04
    6.81837e-02     1.00339e+04
    6.85775e-02     9.98211e+03
    6.89736e-02     9.92960e+03
    6.93719e-02     9.87632e+03
    6.97726e-02     9.82224e+03
    7.01756e-02     9.76734e+03
    7.05809e-02     9.71161e+03
    7.09885e-02     9.65504e+03
    7.13985e-02     9.59760e+03
    7.18109e-02     9.53929e+03
    7.22256e-02     9.48010e+03
    7.26427e-02     9.42003e+03
    7.30623e-02     9.35905e+03
    7.34842e-02     9.29717e+03
    7.39087e-02     9.23439e+03
    7.43355e-02     9.17071e+03
    7.47648e-02     9.10616e+03
    7.51966e-02     9.04072e+03
    7.56309e-02     8.97441e+03
    7.60677e-02     8.90725e+03
    7.65071e-02     8.83923e+03
    7.69489e-02     8.77040e+03
    7.73933e-02     8.70076e+03
    7.78403e-02     8.63036e+03
    7.82899e-02     8.55921e+03
    7.87421e-02     8.48735e+03
    7.91968e-02     8.41480e+03
    7.96542e-02     8.34159e+03
    8.01143e-02     8.26778e+03
    8.05770e-02     8.19340e+03
    8.10423e-02     8.11849e+03
    8.15104e-02     8.04311e+03
    8.19812e-02     7.96730e+03
    8.24546e-02     7.89110e+03
    8.29309e-02     7.81456e+03
    8.34098e-02     7.73775e+03
    8.38915e-02     7.66072e+03
    8.43761e-02     7.58353e+03
    8.48634e-02     7.50624e+03
    8.53535e-02     7.42890e+03
    8.58465e-02     7.35157e+03
    8.63423e-02     7.27432e+03
    8.68409e-02     7.19722e+03
    8.73425e-02     7.12032e+03
    8.78469e-02     7.04370e+03
    8.83543e-02     6.96742e+03
    8.88646e-02     6.89154e+03
    8.93778e-02     6.81611e+03
    8.98940e-02     6.74121e+03
    9.04132e-02     6.66691e+03
    9.09354e-02     6.59326e+03
    9.14606e-02     6.52032e+03
    9.19888e-02     6.44816e+03
    9.25201e-02     6.37682e+03
    9.30544e-02     6.30637e+03
    9.35918e-02     6.23687e+03
    9.41324e-02     6.16837e+03
    9.46760e-02     6.10092e+03
    9.52228e-02     6.03458e+03
    9.57728e-02     5.96938e+03
    9.63259e-02     5.90538e+03
    9.68823e-02     5.84260e+03
    9.74418e-02     5.78109e+03
    9.80046e-02     5.72088e+03
    9.85706e-02     5.66200e+03
    9.91399e-02     5.60449e+03
    9.97125e-02     5.54836e+03
    1.00288e-01     5.49363e+03
    1.00868e-01     5.44032e+03
    1.01450e-01     5.38845e+03
    1.02036e-01     5.33802e+03
    1.02625e-01     5.28905e+03
    1.03218e-01     5.24154e+03
    1.03814e-01     5.19546e+03
    1.04414e-01     5.15082e+03
    1.05017e-01     5.10760e+03
    1.05623e-01     5.06581e+03
    1.06233e-01     5.02541e+03
    1.06847e-01     4.98638e+03
    1.07464e-01     4.94868e+03
    1.08085e-01     4.91228e+03
    1.08709e-01     4.87716e+03
    1.09337e-01     4.84327e+03
    1.09968e-01     4.81058e+03
    1.10603e-01     4.77902e+03
    1.11242e-01     4.74855e+03
    1.11885e-01     4.71910e+03
    1.12531e-01     4.69061e+03
    1.13181e-01     4.66305e+03
    1.13834e-01     4.63633e+03
    1.14492e-01     4.61038e+03
    1.15153e-01     4.58514e+03
    1.15818e-01     4.56051e+03
    1.16487e-01     4.53643e+03
    1.17160e-01     4.51284e+03
    1.17836e-01     4.48964e+03
    1.18517e-01     4.46675e+03
    1.19202e-01     4.44408e+03
    1.19890e-01     4.42156e+03
    1.20582e-01     4.39910e+03
    1.21279e-01     4.37663e+03
    1.21979e-01     4.35405e+03
    1.22684e-01     4.33129e+03
    1.23392e-01     4.30827e+03
    1.24105e-01     4.28491e+03
    1.24822e-01     4.26113e+03
    1.25543e-01     4.23687e+03
    1.26268e-01     4.21206e+03
    1.26997e-01     4.18664e+03
    1.27730e-01     4.16055e+03
    1.28468e-01     4.13373e+03
    1.29210e-01     4.10613e+03
    1.29956e-01     4.07771e+03
    1.30707e-01     4.04844e+03
    1.31462e-01     4.01830e+03
    1.32221e-01     3.98726e+03
    1.32985e-01     3.95531e+03
    1.33753e-01     3.92243e+03
    1.34525e-01     3.88861e+03
    1.35302e-01     3.85389e+03
    1.36084e-01     3.81829e+03
    1.36870e-01     3.78181e+03
    1.37660e-01     3.74450e+03
    1.38455e-01     3.70636e+03
    1.39255e-01     3.66747e+03
    1.40059e-01     3.62788e+03
    1.40868e-01     3.58766e+03
    1.41681e-01     3.54686e+03
    1.42500e-01     3.50555e+03
    1.43323e-01     3.46380e+03
    1.44151e-01     3.42169e+03
    1.44983e-01     3.37932e+03
    1.45820e-01     3.33678e+03
    1.46663e-01     3.29415e+03
    1.47510e-01     3.25151e+03
    1.48362e-01     3.20896e+03
    1.49218e-01     3.16660e+03
    1.50080e-01     3.12451e+03
    1.50947e-01     3.08281e+03
    1.51819e-01     3.04156e+03
    1.52696e-01     3.00086e+03
    1.53578e-01     2.96079e+03
    1.54464e-01     2.92143e+03
    1.55357e-01     2.88285e+03
    1.56254e-01     2.84512e+03
    1.57156e-01     2.80832e+03
    1.58064e-01     2.77251e+03
    1.58977e-01     2.73772e+03
    1.59895e-01     2.70400e+03
    1.60818e-01     2.67139e+03
    1.61747e-01     2.63991e+03
    1.62681e-01     2.60961e+03
    1.63621e-01     2.58050e+03
    1.64566e-01     2.55257e+03
    1.65516e-01     2.52580e+03
    1.66472e-01     2.50020e+03
    1.67434e-01     2.47575e+03
    1.68401e-01     2.45244e+03
    1.69373e-01     2.43023e+03
    1.70352e-01     2.40906e+03
    1.71336e-01     2.38887e+03
    1.72325e-01     2.36961e+03
    1.73320e-01     2.35122e+03
    1.74321e-01     2.33365e+03
    1.75328e-01     2.31681e+03
    1.76341e-01     2.30063e+03
    1.77359e-01     2.28502e+03
    1.78384e-01     2.26991e+03
    1.79414e-01     2.25522e+03
    1.80450e-01     2.24087e+03
    1.81492e-01     2.22676e+03
    1.82540e-01     2.21280e+03
    1.83595e-01     2.19889e+03
    1.84655e-01     2.18494e+03
    1.85721e-01     2.17087e+03
    1.86794e-01     2.15658e+03
    1.87873e-01     2.14200e+03
    1.88958e-01     2.12706e+03
    1.90049e-01     2.11167e+03
    1.91147e-01     2.09577e+03
    1.92251e-01     2.07930e+03
    1.93361e-01     2.06222e+03
    1.94478e-01     2.04451e+03
    1.95601e-01     2.02617e+03
    1.96731e-01     2.00718e+03
    1.97867e-01     1.98754e+03
    1.99010e-01     1.96725e+03
    2.00159e-01     1.94635e+03
    2.01315e-01     1.92490e+03
    2.02478e-01     1.90294e+03
    2.03647e-01     1.88052e+03
    2.04823e-01     1.85769e+03
    2.06006e-01     1.83452e+03
    2.07196e-01     1.81109e+03
    2.08393e-01     1.78748e+03
    2.09596e-01     1.76379e+03
    2.10807e-01     1.74010e+03
    2.12024e-01     1.71646e+03
    2.13249e-01     1.69298e+03
    2.14481e-01     1.66972e+03
    2.15719e-01     1.64678e+03
    2.16965e-01     1.62421e+03
    2.18218e-01     1.60209e+03
    2.19479e-01     1.58048e+03
    2.20746e-01     1.55943e+03
    2.22021e-01     1.53898e+03
    2.23303e-01     1.51918e+03
    2.24593e-01     1.50006e+03
    2.25890e-01     1.48166e+03
    2.27195e-01     1.46400e+03
    2.28507e-01     1.44706e+03
    2.29827e-01     1.43086e+03
    2.31154e-01     1.41536e+03
    2.32489e-01     1.40057e+03
    2.33832e-01     1.38648e+03
    2.35182e-01     1.37305e+03
    2.36541e-01     1.36021e+03
    2.37907e-01     1.34792e+03
    2.39281e-01     1.33611e+03
    2.40663e-01     1.32472e+03
    2.42053e-01     1.31371e+03
    2.43451e-01     1.30299e+03
    2.44857e-01     1.29250e+03
    2.46271e-01     1.28215e+03
    2.47693e-01     1.27188e+03
    2.49124e-01     1.26160e+03
    2.50563e-01     1.25126e+03
    2.52010e-01     1.24080e+03
    2.53465e-01     1.23018e+03
    2.54929e-01     1.21936e+03
    2.56401e-01     1.20827e+03
    2.57882e-01     1.19690e+03
    2.59372e-01     1.18521e+03
    2.60870e-01     1.17321e+03
    2.62376e-01     1.16090e+03
    2.63892e-01     1.14828e+03
    2.65416e-01     1.13538e+03
    2.66949e-01     1.12218e+03
    2.68490e-01     1.10874e+03
    2.70041e-01     1.09510e+03
    2.71601e-01     1.08131e+03
    2.73169e-01     1.06743e+03
    2.74747e-01     1.05351e+03
    2.76334e-01     1.03959e+03
    2.77930e-01     1.02573e+03
    2.79535e-01     1.01201e+03
    2.81149e-01     9.98470e+02
    2.82773e-01     9.85179e+02
    2.84406e-01     9.72189e+02
    2.86049e-01     9.59544e+02
    2.87701e-01     9.47265e+02
    2.89363e-01     9.35369e+02
    2.91034e-01     9.23873e+02
    2.92715e-01     9.12792e+02
    2.94405e-01     9.02139e+02
    2.96105e-01     8.91910e+02
    2.97816e-01     8.82073e+02
    2.99536e-01     8.72599e+02
    3.01266e-01     8.63458e+02
    3.03006e-01     8.54622e+02
    3.04756e-01     8.46064e+02
    3.06516e-01     8.37742e+02
    3.08286e-01     8.29609e+02
    3.10066e-01     8.21617e+02
    3.11857e-01     8.13721e+02
    3.13658e-01     8.05879e+02
    3.15470e-01     7.98048e+02
    3.17292e-01     7.90198e+02
    3.19124e-01     7.82299e+02
    3.20967e-01     7.74325e+02
    3.22821e-01     7.66247e+02
    3.24686e-01     7.58043e+02
    3.26561e-01     7.49696e+02
    3.28447e-01     7.41222e+02
    3.30344e-01     7.32640e+02
    3.32252e-01     7.23967e+02
    3.34171e-01     7.15221e+02
    3.36101e-01     7.06420e+02
    3.38042e-01     6.97587e+02
    3.39994e-01     6.88758e+02
    3.41958e-01     6.79966e+02
    3.43933e-01     6.71245e+02
    3.45919e-01     6.62627e+02
    3.47917e-01     6.54139e+02
    3.49926e-01     6.45807e+02
    3.51947e-01     6.37648e+02
    3.53980e-01     6.29678e+02
    3.56024e-01     6.21914e+02
    3.58081e-01     6.14370e+02
    3.60149e-01     6.07060e+02
    3.62229e-01     5.99976e+02
    3.64321e-01     5.93098e+02
    3.66425e-01     5.86405e+02
    3.68541e-01     5.79878e+02
    3.70670e-01     5.73497e+02
    3.72810e-01     5.67244e+02
    3.74964e-01     5.61096e+02
    3.77129e-01     5.55029e+02
    3.79307e-01     5.49020e+02
    3.81498e-01     5.43044e+02
    3.83701e-01     5.37082e+02
    3.85917e-01     5.31113e+02
    3.88146e-01     5.25129e+02
    3.90388e-01     5.19131e+02
    3.92643e-01     5.13117e+02
    3.94910e-01     5.07087e+02
    3.97191e-01     5.01042e+02
    3.99485e-01     4.94983e+02
    4.01792e-01     4.88920e+02
    4.04113e-01     4.82873e+02
    4.06447e-01     4.76859e+02
    4.08794e-01     4.70894e+02
    4.11155e-01     4.64996e+02
    4.13530e-01     4.59178e+02
    4.15918e-01     4.53450e+02
    4.18320e-01     4.47819e+02
    4.20736e-01     4.42288e+02
    4.23166e-01     4.36863e+02
    4.25610e-01     4.31547e+02
    4.28068e-01     4.26345e+02
    4.30541e-01     4.21255e+02
    4.33027e-01     4.16267e+02
    4.35528e-01     4.11372e+02
    4.38044e-01     4.06559e+02
    4.40573e-01     4.01819e+02
    4.43118e-01     3.97145e+02
    4.45677e-01     3.92527e+02
    4.48251e-01     3.87956e+02
    4.50840e-01     3.83425e+02
    4.53444e-01     3.78924e+02
    4.56063e-01     3.74446e+02
    4.58697e-01     3.69985e+02
    4.61346e-01     3.65533e+02
    4.64010e-01     3.61091e+02
    4.66690e-01     3.56669e+02
    4.69386e-01     3.52271e+02
    4.72097e-01     3.47905e+02
    4.74823e-01     3.43578e+02
    4.77565e-01     3.39295e+02
    4.80324e-01     3.35061e+02
    4.83098e-01     3.30882e+02
    4.85888e-01     3.26761e+02
    4.88694e-01     3.22701e+02
    4.91517e-01     3.18707e+02
    4.94355e-01     3.14782e+02
    4.97210e-01     3.10928e+02
    5.00082e-01     3.07144e+02
    5.02970e-01     3.03425e+02
    5.05875e-01     2.99761e+02
    5.08797e-01     2.96146e+02
    5.11735e-01     2.92573e+02
    5.14691e-01     2.89035e+02
    5.17663e-01     2.85526e+02
    5.20653e-01     2.82042e+02
    5.23660e-01     2.78584e+02
    5.26685e-01     2.75155e+02
    5.29726e-01     2.71755e+02
    5.32786e-01     2.68385e+02
    5.35863e-01     2.65048e+02
    5.38958e-01     2.61744e+02
    5.42071e-01     2.58475e+02
    5.45201e-01     2.55241e+02
    5.48350e-01     2.52046e+02
    5.51517e-01     2.48890e+02
    5.54702e-01     2.45774e+02
    5.57906e-01     2.42700e+02
    5.61128e-01     2.39669e+02
    5.64369e-01     2.36682e+02
    5.67629e-01     2.33739e+02
    5.70907e-01     2.30837e+02
    5.74204e-01     2.27973e+02
    5.77520e-01     2.25145e+02
    5.80856e-01     2.22351e+02
    5.84211e-01     2.19588e+02
    5.87585e-01     2.16853e+02
    5.90978e-01     2.14145e+02
    5.94391e-01     2.11463e+02
    5.97824e-01     2.08807e+02
    6.01277e-01     2.06179e+02
    6.04750e-01     2.03579e+02
    6.08242e-01     2.01009e+02
    6.11755e-01     1.98469e+02
    6.15288e-01     1.95960e+02
    6.18842e-01     1.93483e+02
    6.22416e-01     1.91039e+02
    6.26011e-01     1.88626e+02
    6.29626e-01     1.86246e+02
    6.33263e-01     1.83895e+02
    6.36920e-01     1.81574e+02
    6.40599e-01     1.79282e+02
    6.44298e-01     1.77017e+02
    6.48020e-01     1.74780e+02
    6.51762e-01     1.72568e+02
    6.55526e-01     1.70382e+02
    6.59312e-01     1.68220e+02
    6.63120e-01     1.66083e+02
    6.66950e-01     1.63971e+02
    6.70802e-01     1.61883e+02
    6.74676e-01     1.59819e+02
    6.78573e-01     1.57780e+02
    6.82492e-01     1.55766e+02
    6.86434e-01     1.53776e+02
    6.90398e-01     1.51810e+02
    6.94386e-01     1.49868e+02
    6.98396e-01     1.47951e+02
    7.02430e-01     1.46057e+02
    7.06486e-01     1.44187e+02
    7.10567e-01     1.42341e+02
    7.14671e-01     1.40517e+02
    7.18798e-01     1.38716e+02
    7.22949e-01     1.36937e+02
    7.27125e-01     1.35180e+02
    7.31324e-01     1.33444e+02
    7.35548e-01     1.31730e+02
    7.39796e-01     1.30037e+02
    7.44069e-01     1.28364e+02
    7.48366e-01     1.26712e+02
    7.52688e-01     1.25080e+02
    7.57036e-01     1.23467e+02
    7.61408e-01     1.21875e+02
    7.65805e-01     1.20301e+02
    7.70228e-01     1.18747e+02
    7.74677e-01     1.17212e+02
    7.79151e-01     1.15696e+02
    7.83651e-01     1.14198e+02
    7.88177e-01     1.12719e+02
    7.92729e-01     1.11257e+02
    7.97307e-01     1.09814e+02
    8.01912e-01     1.08389e+02
    8.06543e-01     1.06981e+02
    8.11202e-01     1.05591e+02
    8.15887e-01     1.04218e+02
    8.20599e-01     1.02862e+02
    8.25338e-01     1.01523e+02
    8.30105e-01     1.00201e+02
    8.34899e-01     9.88950e+01
    8.39721e-01     9.76053e+01
    8.44571e-01     9.63318e+01
    8.49449e-01     9.50741e+01
    8.54355e-01     9.38321e+01
    8.59289e-01     9.26057e+01
    8.64252e-01     9.13946e+01
    8.69243e-01     9.01987e+01
    8.74264e-01     8.90177e+01
    8.79313e-01     8.78516e+01
    8.84391e-01     8.67000e+01
    8.89499e-01     8.55629e+01
    8.94636e-01     8.44401e+01
    8.99803e-01     8.33315e+01
    9.05000e-01     8.22367e+01
    9.10227e-01     8.11558e+01
    9.15484e-01     8.00884e+01
    9.20771e-01     7.90345e+01
    9.26089e-01     7.79939e+01
    9.31438e-01     7.69664e+01
    9.36817e-01     7.59519e+01
    9.42228e-01     7.49502e+01
    9.47670e-01     7.39612e+01
    9.53143e-01     7.29847e+01
    9.58648e-01     7.20206e+01
    9.64184e-01     7.10687e+01
    9.69753e-01     7.01288e+01
    9.75354e-01     6.92009e+01
    9.80987e-01     6.82848e+01
    9.86653e-01     6.73803e+01
    9.92351e-01     6.64873e+01
    9.98082e-01     6.56057e+01
    1.00385e+00     6.47353e+01
    1.00964e+00     6.38760e+01
    1.01548e+00     6.30277e+01
    1.02134e+00     6.21901e+01
    1.02724e+00     6.13633e+01
    1.03317e+00     6.05471e+01
    1.03914e+00     5.97412e+01
    1.04514e+00     5.89457e+01
    1.05118e+00     5.81604e+01
    1.05725e+00     5.73851e+01
    1.06335e+00     5.66198e+01
    1.06950e+00     5.58643e+01
    1.07567e+00     5.51184e+01
    1.08188e+00     5.43822e+01
    1.08813e+00     5.36554e+01
    1.09442e+00     5.29380e+01
    1.10074e+00     5.22298e+01
    1.10710e+00     5.15307e+01
    1.11349e+00     5.08407e+01
    1.11992e+00     5.01595e+01
    1.12639e+00     4.94871e+01
    1.13289e+00     4.88234e+01
    1.13944e+00     4.81683e+01
    1.14602e+00     4.75216e+01
    1.15264e+00     4.68833e+01
    1.15929e+00     4.62533e+01
    1.16599e+00     4.56314e+01
    1.17272e+00     4.50176e+01
    1.17950e+00     4.44118e+01
    1.18631e+00     4.38138e+01
    1.19316e+00     4.32236e+01
    1.20005e+00     4.26410e+01
    1.20698e+00     4.20660e+01
    1.21395e+00     4.14985e+01
    1.22096e+00     4.09384e+01
    1.22802e+00     4.03856e+01
    1.23511e+00     3.98400e+01
    1.24224e+00     3.93015e+01
    1.24942e+00     3.87700e+01
    1.25663e+00     3.82455e+01
    1.26389e+00     3.77278e+01
    1.27119e+00     3.72169e+01
    1.27853e+00     3.67127e+01
    1.28591e+00     3.62151e+01
    1.29334e+00     3.57240e+01
    1.30081e+00     3.52393e+01
    1.30832e+00     3.47610e+01
    1.31588e+00     3.42889e+01
    1.32348e+00     3.38231e+01
    1.33112e+00     3.33633e+01
    1.33881e+00     3.29096e+01
    1.34654e+00     3.24619e+01
    1.35432e+00     3.20201e+01
    1.36214e+00     3.15841e+01
    1.37001e+00     3.11538e+01
    1.37792e+00     3.07292e+01
    1.38588e+00     3.03102e+01
    1.39388e+00     2.98967e+01
    1.40193e+00     2.94887e+01
    1.41003e+00     2.90861e+01
    1.41818e+00     2.86888e+01
    1.42637e+00     2.82967e+01
    1.43460e+00     2.79099e+01
    1.44289e+00     2.75281e+01
    1.45122e+00     2.71514e+01
    1.45960e+00     2.67798e+01
    1.46803e+00     2.64130e+01
    1.47651e+00     2.60511e+01
    1.48504e+00     2.56940e+01
    1.49362e+00     2.53417e+01
    1.50224e+00     2.49940e+01
    1.51092e+00     2.46510e+01
    1.51965e+00     2.43125e+01
    1.52842e+00     2.39785e+01
    1.53725e+00     2.36490e+01
    1.54613e+00     2.33239e+01
    1.55506e+00     2.30031e+01
    1.56404e+00     2.26866e+01
    1.57307e+00     2.23743e+01
    1.58216e+00     2.20662e+01
    1.59130e+00     2.17622e+01
    1.60049e+00     2.14622e+01
    1.60973e+00     2.11663e+01
    1.61903e+00     2.08743e+01
    1.62838e+00     2.05863e+01
    1.63778e+00     2.03021e+01
    1.64724e+00     2.00217e+01
    1.65675e+00     1.97451e+01
    1.66632e+00     1.94721e+01
    1.67595e+00     1.92029e+01
    1.68563e+00     1.89373e+01
    1.69536e+00     1.86752e+01
    1.70515e+00     1.84167e+01
    1.71500e+00     1.81616e+01
    1.72491e+00     1.79100e+01
    1.73487e+00     1.76617e+01
    1.74489e+00     1.74168e+01
    1.75496e+00     1.71752e+01
    1.76510e+00     1.69369e+01
    1.77529e+00     1.67018e+01
    1.78555e+00     1.64698e+01
    1.79586e+00     1.62410e+01
    1.80623e+00     1.60153e+01
    1.81666e+00     1.57926e+01
    1.82716e+00     1.55729e+01
    1.83771e+00     1.53562e+01
    1.84832e+00     1.51425e+01
    1.85900e+00     1.49316e+01
    1.86973e+00     1.47236e+01
    1.88053e+00     1.45184e+01
    1.89139e+00     1.43160e+01
    1.90232e+00     1.41163e+01
    1.91330e+00     1.39194e+01
    1.92435e+00     1.37251e+01
    1.93547e+00     1.35335e+01
    1.94665e+00     1.33444e+01
    1.95789e+00     1.31580e+01
    1.96920e+00     1.29740e+01
    1.98057e+00     1.27926e+01
    1.99201e+00     1.26137e+01
    2.00351e+00     1.24372e+01
    2.01509e+00     1.22631e+01
    2.02672e+00     1.20913e+01
    2.03843e+00     1.19219e+01
    2.05020e+00     1.17549e+01
    2.06204e+00     1.15901e+01
    2.07395e+00     1.14275e+01
    2.08593e+00     1.12672e+01
    2.09798e+00     1.11091e+01
    2.11009e+00     1.09531e+01
    2.12228e+00     1.07993e+01
    2.13454e+00     1.06475e+01
    2.14687e+00     1.04979e+01
    2.15927e+00     1.03503e+01
    2.17174e+00     1.02047e+01
    2.18428e+00     1.00611e+01
    2.19689e+00     9.91951e+00
    2.20958e+00     9.77985e+00
    2.22234e+00     9.64210e+00
    2.23518e+00     9.50625e+00
    2.24809e+00     9.37226e+00
    2.26107e+00     9.24012e+00
    2.27413e+00     9.10979e+00
    2.28726e+00     8.98126e+00
    2.30047e+00     8.85450e+00
    2.31376e+00     8.72948e+00
    2.32712e+00     8.60619e+00
    2.34056e+00     8.48459e+00
    2.35408e+00     8.36468e+00
    2.36768e+00     8.24641e+00
    2.38135e+00     8.12978e+00
    2.39511e+00     8.01476e+00
    2.40894e+00     7.90133e+00
    2.42285e+00     7.78947e+00
    2.43684e+00     7.67916e+00
    2.45092e+00     7.57037e+00
    2.46507e+00     7.46308e+00
    2.47931e+00     7.35728e+00
    2.49363e+00     7.25295e+00
    2.50803e+00     7.15006e+00
    2.52252e+00     7.04860e+00
    2.53709e+00     6.94855e+00
    2.55174e+00     6.84988e+00
    2.56648e+00     6.75258e+00
    2.58130e+00     6.65664e+00
    2.59621e+00     6.56202e+00
    2.61120e+00     6.46872e+00
    2.62628e+00     6.37672e+00
    2.64145e+00     6.28600e+00
    2.65671e+00     6.19654e+00
    2.67205e+00     6.10832e+00
    2.68748e+00     6.02134e+00
    2.70300e+00     5.93556e+00
    2.71861e+00     5.85098e+00
    2.73432e+00     5.76758e+00
    2.75011e+00     5.68534e+00
    2.76599e+00     5.60425e+00
    2.78197e+00     5.52429e+00
    2.79803e+00     5.44544e+00
    2.81419e+00     5.36770e+00
    2.83045e+00     5.29104e+00
    2.84679e+00     5.21546e+00
    2.86324e+00     5.14093e+00
    2.87977e+00     5.06744e+00
    2.89640e+00     4.99498e+00
    2.91313e+00     4.92354e+00
    2.92996e+00     4.85309e+00
    2.94688e+00     4.78364e+00
    2.96390e+00     4.71515e+00
    2.98102e+00     4.64763e+00
    2.99823e+00     4.58105e+00
    3.01555e+00     4.51541e+00
    3.03297e+00     4.45068e+00
    3.05048e+00     4.38687e+00
    3.06810e+00     4.32395e+00
    3.08582e+00     4.26192e+00
    3.10364e+00     4.20075e+00
    3.12157e+00     4.14045e+00
    3.13960e+00     4.08100e+00
    3.15773e+00     4.02238e+00
    3.17597e+00     3.96458e+00
    3.19431e+00     3.90760e+00
    3.21276e+00     3.85143e+00
    3.23131e+00     3.79604e+00
    3.24997e+00     3.74143e+00
    3.26874e+00     3.68760e+00
    3.28762e+00     3.63452e+00
    3.30661e+00     3.58219e+00
    3.32571e+00     3.53060e+00
    3.34492e+00     3.47974e+00
    3.36423e+00     3.42960e+00
    3.38366e+00     3.38017e+00
    3.40321e+00     3.33143e+00
    3.42286e+00     3.28338e+00
    3.44263e+00     3.23601e+00
    3.46251e+00     3.18932e+00
    3.48251e+00     3.14328e+00
    3.50262e+00     3.09789e+00
    3.52285e+00     3.05315e+00
    3.54320e+00     3.00904e+00
    3.56366e+00     2.96556e+00
    3.58424e+00     2.92269e+00
    3.60495e+00     2.88043e+00
    3.62577e+00     2.83877e+00
    3.64671e+00     2.79770e+00
    3.66777e+00     2.75722e+00
    3.68895e+00     2.71731e+00
    3.71026e+00     2.67796e+00
    3.73168e+00     2.63918e+00
    3.75324e+00     2.60094e+00
    3.77491e+00     2.56325e+00
    3.79672e+00     2.52610e+00
    3.81864e+00     2.48947e+00
    3.84070e+00     2.45337e+00
    3.86288e+00     2.41778e+00
    3.88519e+00     2.38269e+00
    3.90763e+00     2.34811e+00
    3.93020e+00     2.31402e+00
    3.95290e+00     2.28042e+00
    3.97573e+00     2.24729e+00
    3.99869e+00     2.21464e+00
    4.02178e+00     2.18245e+00
    4.04501e+00     2.15072e+00
    4.06837e+00     2.11945e+00
    4.09187e+00     2.08862e+00
    4.11550e+00     2.05823e+00
    4.13927e+00     2.02828e+00
    4.16318e+00     1.99875e+00
    4.18722e+00     1.96965e+00
    4.21140e+00     1.94096e+00
    4.23573e+00     1.91268e+00
    4.26019e+00     1.88481e+00
    4.28479e+00     1.85734e+00
    4.30954e+00     1.83026e+00
    4.33443e+00     1.80357e+00
    4.35946e+00     1.77726e+00
    4.38464e+00     1.75133e+00
    4.40997e+00     1.72577e+00
    4.43544e+00     1.70058e+00
    4.46105e+00     1.67575e+00
    4.48682e+00     1.65127e+00
    4.51273e+00     1.62715e+00
    4.53879e+00     1.60337e+00
    4.56501e+00     1.57994e+00
    4.59137e+00     1.55684e+00
    4.61789e+00     1.53407e+00
    4.64456e+00     1.51163e+00
    4.67138e+00     1.48951e+00
    4.69836e+00     1.46772e+00
    4.72550e+00     1.44623e+00
    4.75279e+00     1.42506e+00
    4.78024e+00     1.40419e+00
    4.80785e+00     1.38362e+00
    4.83562e+00     1.36334e+00
    4.86354e+00     1.34336e+00
    4.89163e+00     1.32367e+00
    4.91989e+00     1.30426e+00
    4.94830e+00     1.28513e+00
    4.97688e+00     1.26627e+00
    5.00562e+00     1.24769e+00
    5.03453e+00     1.22938e+00
    5.06361e+00     1.21133e+00
    5.09285e+00     1.19354e+00
    5.12227e+00     1.17601e+00
    5.15185e+00     1.15874e+00
    5.18161e+00     1.14171e+00
    5.21153e+00     1.12493e+00
    5.24163e+00     1.10839e+00
    5.27190e+00     1.09209e+00
    5.30235e+00     1.07603e+00
    5.33298e+00     1.06020e+00
    5.36378e+00     1.04459e+00
    5.39475e+00     1.02922e+00
    5.42591e+00     1.01407e+00
    5.45725e+00     9.99132e-01
    5.48877e+00     9.84415e-01
    5.52047e+00     9.69912e-01
    5.55235e+00     9.55619e-01
    5.58442e+00     9.41534e-01
    5.61667e+00     9.27653e-01
    5.64911e+00     9.13973e-01
    5.68174e+00     9.00492e-01
    5.71455e+00     8.87207e-01
    5.74755e+00     8.74115e-01
    5.78075e+00     8.61213e-01
    5.81414e+00     8.48499e-01
    5.84772e+00     8.35970e-01
    5.88149e+00     8.23623e-01
    5.91546e+00     8.11455e-01
    5.94962e+00     7.99465e-01
    5.98398e+00     7.87649e-01
    6.01854e+00     7.76005e-01
    6.05330e+00     7.64531e-01
    6.08826e+00     7.53224e-01
    6.12343e+00     7.42081e-01
    6.15879e+00     7.31101e-01
    6.19436e+00     7.20281e-01
    6.23014e+00     7.09619e-01
    6.26612e+00     6.99113e-01
    6.30231e+00     6.88760e-01
    6.33871e+00     6.78557e-01
    6.37532e+00     6.68504e-01
    6.41214e+00     6.58598e-01
    6.44917e+00     6.48836e-01
    6.48642e+00     6.39217e-01
    6.52388e+00     6.29738e-01
    6.56156e+00     6.20398e-01
    6.59946e+00     6.11195e-01
    6.63757e+00     6.02126e-01
    6.67591e+00     5.93190e-01
    6.71446e+00     5.84384e-01
    6.75324e+00     5.75707e-01
    6.79224e+00     5.67158e-01
    6.83147e+00     5.58733e-01
    6.87093e+00     5.50432e-01
    6.91061e+00     5.42253e-01
    6.95052e+00     5.34193e-01
    6.99067e+00     5.26252e-01
    7.03104e+00     5.18427e-01
    7.07165e+00     5.10717e-01
    7.11249e+00     5.03119e-01
    7.15357e+00     4.95634e-01
    7.19488e+00     4.88258e-01
    7.23644e+00     4.80990e-01
    7.27823e+00     4.73829e-01
    7.32027e+00     4.66773e-01
    7.36254e+00     4.59821e-01
    7.40507e+00     4.52971e-01
    7.44783e+00     4.46222e-01
    7.49085e+00     4.39572e-01
    7.53411e+00     4.33019e-01
    7.57763e+00     4.26563e-01
    7.62139e+00     4.20202e-01
    7.66541e+00     4.13935e-01
    7.70968e+00     4.07760e-01
    7.75421e+00     4.01675e-01
    7.79899e+00     3.95680e-01
    7.84403e+00     3.89774e-01
    7.88934e+00     3.83954e-01
    7.93490e+00     3.78221e-01
    7.98073e+00     3.72572e-01
    8.02682e+00     3.67006e-01
    8.07318e+00     3.61522e-01
    8.11981e+00     3.56119e-01
    8.16670e+00     3.50795e-01
    8.21387e+00     3.45550e-01
    8.26131e+00     3.40383e-01
    8.30902e+00     3.35292e-01
    8.35701e+00     3.30276e-01
    8.40527e+00     3.25334e-01
    8.45382e+00     3.20465e-01
    8.50264e+00     3.15668e-01
    8.55175e+00     3.10942e-01
    8.60114e+00     3.06286e-01
    8.65082e+00     3.01698e-01
    8.70078e+00     2.97179e-01
    8.75103e+00     2.92726e-01
    8.80157e+00     2.88339e-01
    8.85241e+00     2.84017e-01
    8.90353e+00     2.79759e-01
    8.95495e+00     2.75564e-01
    9.00667e+00     2.71432e-01
    9.05869e+00     2.67360e-01
    9.11101e+00     2.63349e-01
    9.16363e+00     2.59397e-01
    9.21655e+00     2.55504e-01
    9.26978e+00     2.51668e-01
    9.32332e+00     2.47889e-01
    9.37717e+00     2.44167e-01
    9.43133e+00     2.40499e-01
    9.48580e+00     2.36886e-01
    9.54058e+00     2.33327e-01
    9.59568e+00     2.29820e-01
    9.65110e+00     2.26366e-01
    9.70684e+00     2.22963e-01
    9.76290e+00     2.19610e-01
    9.81929e+00     2.16307e-01
    9.87600e+00     2.13054e-01
    9.93304e+00     2.09848e-01
    9.99041e+00     2.06690e-01
    1.00481e+01     2.03580e-01
    1.01061e+01     2.00515e-01
    1.01645e+01     1.97496e-01
    1.02232e+01     1.94522e-01
    1.02823e+01     1.91592e-01
    1.03416e+01     1.88706e-01
    1.04014e+01     1.85863e-01
    1.04614e+01     1.83062e-01
    1.05219e+01     1.80303e-01
    1.05826e+01     1.77585e-01
    1.06437e+01     1.74908e-01
    1.07052e+01     1.72270e-01
    1.07670e+01     1.69672e-01
    1.08292e+01     1.67112e-01
    1.08918e+01     1.64591e-01
    1.09547e+01     1.62107e-01
    1.10180e+01     1.59660e-01
    1.10816e+01     1.57250e-01
    1.11456e+01     1.54876e-01
    1.12100e+01     1.52537e-01
    1.12747e+01     1.50233e-01
    1.13398e+01     1.47964e-01
    1.14053e+01     1.45728e-01
    1.14712e+01     1.43526e-01
    1.15374e+01     1.41356e-01
    1.16041e+01     1.39220e-01
    1.16711e+01     1.37115e-01
    1.17385e+01     1.35041e-01
    1.18063e+01     1.32999e-01
    1.18745e+01     1.30987e-01
    1.19431e+01     1.29005e-01
    1.20120e+01     1.27053e-01
    1.20814e+01     1.25130e-01
    1.21512e+01     1.23236e-01
    1.22214e+01     1.21370e-01
    1.22919e+01     1.19532e-01
    1.23629e+01     1.17722e-01
    1.24343e+01     1.15938e-01
    1.25062e+01     1.14182e-01
    1.25784e+01     1.12451e-01
    1.26510e+01     1.10747e-01
    1.27241e+01     1.09068e-01
    1.27976e+01     1.07415e-01
    1.28715e+01     1.05786e-01
    1.29458e+01     1.04182e-01
    1.30206e+01     1.02601e-01
    1.30958e+01     1.01045e-01
    1.31714e+01     9.95116e-02
    1.32475e+01     9.80014e-02
    1.33240e+01     9.65138e-02
    1.34010e+01     9.50486e-02
    1.34784e+01     9.36054e-02
    1.35562e+01     9.21838e-02
    1.36345e+01     9.07837e-02
    1.37133e+01     8.94045e-02
    1.37925e+01     8.80461e-02
    1.38721e+01     8.67081e-02
    1.39522e+01     8.53902e-02
    1.40328e+01     8.40922e-02
    1.41139e+01     8.28137e-02
    1.41954e+01     8.15544e-02
    1.42774e+01     8.03140e-02
    1.43598e+01     7.90923e-02
    1.44427e+01     7.78890e-02
    1.45262e+01     7.67038e-02
    1.46101e+01     7.55365e-02
    1.46944e+01     7.43867e-02
    1.47793e+01     7.32543e-02
    1.48647e+01     7.21389e-02
    1.49505e+01     7.10403e-02
    1.50369e+01     6.99583e-02
    1.51237e+01     6.88926e-02
    1.52111e+01     6.78430e-02
    1.52989e+01     6.68092e-02
    1.53873e+01     6.57910e-02
    1.54761e+01     6.47881e-02
    1.55655e+01     6.38004e-02
    1.56554e+01     6.28276e-02
    1.57458e+01     6.18694e-02
    1.58368e+01     6.09258e-02
    1.59282e+01     5.99963e-02
    1.60202e+01     5.90810e-02
    1.61127e+01     5.81794e-02
    1.62058e+01     5.72915e-02
    1.62994e+01     5.64170e-02
    1.63935e+01     5.55557e-02
    1.64882e+01     5.47074e-02
    1.65834e+01     5.38719e-02
    1.66792e+01     5.30491e-02
    1.67756e+01     5.22387e-02
    1.68724e+01     5.14406e-02
    1.69699e+01     5.06545e-02
    1.70679e+01     4.98804e-02
    1.71665e+01     4.91179e-02
    1.72656e+01     4.83670e-02
    1.73653e+01     4.76275e-02
    1.74656e+01     4.68992e-02
    1.75665e+01     4.61819e-02
    1.76680e+01     4.54754e-02
    1.77700e+01     4.47797e-02
    1.78726e+01     4.40945e-02
    1.79759e+01     4.34197e-02
    1.80797e+01     4.27551e-02
    1.81841e+01     4.21006e-02
    1.82891e+01     4.14560e-02
    1.83947e+01     4.08212e-02
    1.85010e+01     4.01960e-02
    1.86078e+01     3.95802e-02
    1.87153e+01     3.89739e-02
    1.88234e+01     3.83767e-02
    1.89321e+01     3.77886e-02
    1.90414e+01     3.72094e-02
    1.91514e+01     3.66390e-02
    1.92620e+01     3.60773e-02
    1.93733e+01     3.55241e-02
    1.94852e+01     3.49793e-02
    1.95977e+01     3.44428e-02
    1.97109e+01     3.39144e-02
    1.98247e+01     3.33941e-02
    1.99392e+01     3.28816e-02
    2.00544e+01     3.23770e-02
    2.01702e+01     3.18800e-02
    2.02867e+01     3.13906e-02
    2.04039e+01     3.09086e-02
    2.05217e+01     3.04340e-02
    2.06402e+01     2.99665e-02
    2.07594e+01     2.95062e-02
    2.08793e+01     2.90529e-02
    2.09999e+01     2.86065e-02
    2.11212e+01     2.81669e-02
    2.12432e+01     2.77339e-02
    2.13659e+01     2.73076e-02
    2.14893e+01     2.68878e-02
    2.16134e+01     2.64743e-02
    2.17382e+01     2.60672e-02
    2.18638e+01     2.56662e-02
    2.19900e+01     2.52714e-02
    2.21170e+01     2.48826e-02
    2.22448e+01     2.44997e-02
    2.23732e+01     2.41226e-02
    2.25025e+01     2.37513e-02
    2.26324e+01     2.33857e-02
    2.27631e+01     2.30256e-02
    2.28946e+01     2.26710e-02
    2.30268e+01     2.23219e-02
    2.31598e+01     2.19780e-02
    2.32936e+01     2.16394e-02
    2.34281e+01     2.13060e-02
    2.35634e+01     2.09777e-02
    2.36995e+01     2.06544e-02
    2.38364e+01     2.03360e-02
    2.39741e+01     2.00225e-02
    2.41125e+01     1.97138e-02
    2.42518e+01     1.94097e-02
    2.43918e+01     1.91104e-02
    2.45327e+01     1.88156e-02
    2.46744e+01     1.85253e-02
    2.48169e+01     1.82395e-02
    2.49602e+01     1.79580e-02
    2.51044e+01     1.76808e-02
    2.52494e+01     1.74079e-02
    2.53952e+01     1.71392e-02
    2.55419e+01     1.68745e-02
    2.56894e+01     1.66139e-02
    2.58378e+01     1.63573e-02
    2.59870e+01     1.61046e-02
    2.61371e+01     1.58558e-02
    2.62880e+01     1.56108e-02
    2.64399e+01     1.53696e-02
    2.65926e+01     1.51320e-02
    2.67462e+01     1.48981e-02
    2.69006e+01     1.46678e-02
    2.70560e+01     1.44410e-02
    2.72123e+01     1.42177e-02
    2.73694e+01     1.39978e-02
    2.75275e+01     1.37813e-02
    2.76865e+01     1.35681e-02
    2.78464e+01     1.33581e-02
    2.80072e+01     1.31514e-02
    2.81690e+01     1.29479e-02
    2.83316e+01     1.27474e-02
    2.84953e+01     1.25501e-02
    2.86598e+01     1.23558e-02
    2.88254e+01     1.21644e-02
    2.89919e+01     1.19760e-02
    2.91593e+01     1.17905e-02
    2.93277e+01     1.16078e-02
    2.94971e+01     1.14280e-02
    2.96674e+01     1.12509e-02
    2.98388e+01     1.10765e-02
    3.00111e+01     1.09048e-02
    3.01844e+01     1.07358e-02
    3.03588e+01     1.05693e-02
    3.05341e+01     1.04054e-02
    3.07105e+01     1.02440e-02
    3.08878e+01     1.00851e-02
    3.10662e+01     9.92865e-03
    3.12456e+01     9.77459e-03
    3.14261e+01     9.62291e-03
    3.16076e+01     9.47356e-03
    3.17902e+01     9.32651e-03
    3.19738e+01     9.18171e-03
    3.21584e+01     9.03915e-03
    3.23442e+01     8.89878e-03
    3.25310e+01     8.76057e-03
    3.27188e+01     8.62449e-03
    3.29078e+01     8.49051e-03
    3.30979e+01     8.35858e-03
    3.32890e+01     8.22869e-03
    3.34813e+01     8.10080e-03
    3.36746e+01     7.97488e-03
    3.38691e+01     7.85090e-03
    3.40647e+01     7.72883e-03
    3.42615e+01     7.60864e-03
    3.44594e+01     7.49031e-03
    3.46584e+01     7.37379e-03
    3.48585e+01     7.25908e-03
    3.50599e+01     7.14613e-03
    3.52624e+01     7.03493e-03
    3.54660e+01     6.92544e-03
    3.56709e+01     6.81764e-03
    3.58769e+01     6.71150e-03
    3.60841e+01     6.60700e-03
    3.62925e+01     6.50411e-03
    3.65021e+01     6.40281e-03
    3.67129e+01     6.30308e-03
    3.69249e+01     6.20488e-03
    3.71382e+01     6.10820e-03
    3.73527e+01     6.01302e-03
    3.75684e+01     5.91930e-03
    3.77854e+01     5.82703e-03
    3.80036e+01     5.73619e-03
    3.82231e+01     5.64675e-03
    3.84439e+01     5.55869e-03
    3.86659e+01     5.47199e-03
    3.88892e+01     5.38664e-03
    3.91138e+01     5.30260e-03
    3.93397e+01     5.21986e-03
    3.95669e+01     5.13840e-03
    3.97954e+01     5.05821e-03
    4.00253e+01     4.97925e-03
    4.02564e+01     4.90151e-03
    4.04889e+01     4.82498e-03
    4.07228e+01     4.74963e-03
    4.09580e+01     4.67545e-03
    4.11945e+01     4.60241e-03
    4.14324e+01     4.53051e-03
    4.16717e+01     4.45972e-03
    4.19124e+01     4.39002e-03
    4.21545e+01     4.32141e-03
    4.23979e+01     4.25386e-03
    4.26428e+01     4.18735e-03
    4.28891e+01     4.12188e-03
    4.31368e+01     4.05741e-03
    4.33859e+01     3.99395e-03
    4.36365e+01     3.93147e-03
    4.38885e+01     3.86996e-03
    4.41420e+01     3.80941e-03
    4.43969e+01     3.74979e-03
    4.46534e+01     3.69110e-03
    4.49113e+01     3.63332e-03
    4.51706e+01     3.57643e-03
    4.54315e+01     3.52042e-03
    4.56939e+01     3.46529e-03
    4.59578e+01     3.41101e-03
    4.62232e+01     3.35757e-03
    4.64902e+01     3.30497e-03
    4.67587e+01     3.25317e-03
    4.70288e+01     3.20219e-03
    4.73004e+01     3.15199e-03
    4.75736e+01     3.10258e-03
    4.78483e+01     3.05393e-03
    4.81247e+01     3.00603e-03
    4.84026e+01     2.95889e-03
    4.86821e+01     2.91247e-03
    4.89633e+01     2.86677e-03
    4.92461e+01     2.82179e-03
    4.95305e+01     2.77750e-03
    4.98166e+01     2.73391e-03
    5.01043e+01     2.69099e-03
    5.03937e+01     2.64873e-03
    5.06847e+01     2.60714e-03
    5.09774e+01     2.56619e-03
    5.12719e+01     2.52588e-03
    5.15680e+01     2.48620e-03
    5.18658e+01     2.44713e-03
    5.21654e+01     2.40867e-03
    5.24666e+01     2.37081e-03
    5.27697e+01     2.33354e-03
    5.30744e+01     2.29685e-03
    5.33810e+01     2.26073e-03
    5.36893e+01     2.22518e-03
    5.39993e+01     2.19017e-03
    5.43112e+01     2.15571e-03
    5.46249e+01     2.12179e-03
    5.49404e+01     2.08840e-03
    5.52577e+01     2.05553e-03
    5.55768e+01     2.02317e-03
    5.58978e+01     1.99131e-03
    5.62206e+01     1.95996e-03
    5.65453e+01     1.92908e-03
    5.68719e+01     1.89870e-03
    5.72004e+01     1.86878e-03
    5.75307e+01     1.83933e-03
    5.78630e+01     1.81034e-03
    5.81972e+01     1.78181e-03
    5.85333e+01     1.75372e-03
    5.88714e+01     1.72606e-03
    5.92114e+01     1.69884e-03
    5.95534e+01     1.67204e-03
    5.98973e+01     1.64566e-03
    6.02432e+01     1.61970e-03
    6.05912e+01     1.59414e-03
    6.09411e+01     1.56897e-03
    6.12931e+01     1.54420e-03
    6.16471e+01     1.51982e-03
    6.20031e+01     1.49582e-03
    6.23612e+01     1.47219e-03
    6.27214e+01     1.44894e-03
    6.30836e+01     1.42604e-03
    6.34480e+01     1.40351e-03
    6.38144e+01     1.38132e-03
    6.41830e+01     1.35949e-03
    6.45536e+01     1.33799e-03
    6.49265e+01     1.31683e-03
    6.53015e+01     1.29601e-03
    6.56786e+01     1.27550e-03
    6.60579e+01     1.25532e-03
    6.64394e+01     1.23546e-03
    6.68232e+01     1.21590e-03
    6.72091e+01     1.19665e-03
    6.75973e+01     1.17771e-03
    6.79877e+01     1.15905e-03
    6.83803e+01     1.14070e-03
    6.87753e+01     1.12262e-03
    6.91725e+01     1.10484e-03
    6.95720e+01     1.08733e-03
    6.99738e+01     1.07009e-03
    7.03779e+01     1.05313e-03
    7.07844e+01     1.03643e-03
    7.11932e+01     1.01999e-03
    7.16044e+01     1.00381e-03
    7.20179e+01     9.87883e-04
    7.24339e+01     9.72206e-04
    7.28522e+01     9.56775e-04
    7.32730e+01     9.41587e-04
    7.36961e+01     9.26636e-04
    7.41218e+01     9.11920e-04
    7.45499e+01     8.97434e-04
    7.49804e+01     8.83176e-04
    7.54135e+01     8.69142e-04
    7.58490e+01     8.55328e-04
    7.62871e+01     8.41731e-04
    7.67277e+01     8.28347e-04
    7.71708e+01     8.15173e-04
    7.76165e+01     8.02206e-04
    7.80648e+01     7.89443e-04
    7.85157e+01     7.76881e-04
    7.89691e+01     7.64515e-04
    7.94252e+01     7.52344e-04
    7.98839e+01     7.40365e-04
    8.03453e+01     7.28573e-04
    8.08093e+01     7.16967e-04
    8.12760e+01     7.05544e-04
    8.17454e+01     6.94300e-04
    8.22176e+01     6.83232e-04
    8.26924e+01     6.72339e-04
    8.31700e+01     6.61618e-04
    8.36503e+01     6.51065e-04
    8.41335e+01     6.40678e-04
    8.46194e+01     6.30454e-04
    8.51081e+01     6.20392e-04
    8.55996e+01     6.10488e-04
    8.60940e+01     6.00739e-04
    8.65912e+01     5.91145e-04
    8.70913e+01     5.81701e-04
    8.75943e+01     5.72406e-04
    8.81002e+01     5.63258e-04
    8.86091e+01     5.54253e-04
    8.91208e+01     5.45391e-04
    8.96355e+01     5.36668e-04
    9.01532e+01     5.28082e-04
    9.06739e+01     5.19632e-04
    9.11976e+01     5.11316e-04
    9.17243e+01     5.03130e-04
    9.22540e+01     4.95073e-04
    9.27869e+01     4.87144e-04
    9.33227e+01     4.79339e-04
    9.38617e+01     4.71658e-04
    9.44038e+01     4.64098e-04
    9.49490e+01     4.56657e-04
    9.54974e+01     4.49334e-04
    9.60490e+01     4.42126e-04
    9.66037e+01     4.35032e-04
    9.71616e+01     4.28051e-04
    9.77228e+01     4.21179e-04
    9.82872e+01     4.14416e-04
    9.88548e+01     4.07760e-04
    9.94258e+01     4.01209e-04
    1.00000e+02     3.94761e-04
