# The (real space) HaloFit power spectrum from CLASS.
#      k[h/Mpc]            P(k)
    1.00000e-04     3.71283e+02
    1.00578e-04     3.73396e+02
    1.01158e-04     3.75520e+02
    1.01743e-04     3.77656e+02
    1.02330e-04     3.79804e+02
    1.02921e-04     3.81965e+02
    1.03516e-04     3.84138e+02
    1.04114e-04     3.86323e+02
    1.04715e-04     3.88520e+02
    1.05320e-04     3.90731e+02
    1.05928e-04     3.92953e+02
    1.06540e-04     3.95188e+02
    1.07155e-04     3.97436e+02
    1.07774e-04     3.99697e+02
    1.08396e-04     4.01971e+02
    1.09022e-04     4.04257e+02
    1.09652e-04     4.06557e+02
    1.10285e-04     4.08869e+02
    1.10922e-04     4.11195e+02
    1.11563e-04     4.13534e+02
    1.12207e-04     4.15886e+02
    1.12855e-04     4.18252e+02
    1.13507e-04     4.20631e+02
    1.14163e-04     4.23023e+02
    1.14822e-04     4.25430e+02
    1.15485e-04     4.27849e+02
    1.16152e-04     4.30283e+02
    1.16823e-04     4.32730e+02
    1.17498e-04     4.35191e+02
    1.18176e-04     4.37667e+02
    1.18859e-04     4.40156e+02
    1.19545e-04     4.42659e+02
    1.20236e-04     4.45177e+02
    1.20930e-04     4.47709e+02
    1.21629e-04     4.50255e+02
    1.22331e-04     4.52816e+02
    1.23038e-04     4.55392e+02
    1.23748e-04     4.57982e+02
    1.24463e-04     4.60586e+02
    1.25182e-04     4.63206e+02
    1.25905e-04     4.65840e+02
    1.26632e-04     4.68489e+02
    1.27363e-04     4.71154e+02
    1.28099e-04     4.73833e+02
    1.28839e-04     4.76528e+02
    1.29583e-04     4.79238e+02
    1.30331e-04     4.81963e+02
    1.31084e-04     4.84704e+02
    1.31841e-04     4.87461e+02
    1.32602e-04     4.90233e+02
    1.33368e-04     4.93020e+02
    1.34138e-04     4.95824e+02
    1.34913e-04     4.98644e+02
    1.35692e-04     5.01479e+02
    1.36476e-04     5.04331e+02
    1.37264e-04     5.07199e+02
    1.38057e-04     5.10083e+02
    1.38854e-04     5.12983e+02
    1.39656e-04     5.15900e+02
    1.40463e-04     5.18834e+02
    1.41274e-04     5.21784e+02
    1.42090e-04     5.24751e+02
    1.42911e-04     5.27734e+02
    1.43736e-04     5.30735e+02
    1.44566e-04     5.33753e+02
    1.45401e-04     5.36787e+02
    1.46241e-04     5.39840e+02
    1.47085e-04     5.42909e+02
    1.47935e-04     5.45996e+02
    1.48789e-04     5.49100e+02
    1.49649e-04     5.52222e+02
    1.50513e-04     5.55361e+02
    1.51382e-04     5.58519e+02
    1.52257e-04     5.61694e+02
    1.53136e-04     5.64887e+02
    1.54020e-04     5.68099e+02
    1.54910e-04     5.71329e+02
    1.55805e-04     5.74576e+02
    1.56704e-04     5.77843e+02
    1.57609e-04     5.81128e+02
    1.58520e-04     5.84431e+02
    1.59435e-04     5.87754e+02
    1.60356e-04     5.91095e+02
    1.61282e-04     5.94455e+02
    1.62214e-04     5.97834e+02
    1.63151e-04     6.01232e+02
    1.64093e-04     6.04650e+02
    1.65041e-04     6.08087e+02
    1.65994e-04     6.11543e+02
    1.66952e-04     6.15019e+02
    1.67917e-04     6.18515e+02
    1.68886e-04     6.22030e+02
    1.69862e-04     6.25566e+02
    1.70843e-04     6.29121e+02
    1.71830e-04     6.32697e+02
    1.72822e-04     6.36293e+02
    1.73820e-04     6.39909e+02
    1.74824e-04     6.43546e+02
    1.75834e-04     6.47203e+02
    1.76849e-04     6.50882e+02
    1.77871e-04     6.54581e+02
    1.78898e-04     6.58300e+02
    1.79931e-04     6.62041e+02
    1.80970e-04     6.65804e+02
    1.82016e-04     6.69587e+02
    1.83067e-04     6.73392e+02
    1.84124e-04     6.77219e+02
    1.85187e-04     6.81067e+02
    1.86257e-04     6.84937e+02
    1.87333e-04     6.88829e+02
    1.88415e-04     6.92743e+02
    1.89503e-04     6.96679e+02
    1.90597e-04     7.00637e+02
    1.91698e-04     7.04618e+02
    1.92805e-04     7.08621e+02
    1.93919e-04     7.12647e+02
    1.95039e-04     7.16696e+02
    1.96165e-04     7.20768e+02
    1.97298e-04     7.24862e+02
    1.98438e-04     7.28980e+02
    1.99584e-04     7.33121e+02
    2.00736e-04     7.37286e+02
    2.01896e-04     7.41474e+02
    2.03062e-04     7.45686e+02
    2.04235e-04     7.49922e+02
    2.05414e-04     7.54182e+02
    2.06600e-04     7.58466e+02
    2.07794e-04     7.62774e+02
    2.08994e-04     7.67106e+02
    2.10201e-04     7.71463e+02
    2.11415e-04     7.75845e+02
    2.12636e-04     7.80251e+02
    2.13864e-04     7.84682e+02
    2.15099e-04     7.89139e+02
    2.16341e-04     7.93620e+02
    2.17591e-04     7.98127e+02
    2.18848e-04     8.02659e+02
    2.20112e-04     8.07217e+02
    2.21383e-04     8.11801e+02
    2.22661e-04     8.16411e+02
    2.23947e-04     8.21047e+02
    2.25241e-04     8.25709e+02
    2.26542e-04     8.30397e+02
    2.27850e-04     8.35112e+02
    2.29166e-04     8.39853e+02
    2.30489e-04     8.44621e+02
    2.31821e-04     8.49416e+02
    2.33160e-04     8.54239e+02
    2.34506e-04     8.59088e+02
    2.35861e-04     8.63965e+02
    2.37223e-04     8.68869e+02
    2.38593e-04     8.73801e+02
    2.39971e-04     8.78761e+02
    2.41357e-04     8.83749e+02
    2.42751e-04     8.88765e+02
    2.44153e-04     8.93809e+02
    2.45563e-04     8.98882e+02
    2.46981e-04     9.03984e+02
    2.48407e-04     9.09114e+02
    2.49842e-04     9.14273e+02
    2.51285e-04     9.19462e+02
    2.52736e-04     9.24679e+02
    2.54196e-04     9.29926e+02
    2.55664e-04     9.35203e+02
    2.57141e-04     9.40509e+02
    2.58626e-04     9.45846e+02
    2.60120e-04     9.51212e+02
    2.61622e-04     9.56609e+02
    2.63133e-04     9.62036e+02
    2.64653e-04     9.67494e+02
    2.66181e-04     9.72982e+02
    2.67718e-04     9.78502e+02
    2.69265e-04     9.84052e+02
    2.70820e-04     9.89634e+02
    2.72384e-04     9.95247e+02
    2.73957e-04     1.00089e+03
    2.75539e-04     1.00657e+03
    2.77131e-04     1.01228e+03
    2.78731e-04     1.01802e+03
    2.80341e-04     1.02379e+03
    2.81960e-04     1.02960e+03
    2.83589e-04     1.03543e+03
    2.85226e-04     1.04131e+03
    2.86874e-04     1.04721e+03
    2.88531e-04     1.05315e+03
    2.90197e-04     1.05912e+03
    2.91873e-04     1.06512e+03
    2.93559e-04     1.07116e+03
    2.95254e-04     1.07723e+03
    2.96959e-04     1.08334e+03
    2.98674e-04     1.08948e+03
    3.00399e-04     1.09566e+03
    3.02134e-04     1.10187e+03
    3.03879e-04     1.10811e+03
    3.05634e-04     1.11439e+03
    3.07400e-04     1.12071e+03
    3.09175e-04     1.12706e+03
    3.10961e-04     1.13344e+03
    3.12756e-04     1.13986e+03
    3.14563e-04     1.14632e+03
    3.16380e-04     1.15282e+03
    3.18207e-04     1.15935e+03
    3.20045e-04     1.16592e+03
    3.21893e-04     1.17252e+03
    3.23752e-04     1.17916e+03
    3.25622e-04     1.18584e+03
    3.27503e-04     1.19256e+03
    3.29394e-04     1.19931e+03
    3.31296e-04     1.20610e+03
    3.33210e-04     1.21293e+03
    3.35134e-04     1.21980e+03
    3.37070e-04     1.22671e+03
    3.39017e-04     1.23365e+03
    3.40975e-04     1.24064e+03
    3.42944e-04     1.24766e+03
    3.44925e-04     1.25473e+03
    3.46917e-04     1.26183e+03
    3.48920e-04     1.26897e+03
    3.50935e-04     1.27615e+03
    3.52962e-04     1.28338e+03
    3.55001e-04     1.29064e+03
    3.57051e-04     1.29794e+03
    3.59113e-04     1.30529e+03
    3.61187e-04     1.31267e+03
    3.63273e-04     1.32010e+03
    3.65371e-04     1.32757e+03
    3.67482e-04     1.33508e+03
    3.69604e-04     1.34263e+03
    3.71739e-04     1.35022e+03
    3.73886e-04     1.35786e+03
    3.76045e-04     1.36554e+03
    3.78217e-04     1.37326e+03
    3.80401e-04     1.38103e+03
    3.82598e-04     1.38884e+03
    3.84808e-04     1.39669e+03
    3.87030e-04     1.40459e+03
    3.89266e-04     1.41253e+03
    3.91514e-04     1.42051e+03
    3.93775e-04     1.42854e+03
    3.96049e-04     1.43661e+03
    3.98337e-04     1.44473e+03
    4.00637e-04     1.45290e+03
    4.02951e-04     1.46111e+03
    4.05278e-04     1.46936e+03
    4.07619e-04     1.47766e+03
    4.09973e-04     1.48601e+03
    4.12341e-04     1.49441e+03
    4.14722e-04     1.50285e+03
    4.17118e-04     1.51134e+03
    4.19527e-04     1.51987e+03
    4.21950e-04     1.52845e+03
    4.24387e-04     1.53708e+03
    4.26838e-04     1.54576e+03
    4.29303e-04     1.55449e+03
    4.31782e-04     1.56327e+03
    4.34276e-04     1.57209e+03
    4.36784e-04     1.58096e+03
    4.39307e-04     1.58988e+03
    4.41844e-04     1.59886e+03
    4.44396e-04     1.60788e+03
    4.46962e-04     1.61695e+03
    4.49544e-04     1.62607e+03
    4.52140e-04     1.63525e+03
    4.54751e-04     1.64447e+03
    4.57378e-04     1.65374e+03
    4.60019e-04     1.66307e+03
    4.62676e-04     1.67245e+03
    4.65348e-04     1.68188e+03
    4.68036e-04     1.69136e+03
    4.70739e-04     1.70090e+03
    4.73458e-04     1.71048e+03
    4.76192e-04     1.72012e+03
    4.78943e-04     1.72982e+03
    4.81709e-04     1.73956e+03
    4.84491e-04     1.74937e+03
    4.87289e-04     1.75922e+03
    4.90103e-04     1.76913e+03
    4.92934e-04     1.77910e+03
    4.95781e-04     1.78912e+03
    4.98644e-04     1.79919e+03
    5.01524e-04     1.80932e+03
    5.04421e-04     1.81951e+03
    5.07334e-04     1.82975e+03
    5.10264e-04     1.84005e+03
    5.13211e-04     1.85041e+03
    5.16175e-04     1.86082e+03
    5.19156e-04     1.87129e+03
    5.22155e-04     1.88182e+03
    5.25170e-04     1.89240e+03
    5.28203e-04     1.90305e+03
    5.31254e-04     1.91375e+03
    5.34322e-04     1.92451e+03
    5.37408e-04     1.93534e+03
    5.40512e-04     1.94622e+03
    5.43634e-04     1.95716e+03
    5.46773e-04     1.96816e+03
    5.49931e-04     1.97922e+03
    5.53107e-04     1.99034e+03
    5.56302e-04     2.00152e+03
    5.59515e-04     2.01277e+03
    5.62746e-04     2.02407e+03
    5.65996e-04     2.03544e+03
    5.69265e-04     2.04687e+03
    5.72553e-04     2.05836e+03
    5.75860e-04     2.06992e+03
    5.79186e-04     2.08154e+03
    5.82531e-04     2.09322e+03
    5.85895e-04     2.10497e+03
    5.89279e-04     2.11678e+03
    5.92682e-04     2.12865e+03
    5.96105e-04     2.14059e+03
    5.99548e-04     2.15260e+03
    6.03011e-04     2.16467e+03
    6.06494e-04     2.17681e+03
    6.09996e-04     2.18901e+03
    6.13519e-04     2.20128e+03
    6.17063e-04     2.21362e+03
    6.20627e-04     2.22602e+03
    6.24211e-04     2.23849e+03
    6.27816e-04     2.25103e+03
    6.31442e-04     2.26364e+03
    6.35089e-04     2.27631e+03
    6.38757e-04     2.28906e+03
    6.42446e-04     2.30187e+03
    6.46156e-04     2.31476e+03
    6.49888e-04     2.32771e+03
    6.53642e-04     2.34073e+03
    6.57417e-04     2.35383e+03
    6.61214e-04     2.36699e+03
    6.65032e-04     2.38023e+03
    6.68873e-04     2.39354e+03
    6.72736e-04     2.40692e+03
    6.76622e-04     2.42038e+03
    6.80530e-04     2.43390e+03
    6.84460e-04     2.44750e+03
    6.88413e-04     2.46117e+03
    6.92389e-04     2.47492e+03
    6.96388e-04     2.48874e+03
    7.00410e-04     2.50264e+03
    7.04455e-04     2.51661e+03
    7.08524e-04     2.53066e+03
    7.12616e-04     2.54478e+03
    7.16731e-04     2.55898e+03
    7.20871e-04     2.57325e+03
    7.25034e-04     2.58760e+03
    7.29222e-04     2.60203e+03
    7.33433e-04     2.61654e+03
    7.37669e-04     2.63112e+03
    7.41930e-04     2.64578e+03
    7.46215e-04     2.66052e+03
    7.50524e-04     2.67534e+03
    7.54859e-04     2.69024e+03
    7.59219e-04     2.70522e+03
    7.63603e-04     2.72028e+03
    7.68014e-04     2.73542e+03
    7.72449e-04     2.75065e+03
    7.76910e-04     2.76595e+03
    7.81398e-04     2.78133e+03
    7.85910e-04     2.79680e+03
    7.90449e-04     2.81235e+03
    7.95015e-04     2.82798e+03
    7.99606e-04     2.84370e+03
    8.04224e-04     2.85950e+03
    8.08869e-04     2.87538e+03
    8.13541e-04     2.89135e+03
    8.18239e-04     2.90740e+03
    8.22965e-04     2.92354e+03
    8.27718e-04     2.93977e+03
    8.32499e-04     2.95608e+03
    8.37307e-04     2.97248e+03
    8.42142e-04     2.98896e+03
    8.47006e-04     3.00553e+03
    8.51898e-04     3.02219e+03
    8.56818e-04     3.03894e+03
    8.61767e-04     3.05578e+03
    8.66744e-04     3.07270e+03
    8.71750e-04     3.08972e+03
    8.76785e-04     3.10682e+03
    8.81848e-04     3.12402e+03
    8.86941e-04     3.14131e+03
    8.92064e-04     3.15868e+03
    8.97216e-04     3.17615e+03
    9.02398e-04     3.19371e+03
    9.07610e-04     3.21137e+03
    9.12852e-04     3.22911e+03
    9.18124e-04     3.24695e+03
    9.23426e-04     3.26488e+03
    9.28760e-04     3.28291e+03
    9.34124e-04     3.30103e+03
    9.39519e-04     3.31925e+03
    9.44945e-04     3.33756e+03
    9.50402e-04     3.35597e+03
    9.55891e-04     3.37447e+03
    9.61412e-04     3.39307e+03
    9.66965e-04     3.41177e+03
    9.72549e-04     3.43057e+03
    9.78166e-04     3.44946e+03
    9.83816e-04     3.46845e+03
    9.89498e-04     3.48754e+03
    9.95212e-04     3.50673e+03
    1.00096e-03     3.52602e+03
    1.00674e-03     3.54541e+03
    1.01256e-03     3.56490e+03
    1.01840e-03     3.58449e+03
    1.02429e-03     3.60418e+03
    1.03020e-03     3.62398e+03
    1.03615e-03     3.64387e+03
    1.04214e-03     3.66387e+03
    1.04815e-03     3.68398e+03
    1.05421e-03     3.70418e+03
    1.06030e-03     3.72449e+03
    1.06642e-03     3.74491e+03
    1.07258e-03     3.76543e+03
    1.07877e-03     3.78606e+03
    1.08500e-03     3.80679e+03
    1.09127e-03     3.82763e+03
    1.09757e-03     3.84857e+03
    1.10391e-03     3.86962e+03
    1.11029e-03     3.89078e+03
    1.11670e-03     3.91205e+03
    1.12315e-03     3.93343e+03
    1.12964e-03     3.95491e+03
    1.13616e-03     3.97651e+03
    1.14272e-03     3.99821e+03
    1.14932e-03     4.02003e+03
    1.15596e-03     4.04196e+03
    1.16264e-03     4.06399e+03
    1.16935e-03     4.08614e+03
    1.17610e-03     4.10840e+03
    1.18290e-03     4.13078e+03
    1.18973e-03     4.15326e+03
    1.19660e-03     4.17586e+03
    1.20351e-03     4.19858e+03
    1.21046e-03     4.22141e+03
    1.21745e-03     4.24435e+03
    1.22448e-03     4.26741e+03
    1.23156e-03     4.29058e+03
    1.23867e-03     4.31387e+03
    1.24582e-03     4.33728e+03
    1.25302e-03     4.36080e+03
    1.26026e-03     4.38445e+03
    1.26753e-03     4.40821e+03
    1.27485e-03     4.43208e+03
    1.28222e-03     4.45608e+03
    1.28962e-03     4.48020e+03
    1.29707e-03     4.50443e+03
    1.30456e-03     4.52879e+03
    1.31210e-03     4.55327e+03
    1.31967e-03     4.57787e+03
    1.32730e-03     4.60259e+03
    1.33496e-03     4.62743e+03
    1.34267e-03     4.65239e+03
    1.35043e-03     4.67748e+03
    1.35823e-03     4.70269e+03
    1.36607e-03     4.72803e+03
    1.37396e-03     4.75349e+03
    1.38190e-03     4.77907e+03
    1.38988e-03     4.80478e+03
    1.39790e-03     4.83061e+03
    1.40598e-03     4.85657e+03
    1.41410e-03     4.88266e+03
    1.42226e-03     4.90888e+03
    1.43048e-03     4.93522e+03
    1.43874e-03     4.96169e+03
    1.44705e-03     4.98829e+03
    1.45541e-03     5.01501e+03
    1.46381e-03     5.04187e+03
    1.47227e-03     5.06885e+03
    1.48077e-03     5.09597e+03
    1.48932e-03     5.12322e+03
    1.49792e-03     5.15059e+03
    1.50658e-03     5.17810e+03
    1.51528e-03     5.20574e+03
    1.52403e-03     5.23351e+03
    1.53283e-03     5.26142e+03
    1.54168e-03     5.28946e+03
    1.55059e-03     5.31763e+03
    1.55954e-03     5.34594e+03
    1.56855e-03     5.37438e+03
    1.57761e-03     5.40295e+03
    1.58672e-03     5.43166e+03
    1.59588e-03     5.46051e+03
    1.60510e-03     5.48949e+03
    1.61437e-03     5.51861e+03
    1.62369e-03     5.54787e+03
    1.63307e-03     5.57726e+03
    1.64250e-03     5.60679e+03
    1.65199e-03     5.63646e+03
    1.66153e-03     5.66627e+03
    1.67113e-03     5.69622e+03
    1.68078e-03     5.72631e+03
    1.69049e-03     5.75654e+03
    1.70025e-03     5.78691e+03
    1.71007e-03     5.81741e+03
    1.71995e-03     5.84807e+03
    1.72988e-03     5.87886e+03
    1.73987e-03     5.90979e+03
    1.74992e-03     5.94087e+03
    1.76003e-03     5.97209e+03
    1.77019e-03     6.00345e+03
    1.78041e-03     6.03495e+03
    1.79070e-03     6.06660e+03
    1.80104e-03     6.09840e+03
    1.81144e-03     6.13033e+03
    1.82190e-03     6.16242e+03
    1.83243e-03     6.19465e+03
    1.84301e-03     6.22702e+03
    1.85365e-03     6.25954e+03
    1.86436e-03     6.29221e+03
    1.87513e-03     6.32502e+03
    1.88596e-03     6.35798e+03
    1.89685e-03     6.39109e+03
    1.90780e-03     6.42434e+03
    1.91882e-03     6.45775e+03
    1.92990e-03     6.49130e+03
    1.94105e-03     6.52500e+03
    1.95226e-03     6.55885e+03
    1.96354e-03     6.59285e+03
    1.97488e-03     6.62700e+03
    1.98628e-03     6.66130e+03
    1.99775e-03     6.69575e+03
    2.00929e-03     6.73035e+03
    2.02090e-03     6.76510e+03
    2.03257e-03     6.80001e+03
    2.04431e-03     6.83506e+03
    2.05611e-03     6.87027e+03
    2.06799e-03     6.90563e+03
    2.07993e-03     6.94114e+03
    2.09194e-03     6.97681e+03
    2.10403e-03     7.01263e+03
    2.11618e-03     7.04860e+03
    2.12840e-03     7.08473e+03
    2.14069e-03     7.12101e+03
    2.15306e-03     7.15745e+03
    2.16549e-03     7.19404e+03
    2.17800e-03     7.23078e+03
    2.19058e-03     7.26768e+03
    2.20323e-03     7.30474e+03
    2.21595e-03     7.34195e+03
    2.22875e-03     7.37932e+03
    2.24162e-03     7.41684e+03
    2.25457e-03     7.45452e+03
    2.26759e-03     7.49235e+03
    2.28069e-03     7.53035e+03
    2.29386e-03     7.56850e+03
    2.30711e-03     7.60680e+03
    2.32043e-03     7.64527e+03
    2.33383e-03     7.68389e+03
    2.34731e-03     7.72267e+03
    2.36087e-03     7.76161e+03
    2.37451e-03     7.80070e+03
    2.38822e-03     7.83996e+03
    2.40201e-03     7.87937e+03
    2.41589e-03     7.91894e+03
    2.42984e-03     7.95867e+03
    2.44387e-03     7.99856e+03
    2.45799e-03     8.03860e+03
    2.47218e-03     8.07881e+03
    2.48646e-03     8.11918e+03
    2.50082e-03     8.15970e+03
    2.51526e-03     8.20039e+03
    2.52979e-03     8.24123e+03
    2.54440e-03     8.28224e+03
    2.55910e-03     8.32340e+03
    2.57388e-03     8.36473e+03
    2.58874e-03     8.40621e+03
    2.60369e-03     8.44786e+03
    2.61873e-03     8.48967e+03
    2.63386e-03     8.53163e+03
    2.64907e-03     8.57376e+03
    2.66437e-03     8.61605e+03
    2.67975e-03     8.65850e+03
    2.69523e-03     8.70111e+03
    2.71080e-03     8.74387e+03
    2.72645e-03     8.78680e+03
    2.74220e-03     8.82990e+03
    2.75804e-03     8.87315e+03
    2.77397e-03     8.91656e+03
    2.78999e-03     8.96013e+03
    2.80610e-03     9.00386e+03
    2.82231e-03     9.04776e+03
    2.83861e-03     9.09181e+03
    2.85500e-03     9.13602e+03
    2.87149e-03     9.18040e+03
    2.88808e-03     9.22493e+03
    2.90476e-03     9.26963e+03
    2.92153e-03     9.31448e+03
    2.93841e-03     9.35950e+03
    2.95538e-03     9.40467e+03
    2.97244e-03     9.45001e+03
    2.98961e-03     9.49550e+03
    3.00688e-03     9.54115e+03
    3.02424e-03     9.58697e+03
    3.04171e-03     9.63294e+03
    3.05928e-03     9.67907e+03
    3.07695e-03     9.72536e+03
    3.09472e-03     9.77181e+03
    3.11259e-03     9.81842e+03
    3.13057e-03     9.86518e+03
    3.14865e-03     9.91211e+03
    3.16683e-03     9.95919e+03
    3.18512e-03     1.00064e+04
    3.20352e-03     1.00538e+04
    3.22202e-03     1.01014e+04
    3.24063e-03     1.01491e+04
    3.25935e-03     1.01970e+04
    3.27817e-03     1.02450e+04
    3.29710e-03     1.02932e+04
    3.31615e-03     1.03415e+04
    3.33530e-03     1.03900e+04
    3.35456e-03     1.04386e+04
    3.37394e-03     1.04874e+04
    3.39342e-03     1.05364e+04
    3.41302e-03     1.05855e+04
    3.43273e-03     1.06348e+04
    3.45256e-03     1.06842e+04
    3.47250e-03     1.07338e+04
    3.49255e-03     1.07835e+04
    3.51272e-03     1.08334e+04
    3.53301e-03     1.08834e+04
    3.55342e-03     1.09336e+04
    3.57394e-03     1.09839e+04
    3.59458e-03     1.10344e+04
    3.61534e-03     1.10850e+04
    3.63622e-03     1.11358e+04
    3.65722e-03     1.11867e+04
    3.67834e-03     1.12378e+04
    3.69959e-03     1.12890e+04
    3.72096e-03     1.13404e+04
    3.74245e-03     1.13919e+04
    3.76406e-03     1.14435e+04
    3.78580e-03     1.14953e+04
    3.80766e-03     1.15473e+04
    3.82965e-03     1.15994e+04
    3.85177e-03     1.16516e+04
    3.87402e-03     1.17040e+04
    3.89639e-03     1.17565e+04
    3.91890e-03     1.18092e+04
    3.94153e-03     1.18620e+04
    3.96429e-03     1.19149e+04
    3.98719e-03     1.19680e+04
    4.01022e-03     1.20212e+04
    4.03338e-03     1.20745e+04
    4.05667e-03     1.21280e+04
    4.08010e-03     1.21817e+04
    4.10367e-03     1.22354e+04
    4.12737e-03     1.22893e+04
    4.15121e-03     1.23433e+04
    4.17518e-03     1.23975e+04
    4.19929e-03     1.24518e+04
    4.22355e-03     1.25062e+04
    4.24794e-03     1.25608e+04
    4.27247e-03     1.26155e+04
    4.29715e-03     1.26703e+04
    4.32197e-03     1.27252e+04
    4.34693e-03     1.27803e+04
    4.37203e-03     1.28355e+04
    4.39729e-03     1.28908e+04
    4.42268e-03     1.29462e+04
    4.44822e-03     1.30017e+04
    4.47392e-03     1.30574e+04
    4.49975e-03     1.31132e+04
    4.52574e-03     1.31691e+04
    4.55188e-03     1.32251e+04
    4.57817e-03     1.32813e+04
    4.60461e-03     1.33375e+04
    4.63121e-03     1.33939e+04
    4.65795e-03     1.34504e+04
    4.68485e-03     1.35070e+04
    4.71191e-03     1.35637e+04
    4.73913e-03     1.36205e+04
    4.76650e-03     1.36774e+04
    4.79402e-03     1.37344e+04
    4.82171e-03     1.37916e+04
    4.84956e-03     1.38488e+04
    4.87757e-03     1.39061e+04
    4.90574e-03     1.39636e+04
    4.93407e-03     1.40211e+04
    4.96257e-03     1.40787e+04
    4.99123e-03     1.41364e+04
    5.02006e-03     1.41942e+04
    5.04905e-03     1.42522e+04
    5.07821e-03     1.43102e+04
    5.10754e-03     1.43682e+04
    5.13704e-03     1.44264e+04
    5.16671e-03     1.44847e+04
    5.19655e-03     1.45430e+04
    5.22656e-03     1.46015e+04
    5.25675e-03     1.46600e+04
    5.28711e-03     1.47186e+04
    5.31764e-03     1.47772e+04
    5.34835e-03     1.48360e+04
    5.37924e-03     1.48948e+04
    5.41031e-03     1.49537e+04
    5.44156e-03     1.50127e+04
    5.47299e-03     1.50717e+04
    5.50459e-03     1.51308e+04
    5.53639e-03     1.51900e+04
    5.56836e-03     1.52492e+04
    5.60052e-03     1.53085e+04
    5.63287e-03     1.53679e+04
    5.66540e-03     1.54273e+04
    5.69812e-03     1.54867e+04
    5.73103e-03     1.55463e+04
    5.76413e-03     1.56058e+04
    5.79742e-03     1.56654e+04
    5.83090e-03     1.57251e+04
    5.86458e-03     1.57848e+04
    5.89845e-03     1.58445e+04
    5.93252e-03     1.59043e+04
    5.96678e-03     1.59641e+04
    6.00124e-03     1.60240e+04
    6.03590e-03     1.60839e+04
    6.07076e-03     1.61438e+04
    6.10582e-03     1.62038e+04
    6.14108e-03     1.62637e+04
    6.17655e-03     1.63237e+04
    6.21223e-03     1.63838e+04
    6.24810e-03     1.64438e+04
    6.28419e-03     1.65038e+04
    6.32048e-03     1.65639e+04
    6.35699e-03     1.66240e+04
    6.39370e-03     1.66841e+04
    6.43063e-03     1.67442e+04
    6.46777e-03     1.68043e+04
    6.50512e-03     1.68644e+04
    6.54269e-03     1.69245e+04
    6.58048e-03     1.69845e+04
    6.61849e-03     1.70446e+04
    6.65671e-03     1.71047e+04
    6.69516e-03     1.71648e+04
    6.73382e-03     1.72248e+04
    6.77272e-03     1.72848e+04
    6.81183e-03     1.73448e+04
    6.85117e-03     1.74048e+04
    6.89074e-03     1.74648e+04
    6.93054e-03     1.75247e+04
    6.97057e-03     1.75846e+04
    7.01082e-03     1.76444e+04
    7.05131e-03     1.77042e+04
    7.09204e-03     1.77640e+04
    7.13300e-03     1.78237e+04
    7.17420e-03     1.78834e+04
    7.21563e-03     1.79430e+04
    7.25730e-03     1.80026e+04
    7.29922e-03     1.80621e+04
    7.34137e-03     1.81215e+04
    7.38377e-03     1.81809e+04
    7.42642e-03     1.82402e+04
    7.46931e-03     1.82994e+04
    7.51245e-03     1.83585e+04
    7.55584e-03     1.84176e+04
    7.59948e-03     1.84766e+04
    7.64337e-03     1.85355e+04
    7.68751e-03     1.85943e+04
    7.73191e-03     1.86530e+04
    7.77657e-03     1.87116e+04
    7.82148e-03     1.87701e+04
    7.86665e-03     1.88285e+04
    7.91209e-03     1.88868e+04
    7.95778e-03     1.89450e+04
    8.00374e-03     1.90031e+04
    8.04997e-03     1.90610e+04
    8.09646e-03     1.91189e+04
    8.14322e-03     1.91765e+04
    8.19025e-03     1.92341e+04
    8.23755e-03     1.92915e+04
    8.28513e-03     1.93488e+04
    8.33298e-03     1.94060e+04
    8.38111e-03     1.94630e+04
    8.42951e-03     1.95198e+04
    8.47820e-03     1.95765e+04
    8.52716e-03     1.96331e+04
    8.57641e-03     1.96895e+04
    8.62594e-03     1.97457e+04
    8.67576e-03     1.98017e+04
    8.72587e-03     1.98575e+04
    8.77626e-03     1.99132e+04
    8.82695e-03     1.99687e+04
    8.87793e-03     2.00240e+04
    8.92921e-03     2.00791e+04
    8.98078e-03     2.01340e+04
    9.03264e-03     2.01886e+04
    9.08481e-03     2.02431e+04
    9.13728e-03     2.02974e+04
    9.19005e-03     2.03514e+04
    9.24313e-03     2.04052e+04
    9.29651e-03     2.04588e+04
    9.35021e-03     2.05122e+04
    9.40421e-03     2.05653e+04
    9.45852e-03     2.06182e+04
    9.51315e-03     2.06708e+04
    9.56809e-03     2.07231e+04
    9.62335e-03     2.07752e+04
    9.67893e-03     2.08271e+04
    9.73483e-03     2.08787e+04
    9.79106e-03     2.09300e+04
    9.84760e-03     2.09810e+04
    9.90448e-03     2.10317e+04
    9.96168e-03     2.10822e+04
    1.00192e-02     2.11323e+04
    1.00771e-02     2.11822e+04
    1.01353e-02     2.12318e+04
    1.01938e-02     2.12810e+04
    1.02527e-02     2.13299e+04
    1.03119e-02     2.13786e+04
    1.03715e-02     2.14269e+04
    1.04314e-02     2.14748e+04
    1.04916e-02     2.15225e+04
    1.05522e-02     2.15697e+04
    1.06131e-02     2.16167e+04
    1.06744e-02     2.16633e+04
    1.07361e-02     2.17095e+04
    1.07981e-02     2.17554e+04
    1.08605e-02     2.18009e+04
    1.09232e-02     2.18461e+04
    1.09863e-02     2.18908e+04
    1.10497e-02     2.19352e+04
    1.11135e-02     2.19792e+04
    1.11777e-02     2.20227e+04
    1.12423e-02     2.20659e+04
    1.13072e-02     2.21087e+04
    1.13725e-02     2.21510e+04
    1.14382e-02     2.21929e+04
    1.15043e-02     2.22344e+04
    1.15707e-02     2.22755e+04
    1.16375e-02     2.23161e+04
    1.17047e-02     2.23563e+04
    1.17723e-02     2.23960e+04
    1.18403e-02     2.24353e+04
    1.19087e-02     2.24741e+04
    1.19775e-02     2.25124e+04
    1.20467e-02     2.25502e+04
    1.21162e-02     2.25876e+04
    1.21862e-02     2.26245e+04
    1.22566e-02     2.26609e+04
    1.23274e-02     2.26968e+04
    1.23986e-02     2.27321e+04
    1.24702e-02     2.27670e+04
    1.25422e-02     2.28014e+04
    1.26147e-02     2.28352e+04
    1.26875e-02     2.28685e+04
    1.27608e-02     2.29013e+04
    1.28345e-02     2.29335e+04
    1.29086e-02     2.29652e+04
    1.29832e-02     2.29963e+04
    1.30581e-02     2.30268e+04
    1.31336e-02     2.30568e+04
    1.32094e-02     2.30863e+04
    1.32857e-02     2.31151e+04
    1.33624e-02     2.31434e+04
    1.34396e-02     2.31711e+04
    1.35172e-02     2.31982e+04
    1.35953e-02     2.32246e+04
    1.36738e-02     2.32505e+04
    1.37528e-02     2.32758e+04
    1.38322e-02     2.33004e+04
    1.39121e-02     2.33244e+04
    1.39925e-02     2.33477e+04
    1.40733e-02     2.33705e+04
    1.41546e-02     2.33925e+04
    1.42363e-02     2.34139e+04
    1.43185e-02     2.34347e+04
    1.44012e-02     2.34547e+04
    1.44844e-02     2.34741e+04
    1.45680e-02     2.34929e+04
    1.46522e-02     2.35109e+04
    1.47368e-02     2.35282e+04
    1.48219e-02     2.35448e+04
    1.49075e-02     2.35608e+04
    1.49936e-02     2.35760e+04
    1.50802e-02     2.35904e+04
    1.51673e-02     2.36042e+04
    1.52549e-02     2.36172e+04
    1.53430e-02     2.36295e+04
    1.54316e-02     2.36411e+04
    1.55208e-02     2.36519e+04
    1.56104e-02     2.36619e+04
    1.57006e-02     2.36712e+04
    1.57912e-02     2.36797e+04
    1.58824e-02     2.36874e+04
    1.59742e-02     2.36944e+04
    1.60664e-02     2.37006e+04
    1.61592e-02     2.37060e+04
    1.62525e-02     2.37106e+04
    1.63464e-02     2.37144e+04
    1.64408e-02     2.37174e+04
    1.65358e-02     2.37195e+04
    1.66313e-02     2.37209e+04
    1.67273e-02     2.37215e+04
    1.68239e-02     2.37212e+04
    1.69211e-02     2.37201e+04
    1.70188e-02     2.37182e+04
    1.71171e-02     2.37154e+04
    1.72160e-02     2.37118e+04
    1.73154e-02     2.37073e+04
    1.74154e-02     2.37019e+04
    1.75160e-02     2.36957e+04
    1.76172e-02     2.36887e+04
    1.77189e-02     2.36807e+04
    1.78212e-02     2.36719e+04
    1.79242e-02     2.36623e+04
    1.80277e-02     2.36517e+04
    1.81318e-02     2.36402e+04
    1.82365e-02     2.36279e+04
    1.83418e-02     2.36146e+04
    1.84478e-02     2.36005e+04
    1.85543e-02     2.35854e+04
    1.86615e-02     2.35694e+04
    1.87693e-02     2.35525e+04
    1.88777e-02     2.35348e+04
    1.89867e-02     2.35160e+04
    1.90964e-02     2.34964e+04
    1.92066e-02     2.34758e+04
    1.93176e-02     2.34543e+04
    1.94291e-02     2.34319e+04
    1.95414e-02     2.34086e+04
    1.96542e-02     2.33843e+04
    1.97677e-02     2.33590e+04
    1.98819e-02     2.33329e+04
    1.99967e-02     2.33058e+04
    2.01122e-02     2.32777e+04
    2.02284e-02     2.32487e+04
    2.03452e-02     2.32187e+04
    2.04627e-02     2.31878e+04
    2.05809e-02     2.31559e+04
    2.06997e-02     2.31231e+04
    2.08193e-02     2.30894e+04
    2.09395e-02     2.30546e+04
    2.10605e-02     2.30189e+04
    2.11821e-02     2.29823e+04
    2.13044e-02     2.29447e+04
    2.14275e-02     2.29062e+04
    2.15512e-02     2.28667e+04
    2.16757e-02     2.28263e+04
    2.18009e-02     2.27849e+04
    2.19268e-02     2.27426e+04
    2.20534e-02     2.26993e+04
    2.21808e-02     2.26551e+04
    2.23089e-02     2.26100e+04
    2.24378e-02     2.25639e+04
    2.25674e-02     2.25169e+04
    2.26977e-02     2.24690e+04
    2.28288e-02     2.24202e+04
    2.29606e-02     2.23704e+04
    2.30932e-02     2.23197e+04
    2.32266e-02     2.22681e+04
    2.33608e-02     2.22156e+04
    2.34957e-02     2.21622e+04
    2.36314e-02     2.21079e+04
    2.37679e-02     2.20527e+04
    2.39051e-02     2.19966e+04
    2.40432e-02     2.19396e+04
    2.41821e-02     2.18818e+04
    2.43217e-02     2.18230e+04
    2.44622e-02     2.17634e+04
    2.46035e-02     2.17029e+04
    2.47456e-02     2.16416e+04
    2.48885e-02     2.15794e+04
    2.50322e-02     2.15163e+04
    2.51768e-02     2.14524e+04
    2.53222e-02     2.13876e+04
    2.54684e-02     2.13220e+04
    2.56155e-02     2.12556e+04
    2.57635e-02     2.11884e+04
    2.59123e-02     2.11203e+04
    2.60619e-02     2.10514e+04
    2.62125e-02     2.09818e+04
    2.63638e-02     2.09113e+04
    2.65161e-02     2.08400e+04
    2.66693e-02     2.07680e+04
    2.68233e-02     2.06952e+04
    2.69782e-02     2.06217e+04
    2.71340e-02     2.05475e+04
    2.72907e-02     2.04726e+04
    2.74483e-02     2.03970e+04
    2.76069e-02     2.03207e+04
    2.77663e-02     2.02437e+04
    2.79267e-02     2.01662e+04
    2.80880e-02     2.00880e+04
    2.82502e-02     2.00092e+04
    2.84133e-02     1.99298e+04
    2.85774e-02     1.98498e+04
    2.87425e-02     1.97693e+04
    2.89085e-02     1.96883e+04
    2.90755e-02     1.96067e+04
    2.92434e-02     1.95246e+04
    2.94123e-02     1.94420e+04
    2.95821e-02     1.93590e+04
    2.97530e-02     1.92754e+04
    2.99248e-02     1.91915e+04
    3.00977e-02     1.91070e+04
    3.02715e-02     1.90222e+04
    3.04463e-02     1.89370e+04
    3.06222e-02     1.88514e+04
    3.07990e-02     1.87654e+04
    3.09769e-02     1.86790e+04
    3.11558e-02     1.85923e+04
    3.13357e-02     1.85053e+04
    3.15167e-02     1.84179e+04
    3.16987e-02     1.83303e+04
    3.18818e-02     1.82423e+04
    3.20660e-02     1.81541e+04
    3.22512e-02     1.80657e+04
    3.24374e-02     1.79769e+04
    3.26248e-02     1.78880e+04
    3.28132e-02     1.77988e+04
    3.30027e-02     1.77094e+04
    3.31933e-02     1.76199e+04
    3.33850e-02     1.75301e+04
    3.35778e-02     1.74403e+04
    3.37717e-02     1.73503e+04
    3.39668e-02     1.72603e+04
    3.41630e-02     1.71702e+04
    3.43603e-02     1.70801e+04
    3.45587e-02     1.69900e+04
    3.47583e-02     1.68999e+04
    3.49591e-02     1.68098e+04
    3.51610e-02     1.67199e+04
    3.53640e-02     1.66300e+04
    3.55683e-02     1.65403e+04
    3.57737e-02     1.64507e+04
    3.59803e-02     1.63613e+04
    3.61881e-02     1.62721e+04
    3.63971e-02     1.61831e+04
    3.66073e-02     1.60943e+04
    3.68188e-02     1.60058e+04
    3.70314e-02     1.59176e+04
    3.72453e-02     1.58296e+04
    3.74604e-02     1.57420e+04
    3.76767e-02     1.56548e+04
    3.78943e-02     1.55678e+04
    3.81132e-02     1.54813e+04
    3.83333e-02     1.53951e+04
    3.85547e-02     1.53094e+04
    3.87774e-02     1.52241e+04
    3.90013e-02     1.51392e+04
    3.92266e-02     1.50548e+04
    3.94532e-02     1.49709e+04
    3.96810e-02     1.48874e+04
    3.99102e-02     1.48045e+04
    4.01407e-02     1.47221e+04
    4.03725e-02     1.46402e+04
    4.06057e-02     1.45589e+04
    4.08402e-02     1.44781e+04
    4.10761e-02     1.43979e+04
    4.13133e-02     1.43183e+04
    4.15519e-02     1.42393e+04
    4.17919e-02     1.41609e+04
    4.20333e-02     1.40832e+04
    4.22760e-02     1.40061e+04
    4.25202e-02     1.39296e+04
    4.27658e-02     1.38538e+04
    4.30128e-02     1.37787e+04
    4.32612e-02     1.37042e+04
    4.35110e-02     1.36305e+04
    4.37623e-02     1.35575e+04
    4.40151e-02     1.34852e+04
    4.42693e-02     1.34136e+04
    4.45250e-02     1.33427e+04
    4.47821e-02     1.32726e+04
    4.50408e-02     1.32033e+04
    4.53009e-02     1.31347e+04
    4.55625e-02     1.30669e+04
    4.58257e-02     1.29999e+04
    4.60903e-02     1.29336e+04
    4.63565e-02     1.28682e+04
    4.66243e-02     1.28035e+04
    4.68935e-02     1.27397e+04
    4.71644e-02     1.26767e+04
    4.74368e-02     1.26145e+04
    4.77107e-02     1.25532e+04
    4.79863e-02     1.24927e+04
    4.82634e-02     1.24330e+04
    4.85422e-02     1.23741e+04
    4.88225e-02     1.23161e+04
    4.91045e-02     1.22588e+04
    4.93881e-02     1.22023e+04
    4.96733e-02     1.21466e+04
    4.99602e-02     1.20917e+04
    5.02488e-02     1.20375e+04
    5.05390e-02     1.19841e+04
    5.08309e-02     1.19313e+04
    5.11244e-02     1.18794e+04
    5.14197e-02     1.18281e+04
    5.17167e-02     1.17775e+04
    5.20154e-02     1.17277e+04
    5.23158e-02     1.16785e+04
    5.26179e-02     1.16300e+04
    5.29218e-02     1.15822e+04
    5.32275e-02     1.15350e+04
    5.35349e-02     1.14885e+04
    5.38441e-02     1.14425e+04
    5.41551e-02     1.13971e+04
    5.44678e-02     1.13522e+04
    5.47824e-02     1.13079e+04
    5.50988e-02     1.12640e+04
    5.54170e-02     1.12207e+04
    5.57371e-02     1.11778e+04
    5.60590e-02     1.11353e+04
    5.63828e-02     1.10932e+04
    5.67084e-02     1.10515e+04
    5.70359e-02     1.10102e+04
    5.73653e-02     1.09692e+04
    5.76966e-02     1.09285e+04
    5.80299e-02     1.08880e+04
    5.83650e-02     1.08478e+04
    5.87021e-02     1.08077e+04
    5.90411e-02     1.07678e+04
    5.93821e-02     1.07281e+04
    5.97251e-02     1.06884e+04
    6.00700e-02     1.06487e+04
    6.04170e-02     1.06092e+04
    6.07659e-02     1.05696e+04
    6.11168e-02     1.05299e+04
    6.14698e-02     1.04902e+04
    6.18248e-02     1.04503e+04
    6.21819e-02     1.04103e+04
    6.25410e-02     1.03701e+04
    6.29022e-02     1.03296e+04
    6.32655e-02     1.02889e+04
    6.36309e-02     1.02479e+04
    6.39984e-02     1.02066e+04
    6.43680e-02     1.01649e+04
    6.47398e-02     1.01227e+04
    6.51137e-02     1.00802e+04
    6.54898e-02     1.00371e+04
    6.58680e-02     9.99353e+03
    6.62484e-02     9.94942e+03
    6.66310e-02     9.90473e+03
    6.70159e-02     9.85942e+03
    6.74029e-02     9.81348e+03
    6.77922e-02     9.76687e+03
    6.81837e-02     9.71956e+03
    6.85775e-02     9.67154e+03
    6.89736e-02     9.62277e+03
    6.93719e-02     9.57322e+03
    6.97726e-02     9.52289e+03
    7.01756e-02     9.47174e+03
    7.05809e-02     9.41976e+03
    7.09885e-02     9.36693e+03
    7.13985e-02     9.31325e+03
    7.18109e-02     9.25869e+03
    7.22256e-02     9.20326e+03
    7.26427e-02     9.14694e+03
    7.30623e-02     9.08972e+03
    7.34842e-02     9.03159e+03
    7.39087e-02     8.97257e+03
    7.43355e-02     8.91265e+03
    7.47648e-02     8.85185e+03
    7.51966e-02     8.79016e+03
    7.56309e-02     8.72760e+03
    7.60677e-02     8.66418e+03
    7.65071e-02     8.59990e+03
    7.69489e-02     8.53480e+03
    7.73933e-02     8.46889e+03
    7.78403e-02     8.40220e+03
    7.82899e-02     8.33476e+03
    7.87421e-02     8.26659e+03
    7.91968e-02     8.19772e+03
    7.96542e-02     8.12818e+03
    8.01143e-02     8.05802e+03
    8.05770e-02     7.98727e+03
    8.10423e-02     7.91598e+03
    8.15104e-02     7.84420e+03
    8.19812e-02     7.77196e+03
    8.24546e-02     7.69932e+03
    8.29309e-02     7.62631e+03
    8.34098e-02     7.55300e+03
    8.38915e-02     7.47944e+03
    8.43761e-02     7.40570e+03
    8.48634e-02     7.33182e+03
    8.53535e-02     7.25787e+03
    8.58465e-02     7.18390e+03
    8.63423e-02     7.10996e+03
    8.68409e-02     7.03614e+03
    8.73425e-02     6.96249e+03
    8.78469e-02     6.88908e+03
    8.83543e-02     6.81596e+03
    8.88646e-02     6.74320e+03
    8.93778e-02     6.67086e+03
    8.98940e-02     6.59900e+03
    9.04132e-02     6.52769e+03
    9.09354e-02     6.45699e+03
    9.14606e-02     6.38696e+03
    9.19888e-02     6.31765e+03
    9.25201e-02     6.24913e+03
    9.30544e-02     6.18144e+03
    9.35918e-02     6.11466e+03
    9.41324e-02     6.04882e+03
    9.46760e-02     5.98399e+03
    9.52228e-02     5.92021e+03
    9.57728e-02     5.85754e+03
    9.63259e-02     5.79600e+03
    9.68823e-02     5.73564e+03
    9.74418e-02     5.67649e+03
    9.80046e-02     5.61860e+03
    9.85706e-02     5.56200e+03
    9.91399e-02     5.50671e+03
    9.97125e-02     5.45275e+03
    1.00288e-01     5.40015e+03
    1.00868e-01     5.34891e+03
    1.01450e-01     5.29907e+03
    1.02036e-01     5.25063e+03
    1.02625e-01     5.20360e+03
    1.03218e-01     5.15798e+03
    1.03814e-01     5.11376e+03
    1.04414e-01     5.07093e+03
    1.05017e-01     5.02948e+03
    1.05623e-01     4.98942e+03
    1.06233e-01     4.95071e+03
    1.06847e-01     4.91334e+03
    1.07464e-01     4.87726e+03
    1.08085e-01     4.84245e+03
    1.08709e-01     4.80887e+03
    1.09337e-01     4.77650e+03
    1.09968e-01     4.74530e+03
    1.10603e-01     4.71520e+03
    1.11242e-01     4.68616e+03
    1.11885e-01     4.65812e+03
    1.12531e-01     4.63102e+03
    1.13181e-01     4.60481e+03
    1.13834e-01     4.57943e+03
    1.14492e-01     4.55480e+03
    1.15153e-01     4.53084e+03
    1.15818e-01     4.50749e+03
    1.16487e-01     4.48468e+03
    1.17160e-01     4.46233e+03
    1.17836e-01     4.44036e+03
    1.18517e-01     4.41869e+03
    1.19202e-01     4.39723e+03
    1.19890e-01     4.37590e+03
    1.20582e-01     4.35463e+03
    1.21279e-01     4.33333e+03
    1.21979e-01     4.31192e+03
    1.22684e-01     4.29032e+03
    1.23392e-01     4.26845e+03
    1.24105e-01     4.24623e+03
    1.24822e-01     4.22360e+03
    1.25543e-01     4.20047e+03
    1.26268e-01     4.17678e+03
    1.26997e-01     4.15248e+03
    1.27730e-01     4.12751e+03
    1.28468e-01     4.10180e+03
    1.29210e-01     4.07531e+03
    1.29956e-01     4.04798e+03
    1.30707e-01     4.01981e+03
    1.31462e-01     3.99075e+03
    1.32221e-01     3.96080e+03
    1.32985e-01     3.92992e+03
    1.33753e-01     3.89810e+03
    1.34525e-01     3.86534e+03
    1.35302e-01     3.83167e+03
    1.36084e-01     3.79710e+03
    1.36870e-01     3.76165e+03
    1.37660e-01     3.72535e+03
    1.38455e-01     3.68822e+03
    1.39255e-01     3.65031e+03
    1.40059e-01     3.61170e+03
    1.40868e-01     3.57244e+03
    1.41681e-01     3.53258e+03
    1.42500e-01     3.49220e+03
    1.43323e-01     3.45136e+03
    1.44151e-01     3.41015e+03
    1.44983e-01     3.36866e+03
    1.45820e-01     3.32698e+03
    1.46663e-01     3.28520e+03
    1.47510e-01     3.24339e+03
    1.48362e-01     3.20164e+03
    1.49218e-01     3.16007e+03
    1.50080e-01     3.11875e+03
    1.50947e-01     3.07780e+03
    1.51819e-01     3.03728e+03
    1.52696e-01     2.99730e+03
    1.53578e-01     2.95792e+03
    1.54464e-01     2.91923e+03
    1.55357e-01     2.88131e+03
    1.56254e-01     2.84423e+03
    1.57156e-01     2.80806e+03
    1.58064e-01     2.77285e+03
    1.58977e-01     2.73866e+03
    1.59895e-01     2.70552e+03
    1.60818e-01     2.67347e+03
    1.61747e-01     2.64255e+03
    1.62681e-01     2.61279e+03
    1.63621e-01     2.58421e+03
    1.64566e-01     2.55680e+03
    1.65516e-01     2.53054e+03
    1.66472e-01     2.50544e+03
    1.67434e-01     2.48148e+03
    1.68401e-01     2.45865e+03
    1.69373e-01     2.43692e+03
    1.70352e-01     2.41622e+03
    1.71336e-01     2.39650e+03
    1.72325e-01     2.37770e+03
    1.73320e-01     2.35976e+03
    1.74321e-01     2.34263e+03
    1.75328e-01     2.32624e+03
    1.76341e-01     2.31050e+03
    1.77359e-01     2.29533e+03
    1.78384e-01     2.28065e+03
    1.79414e-01     2.26639e+03
    1.80450e-01     2.25246e+03
    1.81492e-01     2.23877e+03
    1.82540e-01     2.22522e+03
    1.83595e-01     2.21171e+03
    1.84655e-01     2.19816e+03
    1.85721e-01     2.18448e+03
    1.86794e-01     2.17058e+03
    1.87873e-01     2.15638e+03
    1.88958e-01     2.14180e+03
    1.90049e-01     2.12678e+03
    1.91147e-01     2.11123e+03
    1.92251e-01     2.09509e+03
    1.93361e-01     2.07833e+03
    1.94478e-01     2.06094e+03
    1.95601e-01     2.04290e+03
    1.96731e-01     2.02420e+03
    1.97867e-01     2.00483e+03
    1.99010e-01     1.98479e+03
    2.00159e-01     1.96414e+03
    2.01315e-01     1.94291e+03
    2.02478e-01     1.92117e+03
    2.03647e-01     1.89895e+03
    2.04823e-01     1.87631e+03
    2.06006e-01     1.85331e+03
    2.07196e-01     1.83004e+03
    2.08393e-01     1.80658e+03
    2.09596e-01     1.78303e+03
    2.10807e-01     1.75946e+03
    2.12024e-01     1.73594e+03
    2.13249e-01     1.71257e+03
    2.14481e-01     1.68941e+03
    2.15719e-01     1.66656e+03
    2.16965e-01     1.64408e+03
    2.18218e-01     1.62204e+03
    2.19479e-01     1.60051e+03
    2.20746e-01     1.57954e+03
    2.22021e-01     1.55918e+03
    2.23303e-01     1.53945e+03
    2.24593e-01     1.52041e+03
    2.25890e-01     1.50209e+03
    2.27195e-01     1.48450e+03
    2.28507e-01     1.46766e+03
    2.29827e-01     1.45154e+03
    2.31154e-01     1.43613e+03
    2.32489e-01     1.42144e+03
    2.33832e-01     1.40744e+03
    2.35182e-01     1.39411e+03
    2.36541e-01     1.38138e+03
    2.37907e-01     1.36919e+03
    2.39281e-01     1.35749e+03
    2.40663e-01     1.34622e+03
    2.42053e-01     1.33532e+03
    2.43451e-01     1.32472e+03
    2.44857e-01     1.31434e+03
    2.46271e-01     1.30410e+03
    2.47693e-01     1.29393e+03
    2.49124e-01     1.28376e+03
    2.50563e-01     1.27352e+03
    2.52010e-01     1.26315e+03
    2.53465e-01     1.25261e+03
    2.54929e-01     1.24186e+03
    2.56401e-01     1.23084e+03
    2.57882e-01     1.21952e+03
    2.59372e-01     1.20788e+03
    2.60870e-01     1.19591e+03
    2.62376e-01     1.18362e+03
    2.63892e-01     1.17101e+03
    2.65416e-01     1.15810e+03
    2.66949e-01     1.14490e+03
    2.68490e-01     1.13143e+03
    2.70041e-01     1.11775e+03
    2.71601e-01     1.10392e+03
    2.73169e-01     1.08999e+03
    2.74747e-01     1.07601e+03
    2.76334e-01     1.06203e+03
    2.77930e-01     1.04810e+03
    2.79535e-01     1.03430e+03
    2.81149e-01     1.02069e+03
    2.82773e-01     1.00732e+03
    2.84406e-01     9.94258e+02
    2.86049e-01     9.81540e+02
    2.87701e-01     9.69192e+02
    2.89363e-01     9.57230e+02
    2.91034e-01     9.45672e+02
    2.92715e-01     9.34534e+02
    2.94405e-01     9.23830e+02
    2.96105e-01     9.13554e+02
    2.97816e-01     9.03677e+02
    2.99536e-01     8.94166e+02
    3.01266e-01     8.84993e+02
    3.03006e-01     8.76128e+02
    3.04756e-01     8.67544e+02
    3.06516e-01     8.59200e+02
    3.08286e-01     8.51044e+02
    3.10066e-01     8.43030e+02
    3.11857e-01     8.35111e+02
    3.13658e-01     8.27243e+02
    3.15470e-01     8.19385e+02
    3.17292e-01     8.11502e+02
    3.19124e-01     8.03567e+02
    3.20967e-01     7.95549e+02
    3.22821e-01     7.87423e+02
    3.24686e-01     7.79162e+02
    3.26561e-01     7.70752e+02
    3.28447e-01     7.62206e+02
    3.30344e-01     7.53546e+02
    3.32252e-01     7.44788e+02
    3.34171e-01     7.35952e+02
    3.36101e-01     7.27055e+02
    3.38042e-01     7.18121e+02
    3.39994e-01     7.09187e+02
    3.41958e-01     7.00288e+02
    3.43933e-01     6.91458e+02
    3.45919e-01     6.82729e+02
    3.47917e-01     6.74131e+02
    3.49926e-01     6.65690e+02
    3.51947e-01     6.57424e+02
    3.53980e-01     6.49349e+02
    3.56024e-01     6.41483e+02
    3.58081e-01     6.33840e+02
    3.60149e-01     6.26435e+02
    3.62229e-01     6.19261e+02
    3.64321e-01     6.12296e+02
    3.66425e-01     6.05519e+02
    3.68541e-01     5.98910e+02
    3.70670e-01     5.92449e+02
    3.72810e-01     5.86118e+02
    3.74964e-01     5.79892e+02
    3.77129e-01     5.73748e+02
    3.79307e-01     5.67659e+02
    3.81498e-01     5.61604e+02
    3.83701e-01     5.55560e+02
    3.85917e-01     5.49506e+02
    3.88146e-01     5.43434e+02
    3.90388e-01     5.37343e+02
    3.92643e-01     5.31235e+02
    3.94910e-01     5.25107e+02
    3.97191e-01     5.18961e+02
    3.99485e-01     5.12797e+02
    4.01792e-01     5.06627e+02
    4.04113e-01     5.00470e+02
    4.06447e-01     4.94345e+02
    4.08794e-01     4.88269e+02
    4.11155e-01     4.82258e+02
    4.13530e-01     4.76328e+02
    4.15918e-01     4.70490e+02
    4.18320e-01     4.64749e+02
    4.20736e-01     4.59109e+02
    4.23166e-01     4.53577e+02
    4.25610e-01     4.48156e+02
    4.28068e-01     4.42851e+02
    4.30541e-01     4.37659e+02
    4.33027e-01     4.32572e+02
    4.35528e-01     4.27578e+02
    4.38044e-01     4.22668e+02
    4.40573e-01     4.17832e+02
    4.43118e-01     4.13062e+02
    4.45677e-01     4.08348e+02
    4.48251e-01     4.03681e+02
    4.50840e-01     3.99053e+02
    4.53444e-01     3.94456e+02
    4.56063e-01     3.89880e+02
    4.58697e-01     3.85319e+02
    4.61346e-01     3.80765e+02
    4.64010e-01     3.76221e+02
    4.66690e-01     3.71695e+02
    4.69386e-01     3.67192e+02
    4.72097e-01     3.62721e+02
    4.74823e-01     3.58287e+02
    4.77565e-01     3.53898e+02
    4.80324e-01     3.49559e+02
    4.83098e-01     3.45275e+02
    4.85888e-01     3.41049e+02
    4.88694e-01     3.36886e+02
    4.91517e-01     3.32789e+02
    4.94355e-01     3.28762e+02
    4.97210e-01     3.24807e+02
    5.00082e-01     3.20926e+02
    5.02970e-01     3.17109e+02
    5.05875e-01     3.13348e+02
    5.08797e-01     3.09637e+02
    5.11735e-01     3.05968e+02
    5.14691e-01     3.02334e+02
    5.17663e-01     2.98729e+02
    5.20653e-01     2.95149e+02
    5.23660e-01     2.91594e+02
    5.26685e-01     2.88068e+02
    5.29726e-01     2.84570e+02
    5.32786e-01     2.81103e+02
    5.35863e-01     2.77669e+02
    5.38958e-01     2.74267e+02
    5.42071e-01     2.70901e+02
    5.45201e-01     2.67571e+02
    5.48350e-01     2.64279e+02
    5.51517e-01     2.61026e+02
    5.54702e-01     2.57815e+02
    5.57906e-01     2.54646e+02
    5.61128e-01     2.51521e+02
    5.64369e-01     2.48441e+02
    5.67629e-01     2.45405e+02
    5.70907e-01     2.42411e+02
    5.74204e-01     2.39456e+02
    5.77520e-01     2.36538e+02
    5.80856e-01     2.33653e+02
    5.84211e-01     2.30800e+02
    5.87585e-01     2.27976e+02
    5.90978e-01     2.25178e+02
    5.94391e-01     2.22407e+02
    5.97824e-01     2.19661e+02
    6.01277e-01     2.16944e+02
    6.04750e-01     2.14255e+02
    6.08242e-01     2.11597e+02
    6.11755e-01     2.08969e+02
    6.15288e-01     2.06372e+02
    6.18842e-01     2.03808e+02
    6.22416e-01     2.01277e+02
    6.26011e-01     1.98779e+02
    6.29626e-01     1.96313e+02
    6.33263e-01     1.93878e+02
    6.36920e-01     1.91473e+02
    6.40599e-01     1.89097e+02
    6.44298e-01     1.86749e+02
    6.48020e-01     1.84429e+02
    6.51762e-01     1.82135e+02
    6.55526e-01     1.79867e+02
    6.59312e-01     1.77624e+02
    6.63120e-01     1.75406e+02
    6.66950e-01     1.73213e+02
    6.70802e-01     1.71044e+02
    6.74676e-01     1.68901e+02
    6.78573e-01     1.66783e+02
    6.82492e-01     1.64690e+02
    6.86434e-01     1.62621e+02
    6.90398e-01     1.60577e+02
    6.94386e-01     1.58558e+02
    6.98396e-01     1.56564e+02
    7.02430e-01     1.54594e+02
    7.06486e-01     1.52648e+02
    7.10567e-01     1.50726e+02
    7.14671e-01     1.48827e+02
    7.18798e-01     1.46952e+02
    7.22949e-01     1.45099e+02
    7.27125e-01     1.43269e+02
    7.31324e-01     1.41460e+02
    7.35548e-01     1.39674e+02
    7.39796e-01     1.37909e+02
    7.44069e-01     1.36165e+02
    7.48366e-01     1.34441e+02
    7.52688e-01     1.32739e+02
    7.57036e-01     1.31056e+02
    7.61408e-01     1.29394e+02
    7.65805e-01     1.27751e+02
    7.70228e-01     1.26128e+02
    7.74677e-01     1.24525e+02
    7.79151e-01     1.22941e+02
    7.83651e-01     1.21376e+02
    7.88177e-01     1.19830e+02
    7.92729e-01     1.18303e+02
    7.97307e-01     1.16794e+02
    8.01912e-01     1.15303e+02
    8.06543e-01     1.13830e+02
    8.11202e-01     1.12376e+02
    8.15887e-01     1.10939e+02
    8.20599e-01     1.09520e+02
    8.25338e-01     1.08117e+02
    8.30105e-01     1.06733e+02
    8.34899e-01     1.05365e+02
    8.39721e-01     1.04013e+02
    8.44571e-01     1.02679e+02
    8.49449e-01     1.01360e+02
    8.54355e-01     1.00058e+02
    8.59289e-01     9.87719e+01
    8.64252e-01     9.75015e+01
    8.69243e-01     9.62467e+01
    8.74264e-01     9.50073e+01
    8.79313e-01     9.37832e+01
    8.84391e-01     9.25742e+01
    8.89499e-01     9.13801e+01
    8.94636e-01     9.02007e+01
    8.99803e-01     8.90359e+01
    9.05000e-01     8.78854e+01
    9.10227e-01     8.67492e+01
    9.15484e-01     8.56270e+01
    9.20771e-01     8.45187e+01
    9.26089e-01     8.34241e+01
    9.31438e-01     8.23431e+01
    9.36817e-01     8.12755e+01
    9.42228e-01     8.02212e+01
    9.47670e-01     7.91800e+01
    9.53143e-01     7.81517e+01
    9.58648e-01     7.71362e+01
    9.64184e-01     7.61333e+01
    9.69753e-01     7.51429e+01
    9.75354e-01     7.41649e+01
    9.80987e-01     7.31991e+01
    9.86653e-01     7.22453e+01
    9.92351e-01     7.13034e+01
    9.98082e-01     7.03734e+01
    1.00385e+00     6.94549e+01
    1.00964e+00     6.85480e+01
    1.01548e+00     6.76524e+01
    1.02134e+00     6.67680e+01
    1.02724e+00     6.58947e+01
    1.03317e+00     6.50324e+01
    1.03914e+00     6.41809e+01
    1.04514e+00     6.33402e+01
    1.05118e+00     6.25100e+01
    1.05725e+00     6.16902e+01
    1.06335e+00     6.08808e+01
    1.06950e+00     6.00816e+01
    1.07567e+00     5.92924e+01
    1.08188e+00     5.85132e+01
    1.08813e+00     5.77439e+01
    1.09442e+00     5.69842e+01
    1.10074e+00     5.62342e+01
    1.10710e+00     5.54937e+01
    1.11349e+00     5.47625e+01
    1.11992e+00     5.40406e+01
    1.12639e+00     5.33279e+01
    1.13289e+00     5.26242e+01
    1.13944e+00     5.19295e+01
    1.14602e+00     5.12435e+01
    1.15264e+00     5.05663e+01
    1.15929e+00     4.98977e+01
    1.16599e+00     4.92376e+01
    1.17272e+00     4.85859e+01
    1.17950e+00     4.79425e+01
    1.18631e+00     4.73074e+01
    1.19316e+00     4.66803e+01
    1.20005e+00     4.60612e+01
    1.20698e+00     4.54501e+01
    1.21395e+00     4.48467e+01
    1.22096e+00     4.42511e+01
    1.22802e+00     4.36631e+01
    1.23511e+00     4.30827e+01
    1.24224e+00     4.25096e+01
    1.24942e+00     4.19440e+01
    1.25663e+00     4.13855e+01
    1.26389e+00     4.08343e+01
    1.27119e+00     4.02901e+01
    1.27853e+00     3.97530e+01
    1.28591e+00     3.92227e+01
    1.29334e+00     3.86993e+01
    1.30081e+00     3.81826e+01
    1.30832e+00     3.76726e+01
    1.31588e+00     3.71691e+01
    1.32348e+00     3.66722e+01
    1.33112e+00     3.61816e+01
    1.33881e+00     3.56974e+01
    1.34654e+00     3.52195e+01
    1.35432e+00     3.47477e+01
    1.36214e+00     3.42821e+01
    1.37001e+00     3.38224e+01
    1.37792e+00     3.33688e+01
    1.38588e+00     3.29210e+01
    1.39388e+00     3.24790e+01
    1.40193e+00     3.20427e+01
    1.41003e+00     3.16122e+01
    1.41818e+00     3.11872e+01
    1.42637e+00     3.07677e+01
    1.43460e+00     3.03537e+01
    1.44289e+00     2.99451e+01
    1.45122e+00     2.95418e+01
    1.45960e+00     2.91438e+01
    1.46803e+00     2.87509e+01
    1.47651e+00     2.83632e+01
    1.48504e+00     2.79806e+01
    1.49362e+00     2.76029e+01
    1.50224e+00     2.72302e+01
    1.51092e+00     2.68623e+01
    1.51965e+00     2.64993e+01
    1.52842e+00     2.61410e+01
    1.53725e+00     2.57874e+01
    1.54613e+00     2.54384e+01
    1.55506e+00     2.50940e+01
    1.56404e+00     2.47542e+01
    1.57307e+00     2.44188e+01
    1.58216e+00     2.40878e+01
    1.59130e+00     2.37611e+01
    1.60049e+00     2.34387e+01
    1.60973e+00     2.31206e+01
    1.61903e+00     2.28067e+01
    1.62838e+00     2.24969e+01
    1.63778e+00     2.21912e+01
    1.64724e+00     2.18895e+01
    1.65675e+00     2.15918e+01
    1.66632e+00     2.12980e+01
    1.67595e+00     2.10081e+01
    1.68563e+00     2.07220e+01
    1.69536e+00     2.04397e+01
    1.70515e+00     2.01612e+01
    1.71500e+00     1.98863e+01
    1.72491e+00     1.96151e+01
    1.73487e+00     1.93474e+01
    1.74489e+00     1.90833e+01
    1.75496e+00     1.88227e+01
    1.76510e+00     1.85656e+01
    1.77529e+00     1.83119e+01
    1.78555e+00     1.80615e+01
    1.79586e+00     1.78145e+01
    1.80623e+00     1.75707e+01
    1.81666e+00     1.73302e+01
    1.82716e+00     1.70929e+01
    1.83771e+00     1.68587e+01
    1.84832e+00     1.66277e+01
    1.85900e+00     1.63997e+01
    1.86973e+00     1.61748e+01
    1.88053e+00     1.59529e+01
    1.89139e+00     1.57339e+01
    1.90232e+00     1.55179e+01
    1.91330e+00     1.53047e+01
    1.92435e+00     1.50944e+01
    1.93547e+00     1.48869e+01
    1.94665e+00     1.46822e+01
    1.95789e+00     1.44802e+01
    1.96920e+00     1.42809e+01
    1.98057e+00     1.40843e+01
    1.99201e+00     1.38903e+01
    2.00351e+00     1.36990e+01
    2.01509e+00     1.35101e+01
    2.02672e+00     1.33239e+01
    2.03843e+00     1.31401e+01
    2.05020e+00     1.29588e+01
    2.06204e+00     1.27799e+01
    2.07395e+00     1.26034e+01
    2.08593e+00     1.24293e+01
    2.09798e+00     1.22576e+01
    2.11009e+00     1.20881e+01
    2.12228e+00     1.19209e+01
    2.13454e+00     1.17560e+01
    2.14687e+00     1.15933e+01
    2.15927e+00     1.14328e+01
    2.17174e+00     1.12745e+01
    2.18428e+00     1.11183e+01
    2.19689e+00     1.09642e+01
    2.20958e+00     1.08122e+01
    2.22234e+00     1.06623e+01
    2.23518e+00     1.05143e+01
    2.24809e+00     1.03684e+01
    2.26107e+00     1.02244e+01
    2.27413e+00     1.00824e+01
    2.28726e+00     9.94236e+00
    2.30047e+00     9.80418e+00
    2.31376e+00     9.66787e+00
    2.32712e+00     9.53341e+00
    2.34056e+00     9.40077e+00
    2.35408e+00     9.26993e+00
    2.36768e+00     9.14087e+00
    2.38135e+00     9.01356e+00
    2.39511e+00     8.88799e+00
    2.40894e+00     8.76412e+00
    2.42285e+00     8.64193e+00
    2.43684e+00     8.52141e+00
    2.45092e+00     8.40252e+00
    2.46507e+00     8.28526e+00
    2.47931e+00     8.16959e+00
    2.49363e+00     8.05550e+00
    2.50803e+00     7.94297e+00
    2.52252e+00     7.83197e+00
    2.53709e+00     7.72248e+00
    2.55174e+00     7.61449e+00
    2.56648e+00     7.50798e+00
    2.58130e+00     7.40292e+00
    2.59621e+00     7.29930e+00
    2.61120e+00     7.19709e+00
    2.62628e+00     7.09628e+00
    2.64145e+00     6.99685e+00
    2.65671e+00     6.89878e+00
    2.67205e+00     6.80206e+00
    2.68748e+00     6.70666e+00
    2.70300e+00     6.61257e+00
    2.71861e+00     6.51977e+00
    2.73432e+00     6.42824e+00
    2.75011e+00     6.33797e+00
    2.76599e+00     6.24893e+00
    2.78197e+00     6.16112e+00
    2.79803e+00     6.07452e+00
    2.81419e+00     5.98911e+00
    2.83045e+00     5.90487e+00
    2.84679e+00     5.82179e+00
    2.86324e+00     5.73985e+00
    2.87977e+00     5.65904e+00
    2.89640e+00     5.57934e+00
    2.91313e+00     5.50074e+00
    2.92996e+00     5.42323e+00
    2.94688e+00     5.34678e+00
    2.96390e+00     5.27139e+00
    2.98102e+00     5.19703e+00
    2.99823e+00     5.12371e+00
    3.01555e+00     5.05139e+00
    3.03297e+00     4.98008e+00
    3.05048e+00     4.90975e+00
    3.06810e+00     4.84039e+00
    3.08582e+00     4.77199e+00
    3.10364e+00     4.70454e+00
    3.12157e+00     4.63802e+00
    3.13960e+00     4.57242e+00
    3.15773e+00     4.50773e+00
    3.17597e+00     4.44393e+00
    3.19431e+00     4.38102e+00
    3.21276e+00     4.31898e+00
    3.23131e+00     4.25780e+00
    3.24997e+00     4.19747e+00
    3.26874e+00     4.13798e+00
    3.28762e+00     4.07931e+00
    3.30661e+00     4.02146e+00
    3.32571e+00     3.96441e+00
    3.34492e+00     3.90816e+00
    3.36423e+00     3.85268e+00
    3.38366e+00     3.79798e+00
    3.40321e+00     3.74404e+00
    3.42286e+00     3.69085e+00
    3.44263e+00     3.63840e+00
    3.46251e+00     3.58668e+00
    3.48251e+00     3.53568e+00
    3.50262e+00     3.48539e+00
    3.52285e+00     3.43581e+00
    3.54320e+00     3.38691e+00
    3.56366e+00     3.33870e+00
    3.58424e+00     3.29116e+00
    3.60495e+00     3.24428e+00
    3.62577e+00     3.19806e+00
    3.64671e+00     3.15248e+00
    3.66777e+00     3.10754e+00
    3.68895e+00     3.06323e+00
    3.71026e+00     3.01954e+00
    3.73168e+00     2.97645e+00
    3.75324e+00     2.93398e+00
    3.77491e+00     2.89209e+00
    3.79672e+00     2.85080e+00
    3.81864e+00     2.81008e+00
    3.84070e+00     2.76993e+00
    3.86288e+00     2.73034e+00
    3.88519e+00     2.69131e+00
    3.90763e+00     2.65283e+00
    3.93020e+00     2.61489e+00
    3.95290e+00     2.57748e+00
    3.97573e+00     2.54059e+00
    3.99869e+00     2.50423e+00
    4.02178e+00     2.46837e+00
    4.04501e+00     2.43302e+00
    4.06837e+00     2.39816e+00
    4.09187e+00     2.36380e+00
    4.11550e+00     2.32992e+00
    4.13927e+00     2.29651e+00
    4.16318e+00     2.26358e+00
    4.18722e+00     2.23111e+00
    4.21140e+00     2.19909e+00
    4.23573e+00     2.16753e+00
    4.26019e+00     2.13641e+00
    4.28479e+00     2.10573e+00
    4.30954e+00     2.07549e+00
    4.33443e+00     2.04567e+00
    4.35946e+00     2.01627e+00
    4.38464e+00     1.98728e+00
    4.40997e+00     1.95871e+00
    4.43544e+00     1.93054e+00
    4.46105e+00     1.90277e+00
    4.48682e+00     1.87539e+00
    4.51273e+00     1.84839e+00
    4.53879e+00     1.82178e+00
    4.56501e+00     1.79555e+00
    4.59137e+00     1.76968e+00
    4.61789e+00     1.74418e+00
    4.64456e+00     1.71905e+00
    4.67138e+00     1.69427e+00
    4.69836e+00     1.66984e+00
    4.72550e+00     1.64575e+00
    4.75279e+00     1.62201e+00
    4.78024e+00     1.59861e+00
    4.80785e+00     1.57553e+00
    4.83562e+00     1.55279e+00
    4.86354e+00     1.53037e+00
    4.89163e+00     1.50826e+00
    4.91989e+00     1.48647e+00
    4.94830e+00     1.46499e+00
    4.97688e+00     1.44381e+00
    5.00562e+00     1.42294e+00
    5.03453e+00     1.40236e+00
    5.06361e+00     1.38207e+00
    5.09285e+00     1.36208e+00
    5.12227e+00     1.34236e+00
    5.15185e+00     1.32293e+00
    5.18161e+00     1.30378e+00
    5.21153e+00     1.28489e+00
    5.24163e+00     1.26628e+00
    5.27190e+00     1.24793e+00
    5.30235e+00     1.22985e+00
    5.33298e+00     1.21202e+00
    5.36378e+00     1.19444e+00
    5.39475e+00     1.17712e+00
    5.42591e+00     1.16004e+00
    5.45725e+00     1.14321e+00
    5.48877e+00     1.12662e+00
    5.52047e+00     1.11026e+00
    5.55235e+00     1.09414e+00
    5.58442e+00     1.07825e+00
    5.61667e+00     1.06259e+00
    5.64911e+00     1.04715e+00
    5.68174e+00     1.03193e+00
    5.71455e+00     1.01692e+00
    5.74755e+00     1.00214e+00
    5.78075e+00     9.87562e-01
    5.81414e+00     9.73196e-01
    5.84772e+00     9.59035e-01
    5.88149e+00     9.45077e-01
    5.91546e+00     9.31319e-01
    5.94962e+00     9.17758e-01
    5.98398e+00     9.04392e-01
    6.01854e+00     8.91217e-01
    6.05330e+00     8.78231e-01
    6.08826e+00     8.65432e-01
    6.12343e+00     8.52817e-01
    6.15879e+00     8.40382e-01
    6.19436e+00     8.28126e-01
    6.23014e+00     8.16046e-01
    6.26612e+00     8.04140e-01
    6.30231e+00     7.92405e-01
    6.33871e+00     7.80838e-01
    6.37532e+00     7.69438e-01
    6.41214e+00     7.58202e-01
    6.44917e+00     7.47127e-01
    6.48642e+00     7.36212e-01
    6.52388e+00     7.25454e-01
    6.56156e+00     7.14850e-01
    6.59946e+00     7.04400e-01
    6.63757e+00     6.94100e-01
    6.67591e+00     6.83948e-01
    6.71446e+00     6.73943e-01
    6.75324e+00     6.64082e-01
    6.79224e+00     6.54363e-01
    6.83147e+00     6.44784e-01
    6.87093e+00     6.35344e-01
    6.91061e+00     6.26040e-01
    6.95052e+00     6.16870e-01
    6.99067e+00     6.07832e-01
    7.03104e+00     5.98925e-01
    7.07165e+00     5.90147e-01
    7.11249e+00     5.81495e-01
    7.15357e+00     5.72969e-01
    7.19488e+00     5.64566e-01
    7.23644e+00     5.56284e-01
    7.27823e+00     5.48122e-01
    7.32027e+00     5.40078e-01
    7.36254e+00     5.32150e-01
    7.40507e+00     5.24338e-01
    7.44783e+00     5.16638e-01
    7.49085e+00     5.09050e-01
    7.53411e+00     5.01571e-01
    7.57763e+00     4.94202e-01
    7.62139e+00     4.86938e-01
    7.66541e+00     4.79781e-01
    7.70968e+00     4.72726e-01
    7.75421e+00     4.65775e-01
    7.79899e+00     4.58924e-01
    7.84403e+00     4.52172e-01
    7.88934e+00     4.45518e-01
    7.93490e+00     4.38961e-01
    7.98073e+00     4.32499e-01
    8.02682e+00     4.26131e-01
    8.07318e+00     4.19856e-01
    8.11981e+00     4.13672e-01
    8.16670e+00     4.07577e-01
    8.21387e+00     4.01571e-01
    8.26131e+00     3.95653e-01
    8.30902e+00     3.89820e-01
    8.35701e+00     3.84072e-01
    8.40527e+00     3.78408e-01
    8.45382e+00     3.72827e-01
    8.50264e+00     3.67326e-01
    8.55175e+00     3.61906e-01
    8.60114e+00     3.56565e-01
    8.65082e+00     3.51301e-01
    8.70078e+00     3.46114e-01
    8.75103e+00     3.41003e-01
    8.80157e+00     3.35966e-01
    8.85241e+00     3.31003e-01
    8.90353e+00     3.26112e-01
    8.95495e+00     3.21292e-01
    9.00667e+00     3.16543e-01
    9.05869e+00     3.11863e-01
    9.11101e+00     3.07251e-01
    9.16363e+00     3.02706e-01
    9.21655e+00     2.98228e-01
    9.26978e+00     2.93816e-01
    9.32332e+00     2.89468e-01
    9.37717e+00     2.85183e-01
    9.43133e+00     2.80961e-01
    9.48580e+00     2.76801e-01
    9.54058e+00     2.72701e-01
    9.59568e+00     2.68662e-01
    9.65110e+00     2.64681e-01
    9.70684e+00     2.60759e-01
    9.76290e+00     2.56894e-01
    9.81929e+00     2.53086e-01
    9.87600e+00     2.49334e-01
    9.93304e+00     2.45636e-01
    9.99041e+00     2.41993e-01
    1.00481e+01     2.38403e-01
    1.01061e+01     2.34866e-01
    1.01645e+01     2.31380e-01
    1.02232e+01     2.27946e-01
    1.02823e+01     2.24562e-01
    1.03416e+01     2.21227e-01
    1.04014e+01     2.17942e-01
    1.04614e+01     2.14705e-01
    1.05219e+01     2.11515e-01
    1.05826e+01     2.08372e-01
    1.06437e+01     2.05275e-01
    1.07052e+01     2.02224e-01
    1.07670e+01     1.99217e-01
    1.08292e+01     1.96255e-01
    1.08918e+01     1.93336e-01
    1.09547e+01     1.90460e-01
    1.10180e+01     1.87627e-01
    1.10816e+01     1.84835e-01
    1.11456e+01     1.82084e-01
    1.12100e+01     1.79374e-01
    1.12747e+01     1.76703e-01
    1.13398e+01     1.74072e-01
    1.14053e+01     1.71479e-01
    1.14712e+01     1.68925e-01
    1.15374e+01     1.66408e-01
    1.16041e+01     1.63928e-01
    1.16711e+01     1.61485e-01
    1.17385e+01     1.59078e-01
    1.18063e+01     1.56706e-01
    1.18745e+01     1.54369e-01
    1.19431e+01     1.52067e-01
    1.20120e+01     1.49799e-01
    1.20814e+01     1.47564e-01
    1.21512e+01     1.45362e-01
    1.22214e+01     1.43192e-01
    1.22919e+01     1.41055e-01
    1.23629e+01     1.38949e-01
    1.24343e+01     1.36874e-01
    1.25062e+01     1.34830e-01
    1.25784e+01     1.32816e-01
    1.26510e+01     1.30831e-01
    1.27241e+01     1.28876e-01
    1.27976e+01     1.26950e-01
    1.28715e+01     1.25053e-01
    1.29458e+01     1.23183e-01
    1.30206e+01     1.21341e-01
    1.30958e+01     1.19526e-01
    1.31714e+01     1.17738e-01
    1.32475e+01     1.15977e-01
    1.33240e+01     1.14242e-01
    1.34010e+01     1.12532e-01
    1.34784e+01     1.10847e-01
    1.35562e+01     1.09188e-01
    1.36345e+01     1.07553e-01
    1.37133e+01     1.05942e-01
    1.37925e+01     1.04355e-01
    1.38721e+01     1.02792e-01
    1.39522e+01     1.01252e-01
    1.40328e+01     9.97345e-02
    1.41139e+01     9.82396e-02
    1.41954e+01     9.67669e-02
    1.42774e+01     9.53161e-02
    1.43598e+01     9.38867e-02
    1.44427e+01     9.24786e-02
    1.45262e+01     9.10913e-02
    1.46101e+01     8.97247e-02
    1.46944e+01     8.83783e-02
    1.47793e+01     8.70519e-02
    1.48647e+01     8.57452e-02
    1.49505e+01     8.44579e-02
    1.50369e+01     8.31897e-02
    1.51237e+01     8.19404e-02
    1.52111e+01     8.07096e-02
    1.52989e+01     7.94971e-02
    1.53873e+01     7.83027e-02
    1.54761e+01     7.71260e-02
    1.55655e+01     7.59668e-02
    1.56554e+01     7.48248e-02
    1.57458e+01     7.36999e-02
    1.58368e+01     7.25916e-02
    1.59282e+01     7.14999e-02
    1.60202e+01     7.04244e-02
    1.61127e+01     6.93649e-02
    1.62058e+01     6.83212e-02
    1.62994e+01     6.72931e-02
    1.63935e+01     6.62802e-02
    1.64882e+01     6.52825e-02
    1.65834e+01     6.42996e-02
    1.66792e+01     6.33314e-02
    1.67756e+01     6.23776e-02
    1.68724e+01     6.14380e-02
    1.69699e+01     6.05124e-02
    1.70679e+01     5.96006e-02
    1.71665e+01     5.87025e-02
    1.72656e+01     5.78177e-02
    1.73653e+01     5.69461e-02
    1.74656e+01     5.60876e-02
    1.75665e+01     5.52418e-02
    1.76680e+01     5.44087e-02
    1.77700e+01     5.35880e-02
    1.78726e+01     5.27796e-02
    1.79759e+01     5.19832e-02
    1.80797e+01     5.11987e-02
    1.81841e+01     5.04260e-02
    1.82891e+01     4.96648e-02
    1.83947e+01     4.89150e-02
    1.85010e+01     4.81764e-02
    1.86078e+01     4.74488e-02
    1.87153e+01     4.67321e-02
    1.88234e+01     4.60261e-02
    1.89321e+01     4.53307e-02
    1.90414e+01     4.46457e-02
    1.91514e+01     4.39710e-02
    1.92620e+01     4.33063e-02
    1.93733e+01     4.26516e-02
    1.94852e+01     4.20067e-02
    1.95977e+01     4.13714e-02
    1.97109e+01     4.07457e-02
    1.98247e+01     4.01293e-02
    1.99392e+01     3.95222e-02
    2.00544e+01     3.89241e-02
    2.01702e+01     3.83350e-02
    2.02867e+01     3.77548e-02
    2.04039e+01     3.71832e-02
    2.05217e+01     3.66202e-02
    2.06402e+01     3.60657e-02
    2.07594e+01     3.55194e-02
    2.08793e+01     3.49814e-02
    2.09999e+01     3.44514e-02
    2.11212e+01     3.39294e-02
    2.12432e+01     3.34152e-02
    2.13659e+01     3.29088e-02
    2.14893e+01     3.24099e-02
    2.16134e+01     3.19185e-02
    2.17382e+01     3.14345e-02
    2.18638e+01     3.09578e-02
    2.19900e+01     3.04882e-02
    2.21170e+01     3.00257e-02
    2.22448e+01     2.95701e-02
    2.23732e+01     2.91214e-02
    2.25025e+01     2.86794e-02
    2.26324e+01     2.82441e-02
    2.27631e+01     2.78153e-02
    2.28946e+01     2.73930e-02
    2.30268e+01     2.69770e-02
    2.31598e+01     2.65673e-02
    2.32936e+01     2.61637e-02
    2.34281e+01     2.57662e-02
    2.35634e+01     2.53747e-02
    2.36995e+01     2.49891e-02
    2.38364e+01     2.46093e-02
    2.39741e+01     2.42352e-02
    2.41125e+01     2.38667e-02
    2.42518e+01     2.35038e-02
    2.43918e+01     2.31464e-02
    2.45327e+01     2.27943e-02
    2.46744e+01     2.24476e-02
    2.48169e+01     2.21060e-02
    2.49602e+01     2.17697e-02
    2.51044e+01     2.14384e-02
    2.52494e+01     2.11120e-02
    2.53952e+01     2.07907e-02
    2.55419e+01     2.04741e-02
    2.56894e+01     2.01623e-02
    2.58378e+01     1.98553e-02
    2.59870e+01     1.95529e-02
    2.61371e+01     1.92550e-02
    2.62880e+01     1.89616e-02
    2.64399e+01     1.86727e-02
    2.65926e+01     1.83881e-02
    2.67462e+01     1.81078e-02
    2.69006e+01     1.78318e-02
    2.70560e+01     1.75599e-02
    2.72123e+01     1.72921e-02
    2.73694e+01     1.70284e-02
    2.75275e+01     1.67687e-02
    2.76865e+01     1.65129e-02
    2.78464e+01     1.62609e-02
    2.80072e+01     1.60128e-02
    2.81690e+01     1.57684e-02
    2.83316e+01     1.55277e-02
    2.84953e+01     1.52907e-02
    2.86598e+01     1.50572e-02
    2.88254e+01     1.48273e-02
    2.89919e+01     1.46008e-02
    2.91593e+01     1.43778e-02
    2.93277e+01     1.41581e-02
    2.94971e+01     1.39418e-02
    2.96674e+01     1.37288e-02
    2.98388e+01     1.35190e-02
    3.00111e+01     1.33123e-02
    3.01844e+01     1.31088e-02
    3.03588e+01     1.29084e-02
    3.05341e+01     1.27110e-02
    3.07105e+01     1.25166e-02
    3.08878e+01     1.23251e-02
    3.10662e+01     1.21366e-02
    3.12456e+01     1.19509e-02
    3.14261e+01     1.17680e-02
    3.16076e+01     1.15879e-02
    3.17902e+01     1.14105e-02
    3.19738e+01     1.12358e-02
    3.21584e+01     1.10638e-02
    3.23442e+01     1.08943e-02
    3.25310e+01     1.07275e-02
    3.27188e+01     1.05632e-02
    3.29078e+01     1.04013e-02
    3.30979e+01     1.02420e-02
    3.32890e+01     1.00850e-02
    3.34813e+01     9.93045e-03
    3.36746e+01     9.77823e-03
    3.38691e+01     9.62832e-03
    3.40647e+01     9.48069e-03
    3.42615e+01     9.33530e-03
    3.44594e+01     9.19212e-03
    3.46584e+01     9.05111e-03
    3.48585e+01     8.91226e-03
    3.50599e+01     8.77551e-03
    3.52624e+01     8.64084e-03
    3.54660e+01     8.50821e-03
    3.56709e+01     8.37761e-03
    3.58769e+01     8.24899e-03
    3.60841e+01     8.12233e-03
    3.62925e+01     7.99759e-03
    3.65021e+01     7.87476e-03
    3.67129e+01     7.75379e-03
    3.69249e+01     7.63466e-03
    3.71382e+01     7.51735e-03
    3.73527e+01     7.40183e-03
    3.75684e+01     7.28806e-03
    3.77854e+01     7.17602e-03
    3.80036e+01     7.06570e-03
    3.82231e+01     6.95705e-03
    3.84439e+01     6.85006e-03
    3.86659e+01     6.74470e-03
    3.88892e+01     6.64094e-03
    3.91138e+01     6.53877e-03
    3.93397e+01     6.43815e-03
    3.95669e+01     6.33907e-03
    3.97954e+01     6.24149e-03
    4.00253e+01     6.14541e-03
    4.02564e+01     6.05079e-03
    4.04889e+01     5.95762e-03
    4.07228e+01     5.86586e-03
    4.09580e+01     5.77551e-03
    4.11945e+01     5.68654e-03
    4.14324e+01     5.59892e-03
    4.16717e+01     5.51264e-03
    4.19124e+01     5.42768e-03
    4.21545e+01     5.34402e-03
    4.23979e+01     5.26163e-03
    4.26428e+01     5.18050e-03
    4.28891e+01     5.10061e-03
    4.31368e+01     5.02194e-03
    4.33859e+01     4.94448e-03
    4.36365e+01     4.86820e-03
    4.38885e+01     4.79308e-03
    4.41420e+01     4.71911e-03
    4.43969e+01     4.64627e-03
    4.46534e+01     4.57455e-03
    4.49113e+01     4.50392e-03
    4.51706e+01     4.43438e-03
    4.54315e+01     4.36589e-03
    4.56939e+01     4.29846e-03
    4.59578e+01     4.23205e-03
    4.62232e+01     4.16666e-03
    4.64902e+01     4.10228e-03
    4.67587e+01     4.03887e-03
    4.70288e+01     3.97644e-03
    4.73004e+01     3.91497e-03
    4.75736e+01     3.85443e-03
    4.78483e+01     3.79483e-03
    4.81247e+01     3.73613e-03
    4.84026e+01     3.67834e-03
    4.86821e+01     3.62143e-03
    4.89633e+01     3.56539e-03
    4.92461e+01     3.51021e-03
    4.95305e+01     3.45588e-03
    4.98166e+01     3.40237e-03
    5.01043e+01     3.34969e-03
    5.03937e+01     3.29782e-03
    5.06847e+01     3.24674e-03
    5.09774e+01     3.19645e-03
    5.12719e+01     3.14693e-03
    5.15680e+01     3.09816e-03
    5.18658e+01     3.05015e-03
    5.21654e+01     3.00287e-03
    5.24666e+01     2.95632e-03
    5.27697e+01     2.91048e-03
    5.30744e+01     2.86534e-03
    5.33810e+01     2.82090e-03
    5.36893e+01     2.77714e-03
    5.39993e+01     2.73406e-03
    5.43112e+01     2.69163e-03
    5.46249e+01     2.64986e-03
    5.49404e+01     2.60872e-03
    5.52577e+01     2.56822e-03
    5.55768e+01     2.52835e-03
    5.58978e+01     2.48908e-03
    5.62206e+01     2.45042e-03
    5.65453e+01     2.41235e-03
    5.68719e+01     2.37487e-03
    5.72004e+01     2.33796e-03
    5.75307e+01     2.30163e-03
    5.78630e+01     2.26585e-03
    5.81972e+01     2.23062e-03
    5.85333e+01     2.19593e-03
    5.88714e+01     2.16178e-03
    5.92114e+01     2.12815e-03
    5.95534e+01     2.09504e-03
    5.98973e+01     2.06244e-03
    6.02432e+01     2.03034e-03
    6.05912e+01     1.99874e-03
    6.09411e+01     1.96762e-03
    6.12931e+01     1.93698e-03
    6.16471e+01     1.90681e-03
    6.20031e+01     1.87711e-03
    6.23612e+01     1.84787e-03
    6.27214e+01     1.81907e-03
    6.30836e+01     1.79072e-03
    6.34480e+01     1.76281e-03
    6.38144e+01     1.73533e-03
    6.41830e+01     1.70827e-03
    6.45536e+01     1.68162e-03
    6.49265e+01     1.65539e-03
    6.53015e+01     1.62957e-03
    6.56786e+01     1.60414e-03
    6.60579e+01     1.57910e-03
    6.64394e+01     1.55445e-03
    6.68232e+01     1.53018e-03
    6.72091e+01     1.50629e-03
    6.75973e+01     1.48276e-03
    6.79877e+01     1.45960e-03
    6.83803e+01     1.43680e-03
    6.87753e+01     1.41435e-03
    6.91725e+01     1.39224e-03
    6.95720e+01     1.37047e-03
    6.99738e+01     1.34905e-03
    7.03779e+01     1.32795e-03
    7.07844e+01     1.30718e-03
    7.11932e+01     1.28673e-03
    7.16044e+01     1.26659e-03
    7.20179e+01     1.24677e-03
    7.24339e+01     1.22725e-03
    7.28522e+01     1.20804e-03
    7.32730e+01     1.18912e-03
    7.36961e+01     1.17050e-03
    7.41218e+01     1.15216e-03
    7.45499e+01     1.13411e-03
    7.49804e+01     1.11633e-03
    7.54135e+01     1.09883e-03
    7.58490e+01     1.08161e-03
    7.62871e+01     1.06464e-03
    7.67277e+01     1.04795e-03
    7.71708e+01     1.03151e-03
    7.76165e+01     1.01532e-03
    7.80648e+01     9.99384e-04
    7.85157e+01     9.83696e-04
    7.89691e+01     9.68251e-04
    7.94252e+01     9.53045e-04
    7.98839e+01     9.38075e-04
    8.03453e+01     9.23337e-04
    8.08093e+01     9.08827e-04
    8.12760e+01     8.94542e-04
    8.17454e+01     8.80479e-04
    8.22176e+01     8.66634e-04
    8.26924e+01     8.53003e-04
    8.31700e+01     8.39584e-04
    8.36503e+01     8.26373e-04
    8.41335e+01     8.13367e-04
    8.46194e+01     8.00563e-04
    8.51081e+01     7.87958e-04
    8.55996e+01     7.75549e-04
    8.60940e+01     7.63332e-04
    8.65912e+01     7.51305e-04
    8.70913e+01     7.39464e-04
    8.75943e+01     7.27808e-04
    8.81002e+01     7.16332e-04
    8.86091e+01     7.05035e-04
    8.91208e+01     6.93913e-04
    8.96355e+01     6.82964e-04
    9.01532e+01     6.72186e-04
    9.06739e+01     6.61575e-04
    9.11976e+01     6.51129e-04
    9.17243e+01     6.40845e-04
    9.22540e+01     6.30721e-04
    9.27869e+01     6.20755e-04
    9.33227e+01     6.10943e-04
    9.38617e+01     6.01285e-04
    9.44038e+01     5.91777e-04
    9.49490e+01     5.82416e-04
    9.54974e+01     5.73201e-04
    9.60490e+01     5.64130e-04
    9.66037e+01     5.55200e-04
    9.71616e+01     5.46409e-04
    9.77228e+01     5.37755e-04
    9.82872e+01     5.29236e-04
    9.88548e+01     5.20850e-04
    9.94258e+01     5.12594e-04
    1.00000e+02     5.04467e-04
