# The (real space) HaloFit power spectrum from CLASS.
#      k[h/Mpc]            P(k)
    1.00000e-04     4.26023e+02
    1.00578e-04     4.28400e+02
    1.01158e-04     4.30790e+02
    1.01743e-04     4.33193e+02
    1.02330e-04     4.35610e+02
    1.02921e-04     4.38040e+02
    1.03516e-04     4.40483e+02
    1.04114e-04     4.42941e+02
    1.04715e-04     4.45411e+02
    1.05320e-04     4.47896e+02
    1.05928e-04     4.50395e+02
    1.06540e-04     4.52907e+02
    1.07155e-04     4.55434e+02
    1.07774e-04     4.57974e+02
    1.08396e-04     4.60529e+02
    1.09022e-04     4.63098e+02
    1.09652e-04     4.65681e+02
    1.10285e-04     4.68279e+02
    1.10922e-04     4.70891e+02
    1.11563e-04     4.73517e+02
    1.12207e-04     4.76159e+02
    1.12855e-04     4.78815e+02
    1.13507e-04     4.81486e+02
    1.14163e-04     4.84171e+02
    1.14822e-04     4.86872e+02
    1.15485e-04     4.89588e+02
    1.16152e-04     4.92318e+02
    1.16823e-04     4.95064e+02
    1.17498e-04     4.97826e+02
    1.18176e-04     5.00602e+02
    1.18859e-04     5.03395e+02
    1.19545e-04     5.06202e+02
    1.20236e-04     5.09026e+02
    1.20930e-04     5.11865e+02
    1.21629e-04     5.14720e+02
    1.22331e-04     5.17590e+02
    1.23038e-04     5.20477e+02
    1.23748e-04     5.23380e+02
    1.24463e-04     5.26299e+02
    1.25182e-04     5.29234e+02
    1.25905e-04     5.32186e+02
    1.26632e-04     5.35154e+02
    1.27363e-04     5.38139e+02
    1.28099e-04     5.41140e+02
    1.28839e-04     5.44158e+02
    1.29583e-04     5.47192e+02
    1.30331e-04     5.50244e+02
    1.31084e-04     5.53313e+02
    1.31841e-04     5.56398e+02
    1.32602e-04     5.59501e+02
    1.33368e-04     5.62621e+02
    1.34138e-04     5.65759e+02
    1.34913e-04     5.68914e+02
    1.35692e-04     5.72086e+02
    1.36476e-04     5.75276e+02
    1.37264e-04     5.78484e+02
    1.38057e-04     5.81710e+02
    1.38854e-04     5.84954e+02
    1.39656e-04     5.88216e+02
    1.40463e-04     5.91496e+02
    1.41274e-04     5.94794e+02
    1.42090e-04     5.98110e+02
    1.42911e-04     6.01446e+02
    1.43736e-04     6.04799e+02
    1.44566e-04     6.08171e+02
    1.45401e-04     6.11562e+02
    1.46241e-04     6.14972e+02
    1.47085e-04     6.18401e+02
    1.47935e-04     6.21849e+02
    1.48789e-04     6.25316e+02
    1.49649e-04     6.28802e+02
    1.50513e-04     6.32308e+02
    1.51382e-04     6.35833e+02
    1.52257e-04     6.39378e+02
    1.53136e-04     6.42943e+02
    1.54020e-04     6.46527e+02
    1.54910e-04     6.50132e+02
    1.55805e-04     6.53756e+02
    1.56704e-04     6.57401e+02
    1.57609e-04     6.61065e+02
    1.58520e-04     6.64751e+02
    1.59435e-04     6.68456e+02
    1.60356e-04     6.72183e+02
    1.61282e-04     6.75930e+02
    1.62214e-04     6.79698e+02
    1.63151e-04     6.83486e+02
    1.64093e-04     6.87296e+02
    1.65041e-04     6.91127e+02
    1.65994e-04     6.94980e+02
    1.66952e-04     6.98853e+02
    1.67917e-04     7.02749e+02
    1.68886e-04     7.06666e+02
    1.69862e-04     7.10604e+02
    1.70843e-04     7.14565e+02
    1.71830e-04     7.18548e+02
    1.72822e-04     7.22552e+02
    1.73820e-04     7.26579e+02
    1.74824e-04     7.30629e+02
    1.75834e-04     7.34701e+02
    1.76849e-04     7.38795e+02
    1.77871e-04     7.42912e+02
    1.78898e-04     7.47053e+02
    1.79931e-04     7.51216e+02
    1.80970e-04     7.55402e+02
    1.82016e-04     7.59611e+02
    1.83067e-04     7.63844e+02
    1.84124e-04     7.68101e+02
    1.85187e-04     7.72381e+02
    1.86257e-04     7.76685e+02
    1.87333e-04     7.81012e+02
    1.88415e-04     7.85364e+02
    1.89503e-04     7.89740e+02
    1.90597e-04     7.94140e+02
    1.91698e-04     7.98565e+02
    1.92805e-04     8.03014e+02
    1.93919e-04     8.07488e+02
    1.95039e-04     8.11986e+02
    1.96165e-04     8.16510e+02
    1.97298e-04     8.21059e+02
    1.98438e-04     8.25633e+02
    1.99584e-04     8.30232e+02
    2.00736e-04     8.34857e+02
    2.01896e-04     8.39508e+02
    2.03062e-04     8.44184e+02
    2.04235e-04     8.48886e+02
    2.05414e-04     8.53615e+02
    2.06600e-04     8.58369e+02
    2.07794e-04     8.63150e+02
    2.08994e-04     8.67958e+02
    2.10201e-04     8.72792e+02
    2.11415e-04     8.77653e+02
    2.12636e-04     8.82541e+02
    2.13864e-04     8.87456e+02
    2.15099e-04     8.92399e+02
    2.16341e-04     8.97368e+02
    2.17591e-04     9.02366e+02
    2.18848e-04     9.07390e+02
    2.20112e-04     9.12443e+02
    2.21383e-04     9.17524e+02
    2.22661e-04     9.22633e+02
    2.23947e-04     9.27770e+02
    2.25241e-04     9.32936e+02
    2.26542e-04     9.38130e+02
    2.27850e-04     9.43354e+02
    2.29166e-04     9.48606e+02
    2.30489e-04     9.53887e+02
    2.31821e-04     9.59197e+02
    2.33160e-04     9.64537e+02
    2.34506e-04     9.69906e+02
    2.35861e-04     9.75306e+02
    2.37223e-04     9.80735e+02
    2.38593e-04     9.86194e+02
    2.39971e-04     9.91683e+02
    2.41357e-04     9.97203e+02
    2.42751e-04     1.00275e+03
    2.44153e-04     1.00833e+03
    2.45563e-04     1.01395e+03
    2.46981e-04     1.01959e+03
    2.48407e-04     1.02526e+03
    2.49842e-04     1.03097e+03
    2.51285e-04     1.03670e+03
    2.52736e-04     1.04247e+03
    2.54196e-04     1.04827e+03
    2.55664e-04     1.05411e+03
    2.57141e-04     1.05997e+03
    2.58626e-04     1.06587e+03
    2.60120e-04     1.07180e+03
    2.61622e-04     1.07776e+03
    2.63133e-04     1.08376e+03
    2.64653e-04     1.08979e+03
    2.66181e-04     1.09585e+03
    2.67718e-04     1.10194e+03
    2.69265e-04     1.10807e+03
    2.70820e-04     1.11424e+03
    2.72384e-04     1.12043e+03
    2.73957e-04     1.12667e+03
    2.75539e-04     1.13293e+03
    2.77131e-04     1.13923e+03
    2.78731e-04     1.14557e+03
    2.80341e-04     1.15194e+03
    2.81960e-04     1.15834e+03
    2.83589e-04     1.16478e+03
    2.85226e-04     1.17126e+03
    2.86874e-04     1.17777e+03
    2.88531e-04     1.18432e+03
    2.90197e-04     1.19090e+03
    2.91873e-04     1.19752e+03
    2.93559e-04     1.20418e+03
    2.95254e-04     1.21088e+03
    2.96959e-04     1.21761e+03
    2.98674e-04     1.22437e+03
    3.00399e-04     1.23118e+03
    3.02134e-04     1.23802e+03
    3.03879e-04     1.24490e+03
    3.05634e-04     1.25182e+03
    3.07400e-04     1.25877e+03
    3.09175e-04     1.26577e+03
    3.10961e-04     1.27280e+03
    3.12756e-04     1.27987e+03
    3.14563e-04     1.28698e+03
    3.16380e-04     1.29413e+03
    3.18207e-04     1.30132e+03
    3.20045e-04     1.30855e+03
    3.21893e-04     1.31582e+03
    3.23752e-04     1.32313e+03
    3.25622e-04     1.33048e+03
    3.27503e-04     1.33787e+03
    3.29394e-04     1.34530e+03
    3.31296e-04     1.35277e+03
    3.33210e-04     1.36028e+03
    3.35134e-04     1.36783e+03
    3.37070e-04     1.37542e+03
    3.39017e-04     1.38306e+03
    3.40975e-04     1.39074e+03
    3.42944e-04     1.39846e+03
    3.44925e-04     1.40622e+03
    3.46917e-04     1.41403e+03
    3.48920e-04     1.42187e+03
    3.50935e-04     1.42977e+03
    3.52962e-04     1.43770e+03
    3.55001e-04     1.44568e+03
    3.57051e-04     1.45370e+03
    3.59113e-04     1.46176e+03
    3.61187e-04     1.46987e+03
    3.63273e-04     1.47803e+03
    3.65371e-04     1.48623e+03
    3.67482e-04     1.49447e+03
    3.69604e-04     1.50276e+03
    3.71739e-04     1.51110e+03
    3.73886e-04     1.51948e+03
    3.76045e-04     1.52790e+03
    3.78217e-04     1.53637e+03
    3.80401e-04     1.54489e+03
    3.82598e-04     1.55346e+03
    3.84808e-04     1.56207e+03
    3.87030e-04     1.57073e+03
    3.89266e-04     1.57943e+03
    3.91514e-04     1.58819e+03
    3.93775e-04     1.59699e+03
    3.96049e-04     1.60584e+03
    3.98337e-04     1.61474e+03
    4.00637e-04     1.62369e+03
    4.02951e-04     1.63268e+03
    4.05278e-04     1.64173e+03
    4.07619e-04     1.65082e+03
    4.09973e-04     1.65997e+03
    4.12341e-04     1.66916e+03
    4.14722e-04     1.67840e+03
    4.17118e-04     1.68770e+03
    4.19527e-04     1.69704e+03
    4.21950e-04     1.70644e+03
    4.24387e-04     1.71589e+03
    4.26838e-04     1.72539e+03
    4.29303e-04     1.73494e+03
    4.31782e-04     1.74454e+03
    4.34276e-04     1.75419e+03
    4.36784e-04     1.76390e+03
    4.39307e-04     1.77366e+03
    4.41844e-04     1.78348e+03
    4.44396e-04     1.79334e+03
    4.46962e-04     1.80326e+03
    4.49544e-04     1.81324e+03
    4.52140e-04     1.82327e+03
    4.54751e-04     1.83335e+03
    4.57378e-04     1.84349e+03
    4.60019e-04     1.85368e+03
    4.62676e-04     1.86393e+03
    4.65348e-04     1.87423e+03
    4.68036e-04     1.88459e+03
    4.70739e-04     1.89501e+03
    4.73458e-04     1.90548e+03
    4.76192e-04     1.91601e+03
    4.78943e-04     1.92660e+03
    4.81709e-04     1.93724e+03
    4.84491e-04     1.94794e+03
    4.87289e-04     1.95870e+03
    4.90103e-04     1.96952e+03
    4.92934e-04     1.98039e+03
    4.95781e-04     1.99133e+03
    4.98644e-04     2.00232e+03
    5.01524e-04     2.01338e+03
    5.04421e-04     2.02449e+03
    5.07334e-04     2.03566e+03
    5.10264e-04     2.04690e+03
    5.13211e-04     2.05819e+03
    5.16175e-04     2.06955e+03
    5.19156e-04     2.08096e+03
    5.22155e-04     2.09244e+03
    5.25170e-04     2.10398e+03
    5.28203e-04     2.11558e+03
    5.31254e-04     2.12725e+03
    5.34322e-04     2.13898e+03
    5.37408e-04     2.15077e+03
    5.40512e-04     2.16262e+03
    5.43634e-04     2.17454e+03
    5.46773e-04     2.18652e+03
    5.49931e-04     2.19857e+03
    5.53107e-04     2.21068e+03
    5.56302e-04     2.22286e+03
    5.59515e-04     2.23510e+03
    5.62746e-04     2.24741e+03
    5.65996e-04     2.25978e+03
    5.69265e-04     2.27222e+03
    5.72553e-04     2.28473e+03
    5.75860e-04     2.29730e+03
    5.79186e-04     2.30995e+03
    5.82531e-04     2.32265e+03
    5.85895e-04     2.33543e+03
    5.89279e-04     2.34828e+03
    5.92682e-04     2.36119e+03
    5.96105e-04     2.37418e+03
    5.99548e-04     2.38723e+03
    6.03011e-04     2.40035e+03
    6.06494e-04     2.41355e+03
    6.09996e-04     2.42681e+03
    6.13519e-04     2.44014e+03
    6.17063e-04     2.45355e+03
    6.20627e-04     2.46703e+03
    6.24211e-04     2.48057e+03
    6.27816e-04     2.49420e+03
    6.31442e-04     2.50789e+03
    6.35089e-04     2.52166e+03
    6.38757e-04     2.53550e+03
    6.42446e-04     2.54941e+03
    6.46156e-04     2.56340e+03
    6.49888e-04     2.57746e+03
    6.53642e-04     2.59159e+03
    6.57417e-04     2.60581e+03
    6.61214e-04     2.62009e+03
    6.65032e-04     2.63446e+03
    6.68873e-04     2.64890e+03
    6.72736e-04     2.66341e+03
    6.76622e-04     2.67800e+03
    6.80530e-04     2.69267e+03
    6.84460e-04     2.70742e+03
    6.88413e-04     2.72225e+03
    6.92389e-04     2.73715e+03
    6.96388e-04     2.75214e+03
    7.00410e-04     2.76720e+03
    7.04455e-04     2.78234e+03
    7.08524e-04     2.79756e+03
    7.12616e-04     2.81286e+03
    7.16731e-04     2.82825e+03
    7.20871e-04     2.84371e+03
    7.25034e-04     2.85925e+03
    7.29222e-04     2.87488e+03
    7.33433e-04     2.89059e+03
    7.37669e-04     2.90638e+03
    7.41930e-04     2.92226e+03
    7.46215e-04     2.93822e+03
    7.50524e-04     2.95426e+03
    7.54859e-04     2.97038e+03
    7.59219e-04     2.98659e+03
    7.63603e-04     3.00289e+03
    7.68014e-04     3.01927e+03
    7.72449e-04     3.03574e+03
    7.76910e-04     3.05229e+03
    7.81398e-04     3.06893e+03
    7.85910e-04     3.08566e+03
    7.90449e-04     3.10247e+03
    7.95015e-04     3.11937e+03
    7.99606e-04     3.13636e+03
    8.04224e-04     3.15344e+03
    8.08869e-04     3.17061e+03
    8.13541e-04     3.18787e+03
    8.18239e-04     3.20521e+03
    8.22965e-04     3.22265e+03
    8.27718e-04     3.24018e+03
    8.32499e-04     3.25780e+03
    8.37307e-04     3.27551e+03
    8.42142e-04     3.29331e+03
    8.47006e-04     3.31121e+03
    8.51898e-04     3.32919e+03
    8.56818e-04     3.34727e+03
    8.61767e-04     3.36545e+03
    8.66744e-04     3.38372e+03
    8.71750e-04     3.40208e+03
    8.76785e-04     3.42054e+03
    8.81848e-04     3.43909e+03
    8.86941e-04     3.45774e+03
    8.92064e-04     3.47648e+03
    8.97216e-04     3.49532e+03
    9.02398e-04     3.51426e+03
    9.07610e-04     3.53330e+03
    9.12852e-04     3.55243e+03
    9.18124e-04     3.57166e+03
    9.23426e-04     3.59099e+03
    9.28760e-04     3.61042e+03
    9.34124e-04     3.62995e+03
    9.39519e-04     3.64958e+03
    9.44945e-04     3.66931e+03
    9.50402e-04     3.68914e+03
    9.55891e-04     3.70907e+03
    9.61412e-04     3.72910e+03
    9.66965e-04     3.74924e+03
    9.72549e-04     3.76948e+03
    9.78166e-04     3.78982e+03
    9.83816e-04     3.81026e+03
    9.89498e-04     3.83081e+03
    9.95212e-04     3.85146e+03
    1.00096e-03     3.87222e+03
    1.00674e-03     3.89309e+03
    1.01256e-03     3.91406e+03
    1.01840e-03     3.93513e+03
    1.02429e-03     3.95631e+03
    1.03020e-03     3.97760e+03
    1.03615e-03     3.99900e+03
    1.04214e-03     4.02050e+03
    1.04815e-03     4.04212e+03
    1.05421e-03     4.06384e+03
    1.06030e-03     4.08567e+03
    1.06642e-03     4.10761e+03
    1.07258e-03     4.12966e+03
    1.07877e-03     4.15183e+03
    1.08500e-03     4.17410e+03
    1.09127e-03     4.19649e+03
    1.09757e-03     4.21898e+03
    1.10391e-03     4.24159e+03
    1.11029e-03     4.26431e+03
    1.11670e-03     4.28715e+03
    1.12315e-03     4.31010e+03
    1.12964e-03     4.33316e+03
    1.13616e-03     4.35634e+03
    1.14272e-03     4.37964e+03
    1.14932e-03     4.40305e+03
    1.15596e-03     4.42657e+03
    1.16264e-03     4.45021e+03
    1.16935e-03     4.47397e+03
    1.17610e-03     4.49785e+03
    1.18290e-03     4.52184e+03
    1.18973e-03     4.54596e+03
    1.19660e-03     4.57019e+03
    1.20351e-03     4.59454e+03
    1.21046e-03     4.61901e+03
    1.21745e-03     4.64360e+03
    1.22448e-03     4.66831e+03
    1.23156e-03     4.69314e+03
    1.23867e-03     4.71810e+03
    1.24582e-03     4.74317e+03
    1.25302e-03     4.76837e+03
    1.26026e-03     4.79369e+03
    1.26753e-03     4.81913e+03
    1.27485e-03     4.84470e+03
    1.28222e-03     4.87039e+03
    1.28962e-03     4.89621e+03
    1.29707e-03     4.92215e+03
    1.30456e-03     4.94822e+03
    1.31210e-03     4.97441e+03
    1.31967e-03     5.00073e+03
    1.32730e-03     5.02718e+03
    1.33496e-03     5.05375e+03
    1.34267e-03     5.08045e+03
    1.35043e-03     5.10728e+03
    1.35823e-03     5.13424e+03
    1.36607e-03     5.16133e+03
    1.37396e-03     5.18855e+03
    1.38190e-03     5.21589e+03
    1.38988e-03     5.24337e+03
    1.39790e-03     5.27098e+03
    1.40598e-03     5.29872e+03
    1.41410e-03     5.32659e+03
    1.42226e-03     5.35460e+03
    1.43048e-03     5.38273e+03
    1.43874e-03     5.41100e+03
    1.44705e-03     5.43941e+03
    1.45541e-03     5.46794e+03
    1.46381e-03     5.49661e+03
    1.47227e-03     5.52542e+03
    1.48077e-03     5.55436e+03
    1.48932e-03     5.58344e+03
    1.49792e-03     5.61265e+03
    1.50658e-03     5.64200e+03
    1.51528e-03     5.67149e+03
    1.52403e-03     5.70111e+03
    1.53283e-03     5.73088e+03
    1.54168e-03     5.76078e+03
    1.55059e-03     5.79082e+03
    1.55954e-03     5.82099e+03
    1.56855e-03     5.85131e+03
    1.57761e-03     5.88177e+03
    1.58672e-03     5.91237e+03
    1.59588e-03     5.94311e+03
    1.60510e-03     5.97399e+03
    1.61437e-03     6.00501e+03
    1.62369e-03     6.03617e+03
    1.63307e-03     6.06748e+03
    1.64250e-03     6.09893e+03
    1.65199e-03     6.13052e+03
    1.66153e-03     6.16226e+03
    1.67113e-03     6.19414e+03
    1.68078e-03     6.22616e+03
    1.69049e-03     6.25833e+03
    1.70025e-03     6.29065e+03
    1.71007e-03     6.32311e+03
    1.71995e-03     6.35572e+03
    1.72988e-03     6.38847e+03
    1.73987e-03     6.42137e+03
    1.74992e-03     6.45442e+03
    1.76003e-03     6.48761e+03
    1.77019e-03     6.52096e+03
    1.78041e-03     6.55445e+03
    1.79070e-03     6.58809e+03
    1.80104e-03     6.62187e+03
    1.81144e-03     6.65581e+03
    1.82190e-03     6.68990e+03
    1.83243e-03     6.72414e+03
    1.84301e-03     6.75852e+03
    1.85365e-03     6.79306e+03
    1.86436e-03     6.82775e+03
    1.87513e-03     6.86259e+03
    1.88596e-03     6.89758e+03
    1.89685e-03     6.93273e+03
    1.90780e-03     6.96802e+03
    1.91882e-03     7.00347e+03
    1.92990e-03     7.03907e+03
    1.94105e-03     7.07483e+03
    1.95226e-03     7.11074e+03
    1.96354e-03     7.14680e+03
    1.97488e-03     7.18302e+03
    1.98628e-03     7.21939e+03
    1.99775e-03     7.25591e+03
    2.00929e-03     7.29259e+03
    2.02090e-03     7.32943e+03
    2.03257e-03     7.36642e+03
    2.04431e-03     7.40357e+03
    2.05611e-03     7.44088e+03
    2.06799e-03     7.47834e+03
    2.07993e-03     7.51595e+03
    2.09194e-03     7.55373e+03
    2.10403e-03     7.59166e+03
    2.11618e-03     7.62975e+03
    2.12840e-03     7.66800e+03
    2.14069e-03     7.70640e+03
    2.15306e-03     7.74497e+03
    2.16549e-03     7.78369e+03
    2.17800e-03     7.82257e+03
    2.19058e-03     7.86161e+03
    2.20323e-03     7.90081e+03
    2.21595e-03     7.94017e+03
    2.22875e-03     7.97969e+03
    2.24162e-03     8.01936e+03
    2.25457e-03     8.05920e+03
    2.26759e-03     8.09920e+03
    2.28069e-03     8.13935e+03
    2.29386e-03     8.17967e+03
    2.30711e-03     8.22015e+03
    2.32043e-03     8.26079e+03
    2.33383e-03     8.30159e+03
    2.34731e-03     8.34255e+03
    2.36087e-03     8.38367e+03
    2.37451e-03     8.42496e+03
    2.38822e-03     8.46640e+03
    2.40201e-03     8.50801e+03
    2.41589e-03     8.54978e+03
    2.42984e-03     8.59170e+03
    2.44387e-03     8.63380e+03
    2.45799e-03     8.67605e+03
    2.47218e-03     8.71847e+03
    2.48646e-03     8.76104e+03
    2.50082e-03     8.80378e+03
    2.51526e-03     8.84669e+03
    2.52979e-03     8.88975e+03
    2.54440e-03     8.93298e+03
    2.55910e-03     8.97637e+03
    2.57388e-03     9.01992e+03
    2.58874e-03     9.06364e+03
    2.60369e-03     9.10751e+03
    2.61873e-03     9.15156e+03
    2.63386e-03     9.19576e+03
    2.64907e-03     9.24012e+03
    2.66437e-03     9.28465e+03
    2.67975e-03     9.32935e+03
    2.69523e-03     9.37420e+03
    2.71080e-03     9.41922e+03
    2.72645e-03     9.46440e+03
    2.74220e-03     9.50974e+03
    2.75804e-03     9.55524e+03
    2.77397e-03     9.60091e+03
    2.78999e-03     9.64674e+03
    2.80610e-03     9.69273e+03
    2.82231e-03     9.73888e+03
    2.83861e-03     9.78520e+03
    2.85500e-03     9.83167e+03
    2.87149e-03     9.87831e+03
    2.88808e-03     9.92511e+03
    2.90476e-03     9.97207e+03
    2.92153e-03     1.00192e+04
    2.93841e-03     1.00665e+04
    2.95538e-03     1.01139e+04
    2.97244e-03     1.01615e+04
    2.98961e-03     1.02093e+04
    3.00688e-03     1.02572e+04
    3.02424e-03     1.03053e+04
    3.04171e-03     1.03536e+04
    3.05928e-03     1.04020e+04
    3.07695e-03     1.04505e+04
    3.09472e-03     1.04992e+04
    3.11259e-03     1.05481e+04
    3.13057e-03     1.05972e+04
    3.14865e-03     1.06464e+04
    3.16683e-03     1.06957e+04
    3.18512e-03     1.07453e+04
    3.20352e-03     1.07949e+04
    3.22202e-03     1.08448e+04
    3.24063e-03     1.08947e+04
    3.25935e-03     1.09449e+04
    3.27817e-03     1.09952e+04
    3.29710e-03     1.10456e+04
    3.31615e-03     1.10963e+04
    3.33530e-03     1.11470e+04
    3.35456e-03     1.11980e+04
    3.37394e-03     1.12490e+04
    3.39342e-03     1.13003e+04
    3.41302e-03     1.13516e+04
    3.43273e-03     1.14032e+04
    3.45256e-03     1.14549e+04
    3.47250e-03     1.15067e+04
    3.49255e-03     1.15587e+04
    3.51272e-03     1.16108e+04
    3.53301e-03     1.16631e+04
    3.55342e-03     1.17156e+04
    3.57394e-03     1.17682e+04
    3.59458e-03     1.18209e+04
    3.61534e-03     1.18738e+04
    3.63622e-03     1.19268e+04
    3.65722e-03     1.19800e+04
    3.67834e-03     1.20333e+04
    3.69959e-03     1.20868e+04
    3.72096e-03     1.21404e+04
    3.74245e-03     1.21942e+04
    3.76406e-03     1.22481e+04
    3.78580e-03     1.23021e+04
    3.80766e-03     1.23563e+04
    3.82965e-03     1.24106e+04
    3.85177e-03     1.24651e+04
    3.87402e-03     1.25197e+04
    3.89639e-03     1.25745e+04
    3.91890e-03     1.26293e+04
    3.94153e-03     1.26844e+04
    3.96429e-03     1.27395e+04
    3.98719e-03     1.27948e+04
    4.01022e-03     1.28502e+04
    4.03338e-03     1.29058e+04
    4.05667e-03     1.29615e+04
    4.08010e-03     1.30173e+04
    4.10367e-03     1.30733e+04
    4.12737e-03     1.31294e+04
    4.15121e-03     1.31856e+04
    4.17518e-03     1.32419e+04
    4.19929e-03     1.32984e+04
    4.22355e-03     1.33550e+04
    4.24794e-03     1.34117e+04
    4.27247e-03     1.34685e+04
    4.29715e-03     1.35255e+04
    4.32197e-03     1.35826e+04
    4.34693e-03     1.36398e+04
    4.37203e-03     1.36971e+04
    4.39729e-03     1.37546e+04
    4.42268e-03     1.38122e+04
    4.44822e-03     1.38698e+04
    4.47392e-03     1.39276e+04
    4.49975e-03     1.39855e+04
    4.52574e-03     1.40436e+04
    4.55188e-03     1.41017e+04
    4.57817e-03     1.41599e+04
    4.60461e-03     1.42183e+04
    4.63121e-03     1.42767e+04
    4.65795e-03     1.43353e+04
    4.68485e-03     1.43940e+04
    4.71191e-03     1.44527e+04
    4.73913e-03     1.45116e+04
    4.76650e-03     1.45706e+04
    4.79402e-03     1.46296e+04
    4.82171e-03     1.46888e+04
    4.84956e-03     1.47481e+04
    4.87757e-03     1.48074e+04
    4.90574e-03     1.48669e+04
    4.93407e-03     1.49264e+04
    4.96257e-03     1.49860e+04
    4.99123e-03     1.50457e+04
    5.02006e-03     1.51055e+04
    5.04905e-03     1.51654e+04
    5.07821e-03     1.52254e+04
    5.10754e-03     1.52854e+04
    5.13704e-03     1.53455e+04
    5.16671e-03     1.54057e+04
    5.19655e-03     1.54660e+04
    5.22656e-03     1.55264e+04
    5.25675e-03     1.55868e+04
    5.28711e-03     1.56473e+04
    5.31764e-03     1.57079e+04
    5.34835e-03     1.57685e+04
    5.37924e-03     1.58292e+04
    5.41031e-03     1.58900e+04
    5.44156e-03     1.59508e+04
    5.47299e-03     1.60117e+04
    5.50459e-03     1.60726e+04
    5.53639e-03     1.61336e+04
    5.56836e-03     1.61946e+04
    5.60052e-03     1.62557e+04
    5.63287e-03     1.63169e+04
    5.66540e-03     1.63780e+04
    5.69812e-03     1.64393e+04
    5.73103e-03     1.65005e+04
    5.76413e-03     1.65618e+04
    5.79742e-03     1.66232e+04
    5.83090e-03     1.66846e+04
    5.86458e-03     1.67460e+04
    5.89845e-03     1.68074e+04
    5.93252e-03     1.68689e+04
    5.96678e-03     1.69304e+04
    6.00124e-03     1.69919e+04
    6.03590e-03     1.70534e+04
    6.07076e-03     1.71150e+04
    6.10582e-03     1.71765e+04
    6.14108e-03     1.72381e+04
    6.17655e-03     1.72997e+04
    6.21223e-03     1.73613e+04
    6.24810e-03     1.74229e+04
    6.28419e-03     1.74845e+04
    6.32048e-03     1.75461e+04
    6.35699e-03     1.76077e+04
    6.39370e-03     1.76693e+04
    6.43063e-03     1.77309e+04
    6.46777e-03     1.77925e+04
    6.50512e-03     1.78540e+04
    6.54269e-03     1.79156e+04
    6.58048e-03     1.79771e+04
    6.61849e-03     1.80386e+04
    6.65671e-03     1.81001e+04
    6.69516e-03     1.81615e+04
    6.73382e-03     1.82229e+04
    6.77272e-03     1.82843e+04
    6.81183e-03     1.83457e+04
    6.85117e-03     1.84070e+04
    6.89074e-03     1.84682e+04
    6.93054e-03     1.85294e+04
    6.97057e-03     1.85906e+04
    7.01082e-03     1.86517e+04
    7.05131e-03     1.87128e+04
    7.09204e-03     1.87737e+04
    7.13300e-03     1.88347e+04
    7.17420e-03     1.88955e+04
    7.21563e-03     1.89563e+04
    7.25730e-03     1.90170e+04
    7.29922e-03     1.90776e+04
    7.34137e-03     1.91382e+04
    7.38377e-03     1.91987e+04
    7.42642e-03     1.92590e+04
    7.46931e-03     1.93193e+04
    7.51245e-03     1.93795e+04
    7.55584e-03     1.94396e+04
    7.59948e-03     1.94996e+04
    7.64337e-03     1.95595e+04
    7.68751e-03     1.96192e+04
    7.73191e-03     1.96789e+04
    7.77657e-03     1.97384e+04
    7.82148e-03     1.97978e+04
    7.86665e-03     1.98571e+04
    7.91209e-03     1.99163e+04
    7.95778e-03     1.99753e+04
    8.00374e-03     2.00342e+04
    8.04997e-03     2.00929e+04
    8.09646e-03     2.01515e+04
    8.14322e-03     2.02100e+04
    8.19025e-03     2.02683e+04
    8.23755e-03     2.03264e+04
    8.28513e-03     2.03844e+04
    8.33298e-03     2.04422e+04
    8.38111e-03     2.04999e+04
    8.42951e-03     2.05574e+04
    8.47820e-03     2.06147e+04
    8.52716e-03     2.06718e+04
    8.57641e-03     2.07287e+04
    8.62594e-03     2.07855e+04
    8.67576e-03     2.08420e+04
    8.72587e-03     2.08984e+04
    8.77626e-03     2.09545e+04
    8.82695e-03     2.10104e+04
    8.87793e-03     2.10661e+04
    8.92921e-03     2.11216e+04
    8.98078e-03     2.11769e+04
    9.03264e-03     2.12319e+04
    9.08481e-03     2.12867e+04
    9.13728e-03     2.13413e+04
    9.19005e-03     2.13956e+04
    9.24313e-03     2.14497e+04
    9.29651e-03     2.15035e+04
    9.35021e-03     2.15570e+04
    9.40421e-03     2.16103e+04
    9.45852e-03     2.16633e+04
    9.51315e-03     2.17161e+04
    9.56809e-03     2.17685e+04
    9.62335e-03     2.18207e+04
    9.67893e-03     2.18726e+04
    9.73483e-03     2.19242e+04
    9.79106e-03     2.19755e+04
    9.84760e-03     2.20265e+04
    9.90448e-03     2.20772e+04
    9.96168e-03     2.21276e+04
    1.00192e-02     2.21776e+04
    1.00771e-02     2.22273e+04
    1.01353e-02     2.22767e+04
    1.01938e-02     2.23258e+04
    1.02527e-02     2.23745e+04
    1.03119e-02     2.24229e+04
    1.03715e-02     2.24709e+04
    1.04314e-02     2.25186e+04
    1.04916e-02     2.25659e+04
    1.05522e-02     2.26128e+04
    1.06131e-02     2.26594e+04
    1.06744e-02     2.27056e+04
    1.07361e-02     2.27514e+04
    1.07981e-02     2.27968e+04
    1.08605e-02     2.28418e+04
    1.09232e-02     2.28864e+04
    1.09863e-02     2.29306e+04
    1.10497e-02     2.29744e+04
    1.11135e-02     2.30177e+04
    1.11777e-02     2.30607e+04
    1.12423e-02     2.31032e+04
    1.13072e-02     2.31452e+04
    1.13725e-02     2.31869e+04
    1.14382e-02     2.32280e+04
    1.15043e-02     2.32687e+04
    1.15707e-02     2.33090e+04
    1.16375e-02     2.33487e+04
    1.17047e-02     2.33880e+04
    1.17723e-02     2.34268e+04
    1.18403e-02     2.34652e+04
    1.19087e-02     2.35030e+04
    1.19775e-02     2.35403e+04
    1.20467e-02     2.35772e+04
    1.21162e-02     2.36135e+04
    1.21862e-02     2.36493e+04
    1.22566e-02     2.36845e+04
    1.23274e-02     2.37193e+04
    1.23986e-02     2.37535e+04
    1.24702e-02     2.37871e+04
    1.25422e-02     2.38202e+04
    1.26147e-02     2.38528e+04
    1.26875e-02     2.38848e+04
    1.27608e-02     2.39162e+04
    1.28345e-02     2.39471e+04
    1.29086e-02     2.39774e+04
    1.29832e-02     2.40071e+04
    1.30581e-02     2.40362e+04
    1.31336e-02     2.40647e+04
    1.32094e-02     2.40926e+04
    1.32857e-02     2.41199e+04
    1.33624e-02     2.41466e+04
    1.34396e-02     2.41726e+04
    1.35172e-02     2.41981e+04
    1.35953e-02     2.42229e+04
    1.36738e-02     2.42470e+04
    1.37528e-02     2.42706e+04
    1.38322e-02     2.42934e+04
    1.39121e-02     2.43156e+04
    1.39925e-02     2.43371e+04
    1.40733e-02     2.43580e+04
    1.41546e-02     2.43781e+04
    1.42363e-02     2.43976e+04
    1.43185e-02     2.44164e+04
    1.44012e-02     2.44345e+04
    1.44844e-02     2.44519e+04
    1.45680e-02     2.44685e+04
    1.46522e-02     2.44845e+04
    1.47368e-02     2.44997e+04
    1.48219e-02     2.45142e+04
    1.49075e-02     2.45279e+04
    1.49936e-02     2.45409e+04
    1.50802e-02     2.45531e+04
    1.51673e-02     2.45646e+04
    1.52549e-02     2.45754e+04
    1.53430e-02     2.45853e+04
    1.54316e-02     2.45945e+04
    1.55208e-02     2.46029e+04
    1.56104e-02     2.46105e+04
    1.57006e-02     2.46173e+04
    1.57912e-02     2.46234e+04
    1.58824e-02     2.46286e+04
    1.59742e-02     2.46330e+04
    1.60664e-02     2.46366e+04
    1.61592e-02     2.46394e+04
    1.62525e-02     2.46414e+04
    1.63464e-02     2.46425e+04
    1.64408e-02     2.46428e+04
    1.65358e-02     2.46422e+04
    1.66313e-02     2.46409e+04
    1.67273e-02     2.46386e+04
    1.68239e-02     2.46356e+04
    1.69211e-02     2.46316e+04
    1.70188e-02     2.46268e+04
    1.71171e-02     2.46211e+04
    1.72160e-02     2.46146e+04
    1.73154e-02     2.46071e+04
    1.74154e-02     2.45988e+04
    1.75160e-02     2.45896e+04
    1.76172e-02     2.45795e+04
    1.77189e-02     2.45685e+04
    1.78212e-02     2.45566e+04
    1.79242e-02     2.45438e+04
    1.80277e-02     2.45301e+04
    1.81318e-02     2.45154e+04
    1.82365e-02     2.44999e+04
    1.83418e-02     2.44834e+04
    1.84478e-02     2.44660e+04
    1.85543e-02     2.44477e+04
    1.86615e-02     2.44284e+04
    1.87693e-02     2.44082e+04
    1.88777e-02     2.43870e+04
    1.89867e-02     2.43649e+04
    1.90964e-02     2.43419e+04
    1.92066e-02     2.43179e+04
    1.93176e-02     2.42930e+04
    1.94291e-02     2.42671e+04
    1.95414e-02     2.42402e+04
    1.96542e-02     2.42124e+04
    1.97677e-02     2.41836e+04
    1.98819e-02     2.41539e+04
    1.99967e-02     2.41232e+04
    2.01122e-02     2.40915e+04
    2.02284e-02     2.40588e+04
    2.03452e-02     2.40252e+04
    2.04627e-02     2.39906e+04
    2.05809e-02     2.39551e+04
    2.06997e-02     2.39185e+04
    2.08193e-02     2.38810e+04
    2.09395e-02     2.38425e+04
    2.10605e-02     2.38031e+04
    2.11821e-02     2.37626e+04
    2.13044e-02     2.37212e+04
    2.14275e-02     2.36789e+04
    2.15512e-02     2.36355e+04
    2.16757e-02     2.35912e+04
    2.18009e-02     2.35460e+04
    2.19268e-02     2.34998e+04
    2.20534e-02     2.34526e+04
    2.21808e-02     2.34045e+04
    2.23089e-02     2.33554e+04
    2.24378e-02     2.33054e+04
    2.25674e-02     2.32544e+04
    2.26977e-02     2.32025e+04
    2.28288e-02     2.31497e+04
    2.29606e-02     2.30959e+04
    2.30932e-02     2.30412e+04
    2.32266e-02     2.29856e+04
    2.33608e-02     2.29291e+04
    2.34957e-02     2.28716e+04
    2.36314e-02     2.28133e+04
    2.37679e-02     2.27540e+04
    2.39051e-02     2.26938e+04
    2.40432e-02     2.26328e+04
    2.41821e-02     2.25708e+04
    2.43217e-02     2.25080e+04
    2.44622e-02     2.24442e+04
    2.46035e-02     2.23796e+04
    2.47456e-02     2.23142e+04
    2.48885e-02     2.22478e+04
    2.50322e-02     2.21807e+04
    2.51768e-02     2.21126e+04
    2.53222e-02     2.20437e+04
    2.54684e-02     2.19740e+04
    2.56155e-02     2.19034e+04
    2.57635e-02     2.18321e+04
    2.59123e-02     2.17598e+04
    2.60619e-02     2.16868e+04
    2.62125e-02     2.16130e+04
    2.63638e-02     2.15384e+04
    2.65161e-02     2.14630e+04
    2.66693e-02     2.13868e+04
    2.68233e-02     2.13099e+04
    2.69782e-02     2.12322e+04
    2.71340e-02     2.11539e+04
    2.72907e-02     2.10748e+04
    2.74483e-02     2.09951e+04
    2.76069e-02     2.09147e+04
    2.77663e-02     2.08337e+04
    2.79267e-02     2.07520e+04
    2.80880e-02     2.06697e+04
    2.82502e-02     2.05868e+04
    2.84133e-02     2.05034e+04
    2.85774e-02     2.04194e+04
    2.87425e-02     2.03348e+04
    2.89085e-02     2.02497e+04
    2.90755e-02     2.01641e+04
    2.92434e-02     2.00780e+04
    2.94123e-02     1.99914e+04
    2.95821e-02     1.99043e+04
    2.97530e-02     1.98168e+04
    2.99248e-02     1.97288e+04
    3.00977e-02     1.96405e+04
    3.02715e-02     1.95517e+04
    3.04463e-02     1.94625e+04
    3.06222e-02     1.93730e+04
    3.07990e-02     1.92831e+04
    3.09769e-02     1.91929e+04
    3.11558e-02     1.91023e+04
    3.13357e-02     1.90114e+04
    3.15167e-02     1.89202e+04
    3.16987e-02     1.88287e+04
    3.18818e-02     1.87370e+04
    3.20660e-02     1.86450e+04
    3.22512e-02     1.85528e+04
    3.24374e-02     1.84603e+04
    3.26248e-02     1.83676e+04
    3.28132e-02     1.82748e+04
    3.30027e-02     1.81817e+04
    3.31933e-02     1.80885e+04
    3.33850e-02     1.79951e+04
    3.35778e-02     1.79016e+04
    3.37717e-02     1.78080e+04
    3.39668e-02     1.77144e+04
    3.41630e-02     1.76208e+04
    3.43603e-02     1.75271e+04
    3.45587e-02     1.74335e+04
    3.47583e-02     1.73400e+04
    3.49591e-02     1.72465e+04
    3.51610e-02     1.71531e+04
    3.53640e-02     1.70598e+04
    3.55683e-02     1.69667e+04
    3.57737e-02     1.68738e+04
    3.59803e-02     1.67811e+04
    3.61881e-02     1.66886e+04
    3.63971e-02     1.65963e+04
    3.66073e-02     1.65043e+04
    3.68188e-02     1.64125e+04
    3.70314e-02     1.63211e+04
    3.72453e-02     1.62300e+04
    3.74604e-02     1.61393e+04
    3.76767e-02     1.60489e+04
    3.78943e-02     1.59589e+04
    3.81132e-02     1.58693e+04
    3.83333e-02     1.57801e+04
    3.85547e-02     1.56913e+04
    3.87774e-02     1.56030e+04
    3.90013e-02     1.55152e+04
    3.92266e-02     1.54279e+04
    3.94532e-02     1.53410e+04
    3.96810e-02     1.52547e+04
    3.99102e-02     1.51689e+04
    4.01407e-02     1.50837e+04
    4.03725e-02     1.49990e+04
    4.06057e-02     1.49149e+04
    4.08402e-02     1.48314e+04
    4.10761e-02     1.47485e+04
    4.13133e-02     1.46662e+04
    4.15519e-02     1.45845e+04
    4.17919e-02     1.45035e+04
    4.20333e-02     1.44231e+04
    4.22760e-02     1.43434e+04
    4.25202e-02     1.42644e+04
    4.27658e-02     1.41860e+04
    4.30128e-02     1.41084e+04
    4.32612e-02     1.40314e+04
    4.35110e-02     1.39552e+04
    4.37623e-02     1.38797e+04
    4.40151e-02     1.38049e+04
    4.42693e-02     1.37309e+04
    4.45250e-02     1.36577e+04
    4.47821e-02     1.35852e+04
    4.50408e-02     1.35135e+04
    4.53009e-02     1.34426e+04
    4.55625e-02     1.33725e+04
    4.58257e-02     1.33031e+04
    4.60903e-02     1.32346e+04
    4.63565e-02     1.31669e+04
    4.66243e-02     1.31000e+04
    4.68935e-02     1.30340e+04
    4.71644e-02     1.29687e+04
    4.74368e-02     1.29044e+04
    4.77107e-02     1.28408e+04
    4.79863e-02     1.27782e+04
    4.82634e-02     1.27163e+04
    4.85422e-02     1.26553e+04
    4.88225e-02     1.25951e+04
    4.91045e-02     1.25357e+04
    4.93881e-02     1.24771e+04
    4.96733e-02     1.24193e+04
    4.99602e-02     1.23622e+04
    5.02488e-02     1.23059e+04
    5.05390e-02     1.22504e+04
    5.08309e-02     1.21956e+04
    5.11244e-02     1.21415e+04
    5.14197e-02     1.20881e+04
    5.17167e-02     1.20355e+04
    5.20154e-02     1.19835e+04
    5.23158e-02     1.19323e+04
    5.26179e-02     1.18817e+04
    5.29218e-02     1.18318e+04
    5.32275e-02     1.17826e+04
    5.35349e-02     1.17339e+04
    5.38441e-02     1.16858e+04
    5.41551e-02     1.16383e+04
    5.44678e-02     1.15914e+04
    5.47824e-02     1.15449e+04
    5.50988e-02     1.14990e+04
    5.54170e-02     1.14535e+04
    5.57371e-02     1.14085e+04
    5.60590e-02     1.13639e+04
    5.63828e-02     1.13197e+04
    5.67084e-02     1.12758e+04
    5.70359e-02     1.12323e+04
    5.73653e-02     1.11892e+04
    5.76966e-02     1.11463e+04
    5.80299e-02     1.11036e+04
    5.83650e-02     1.10612e+04
    5.87021e-02     1.10189e+04
    5.90411e-02     1.09768e+04
    5.93821e-02     1.09347e+04
    5.97251e-02     1.08928e+04
    6.00700e-02     1.08509e+04
    6.04170e-02     1.08090e+04
    6.07659e-02     1.07671e+04
    6.11168e-02     1.07252e+04
    6.14698e-02     1.06831e+04
    6.18248e-02     1.06409e+04
    6.21819e-02     1.05985e+04
    6.25410e-02     1.05559e+04
    6.29022e-02     1.05131e+04
    6.32655e-02     1.04700e+04
    6.36309e-02     1.04265e+04
    6.39984e-02     1.03827e+04
    6.43680e-02     1.03386e+04
    6.47398e-02     1.02940e+04
    6.51137e-02     1.02489e+04
    6.54898e-02     1.02034e+04
    6.58680e-02     1.01573e+04
    6.62484e-02     1.01107e+04
    6.66310e-02     1.00635e+04
    6.70159e-02     1.00157e+04
    6.74029e-02     9.96723e+03
    6.77922e-02     9.91809e+03
    6.81837e-02     9.86825e+03
    6.85775e-02     9.81769e+03
    6.89736e-02     9.76638e+03
    6.93719e-02     9.71430e+03
    6.97726e-02     9.66143e+03
    7.01756e-02     9.60775e+03
    7.05809e-02     9.55324e+03
    7.09885e-02     9.49789e+03
    7.13985e-02     9.44170e+03
    7.18109e-02     9.38464e+03
    7.22256e-02     9.32672e+03
    7.26427e-02     9.26792e+03
    7.30623e-02     9.20823e+03
    7.34842e-02     9.14766e+03
    7.39087e-02     9.08621e+03
    7.43355e-02     9.02389e+03
    7.47648e-02     8.96071e+03
    7.51966e-02     8.89667e+03
    7.56309e-02     8.83178e+03
    7.60677e-02     8.76606e+03
    7.65071e-02     8.69952e+03
    7.69489e-02     8.63218e+03
    7.73933e-02     8.56407e+03
    7.78403e-02     8.49522e+03
    7.82899e-02     8.42566e+03
    7.87421e-02     8.35541e+03
    7.91968e-02     8.28450e+03
    7.96542e-02     8.21297e+03
    8.01143e-02     8.14086e+03
    8.05770e-02     8.06821e+03
    8.10423e-02     7.99507e+03
    8.15104e-02     7.92149e+03
    8.19812e-02     7.84750e+03
    8.24546e-02     7.77315e+03
    8.29309e-02     7.69850e+03
    8.34098e-02     7.62360e+03
    8.38915e-02     7.54851e+03
    8.43761e-02     7.47329e+03
    8.48634e-02     7.39800e+03
    8.53535e-02     7.32268e+03
    8.58465e-02     7.24739e+03
    8.63423e-02     7.17221e+03
    8.68409e-02     7.09720e+03
    8.73425e-02     7.02241e+03
    8.78469e-02     6.94792e+03
    8.83543e-02     6.87378e+03
    8.88646e-02     6.80005e+03
    8.93778e-02     6.72679e+03
    8.98940e-02     6.65407e+03
    9.04132e-02     6.58195e+03
    9.09354e-02     6.51050e+03
    9.14606e-02     6.43976e+03
    9.19888e-02     6.36980e+03
    9.25201e-02     6.30068e+03
    9.30544e-02     6.23244e+03
    9.35918e-02     6.16514e+03
    9.41324e-02     6.09884e+03
    9.46760e-02     6.03358e+03
    9.52228e-02     5.96941e+03
    9.57728e-02     5.90637e+03
    9.63259e-02     5.84450e+03
    9.68823e-02     5.78384e+03
    9.74418e-02     5.72443e+03
    9.80046e-02     5.66630e+03
    9.85706e-02     5.60947e+03
    9.91399e-02     5.55398e+03
    9.97125e-02     5.49985e+03
    1.00288e-01     5.44708e+03
    1.00868e-01     5.39569e+03
    1.01450e-01     5.34570e+03
    1.02036e-01     5.29712e+03
    1.02625e-01     5.24995e+03
    1.03218e-01     5.20418e+03
    1.03814e-01     5.15981e+03
    1.04414e-01     5.11682e+03
    1.05017e-01     5.07522e+03
    1.05623e-01     5.03498e+03
    1.06233e-01     4.99608e+03
    1.06847e-01     4.95850e+03
    1.07464e-01     4.92219e+03
    1.08085e-01     4.88713e+03
    1.08709e-01     4.85328e+03
    1.09337e-01     4.82061e+03
    1.09968e-01     4.78906e+03
    1.10603e-01     4.75859e+03
    1.11242e-01     4.72914e+03
    1.11885e-01     4.70064e+03
    1.12531e-01     4.67306e+03
    1.13181e-01     4.64632e+03
    1.13834e-01     4.62037e+03
    1.14492e-01     4.59512e+03
    1.15153e-01     4.57050e+03
    1.15818e-01     4.54645e+03
    1.16487e-01     4.52288e+03
    1.17160e-01     4.49973e+03
    1.17836e-01     4.47691e+03
    1.18517e-01     4.45434e+03
    1.19202e-01     4.43194e+03
    1.19890e-01     4.40962e+03
    1.20582e-01     4.38731e+03
    1.21279e-01     4.36494e+03
    1.21979e-01     4.34241e+03
    1.22684e-01     4.31965e+03
    1.23392e-01     4.29659e+03
    1.24105e-01     4.27315e+03
    1.24822e-01     4.24926e+03
    1.25543e-01     4.22484e+03
    1.26268e-01     4.19986e+03
    1.26997e-01     4.17423e+03
    1.27730e-01     4.14792e+03
    1.28468e-01     4.12086e+03
    1.29210e-01     4.09301e+03
    1.29956e-01     4.06433e+03
    1.30707e-01     4.03481e+03
    1.31462e-01     4.00442e+03
    1.32221e-01     3.97313e+03
    1.32985e-01     3.94095e+03
    1.33753e-01     3.90784e+03
    1.34525e-01     3.87384e+03
    1.35302e-01     3.83895e+03
    1.36084e-01     3.80321e+03
    1.36870e-01     3.76664e+03
    1.37660e-01     3.72925e+03
    1.38455e-01     3.69109e+03
    1.39255e-01     3.65223e+03
    1.40059e-01     3.61271e+03
    1.40868e-01     3.57261e+03
    1.41681e-01     3.53199e+03
    1.42500e-01     3.49090e+03
    1.43323e-01     3.44943e+03
    1.44151e-01     3.40766e+03
    1.44983e-01     3.36568e+03
    1.45820e-01     3.32359e+03
    1.46663e-01     3.28147e+03
    1.47510e-01     3.23938e+03
    1.48362e-01     3.19744e+03
    1.49218e-01     3.15574e+03
    1.50080e-01     3.11436e+03
    1.50947e-01     3.07341e+03
    1.51819e-01     3.03295e+03
    1.52696e-01     2.99308e+03
    1.53578e-01     2.95387e+03
    1.54464e-01     2.91540e+03
    1.55357e-01     2.87773e+03
    1.56254e-01     2.84095e+03
    1.57156e-01     2.80511e+03
    1.58064e-01     2.77026e+03
    1.58977e-01     2.73644e+03
    1.59895e-01     2.70370e+03
    1.60818e-01     2.67205e+03
    1.61747e-01     2.64154e+03
    1.62681e-01     2.61219e+03
    1.63621e-01     2.58401e+03
    1.64566e-01     2.55698e+03
    1.65516e-01     2.53109e+03
    1.66472e-01     2.50632e+03
    1.67434e-01     2.48268e+03
    1.68401e-01     2.46014e+03
    1.69373e-01     2.43864e+03
    1.70352e-01     2.41813e+03
    1.71336e-01     2.39856e+03
    1.72325e-01     2.37985e+03
    1.73320e-01     2.36197e+03
    1.74321e-01     2.34484e+03
    1.75328e-01     2.32838e+03
    1.76341e-01     2.31252e+03
    1.77359e-01     2.29717e+03
    1.78384e-01     2.28225e+03
    1.79414e-01     2.26769e+03
    1.80450e-01     2.25341e+03
    1.81492e-01     2.23930e+03
    1.82540e-01     2.22527e+03
    1.83595e-01     2.21125e+03
    1.84655e-01     2.19713e+03
    1.85721e-01     2.18284e+03
    1.86794e-01     2.16830e+03
    1.87873e-01     2.15342e+03
    1.88958e-01     2.13815e+03
    1.90049e-01     2.12240e+03
    1.91147e-01     2.10611e+03
    1.92251e-01     2.08923e+03
    1.93361e-01     2.07174e+03
    1.94478e-01     2.05362e+03
    1.95601e-01     2.03488e+03
    1.96731e-01     2.01550e+03
    1.97867e-01     1.99548e+03
    1.99010e-01     1.97484e+03
    2.00159e-01     1.95363e+03
    2.01315e-01     1.93191e+03
    2.02478e-01     1.90971e+03
    2.03647e-01     1.88710e+03
    2.04823e-01     1.86412e+03
    2.06006e-01     1.84086e+03
    2.07196e-01     1.81739e+03
    2.08393e-01     1.79380e+03
    2.09596e-01     1.77018e+03
    2.10807e-01     1.74660e+03
    2.12024e-01     1.72313e+03
    2.13249e-01     1.69986e+03
    2.14481e-01     1.67687e+03
    2.15719e-01     1.65422e+03
    2.16965e-01     1.63199e+03
    2.18218e-01     1.61024e+03
    2.19479e-01     1.58902e+03
    2.20746e-01     1.56839e+03
    2.22021e-01     1.54838e+03
    2.23303e-01     1.52901e+03
    2.24593e-01     1.51034e+03
    2.25890e-01     1.49239e+03
    2.27195e-01     1.47517e+03
    2.28507e-01     1.45866e+03
    2.29827e-01     1.44285e+03
    2.31154e-01     1.42774e+03
    2.32489e-01     1.41331e+03
    2.33832e-01     1.39954e+03
    2.35182e-01     1.38639e+03
    2.36541e-01     1.37380e+03
    2.37907e-01     1.36171e+03
    2.39281e-01     1.35005e+03
    2.40663e-01     1.33878e+03
    2.42053e-01     1.32783e+03
    2.43451e-01     1.31713e+03
    2.44857e-01     1.30661e+03
    2.46271e-01     1.29618e+03
    2.47693e-01     1.28579e+03
    2.49124e-01     1.27535e+03
    2.50563e-01     1.26482e+03
    2.52010e-01     1.25415e+03
    2.53465e-01     1.24328e+03
    2.54929e-01     1.23219e+03
    2.56401e-01     1.22083e+03
    2.57882e-01     1.20916e+03
    2.59372e-01     1.19718e+03
    2.60870e-01     1.18490e+03
    2.62376e-01     1.17232e+03
    2.63892e-01     1.15945e+03
    2.65416e-01     1.14631e+03
    2.66949e-01     1.13290e+03
    2.68490e-01     1.11928e+03
    2.70041e-01     1.10550e+03
    2.71601e-01     1.09161e+03
    2.73169e-01     1.07766e+03
    2.74747e-01     1.06370e+03
    2.76334e-01     1.04977e+03
    2.77930e-01     1.03595e+03
    2.79535e-01     1.02230e+03
    2.81149e-01     1.00886e+03
    2.82773e-01     9.95696e+02
    2.84406e-01     9.82858e+02
    2.86049e-01     9.70377e+02
    2.87701e-01     9.58269e+02
    2.89363e-01     9.46549e+02
    2.91034e-01     9.35231e+02
    2.92715e-01     9.24327e+02
    2.94405e-01     9.13848e+02
    2.96105e-01     9.03771e+02
    2.97816e-01     8.94064e+02
    2.99536e-01     8.84698e+02
    3.01266e-01     8.75640e+02
    3.03006e-01     8.66864e+02
    3.04756e-01     8.58337e+02
    3.06516e-01     8.50015e+02
    3.08286e-01     8.41850e+02
    3.10066e-01     8.33797e+02
    3.11857e-01     8.25815e+02
    3.13658e-01     8.17861e+02
    3.15470e-01     8.09898e+02
    3.17292e-01     8.01900e+02
    3.19124e-01     7.93840e+02
    3.20967e-01     7.85692e+02
    3.22821e-01     7.77433e+02
    3.24686e-01     7.69042e+02
    3.26561e-01     7.60516e+02
    3.28447e-01     7.51877e+02
    3.30344e-01     7.43142e+02
    3.32252e-01     7.34333e+02
    3.34171e-01     7.25466e+02
    3.36101e-01     7.16561e+02
    3.38042e-01     7.07646e+02
    3.39994e-01     6.98758e+02
    3.41958e-01     6.89928e+02
    3.43933e-01     6.81188e+02
    3.45919e-01     6.72568e+02
    3.47917e-01     6.64096e+02
    3.49926e-01     6.55790e+02
    3.51947e-01     6.47666e+02
    3.53980e-01     6.39737e+02
    3.56024e-01     6.32019e+02
    3.58081e-01     6.24522e+02
    3.60149e-01     6.17255e+02
    3.62229e-01     6.10202e+02
    3.64321e-01     6.03341e+02
    3.66425e-01     5.96650e+02
    3.68541e-01     5.90112e+02
    3.70670e-01     5.83705e+02
    3.72810e-01     5.77412e+02
    3.74964e-01     5.71208e+02
    3.77129e-01     5.65070e+02
    3.79307e-01     5.58977e+02
    3.81498e-01     5.52907e+02
    3.83701e-01     5.46838e+02
    3.85917e-01     5.40757e+02
    3.88146e-01     5.34661e+02
    3.90388e-01     5.28552e+02
    3.92643e-01     5.22429e+02
    3.94910e-01     5.16295e+02
    3.97191e-01     5.10150e+02
    3.99485e-01     5.03999e+02
    4.01792e-01     4.97857e+02
    4.04113e-01     4.91743e+02
    4.06447e-01     4.85673e+02
    4.08794e-01     4.79662e+02
    4.11155e-01     4.73727e+02
    4.13530e-01     4.67881e+02
    4.15918e-01     4.62129e+02
    4.18320e-01     4.56475e+02
    4.20736e-01     4.50924e+02
    4.23166e-01     4.45480e+02
    4.25610e-01     4.40144e+02
    4.28068e-01     4.34921e+02
    4.30541e-01     4.29803e+02
    4.33027e-01     4.24780e+02
    4.35528e-01     4.19844e+02
    4.38044e-01     4.14984e+02
    4.40573e-01     4.10191e+02
    4.43118e-01     4.05458e+02
    4.45677e-01     4.00776e+02
    4.48251e-01     3.96137e+02
    4.50840e-01     3.91534e+02
    4.53444e-01     3.86958e+02
    4.56063e-01     3.82404e+02
    4.58697e-01     3.77864e+02
    4.61346e-01     3.73334e+02
    4.64010e-01     3.68821e+02
    4.66690e-01     3.64331e+02
    4.69386e-01     3.59870e+02
    4.72097e-01     3.55446e+02
    4.74823e-01     3.51065e+02
    4.77565e-01     3.46733e+02
    4.80324e-01     3.42454e+02
    4.83098e-01     3.38231e+02
    4.85888e-01     3.34069e+02
    4.88694e-01     3.29971e+02
    4.91517e-01     3.25938e+02
    4.94355e-01     3.21975e+02
    4.97210e-01     3.18082e+02
    5.00082e-01     3.14257e+02
    5.02970e-01     3.10490e+02
    5.05875e-01     3.06777e+02
    5.08797e-01     3.03108e+02
    5.11735e-01     2.99479e+02
    5.14691e-01     2.95881e+02
    5.17663e-01     2.92311e+02
    5.20653e-01     2.88766e+02
    5.23660e-01     2.85248e+02
    5.26685e-01     2.81760e+02
    5.29726e-01     2.78303e+02
    5.32786e-01     2.74878e+02
    5.35863e-01     2.71487e+02
    5.38958e-01     2.68132e+02
    5.42071e-01     2.64813e+02
    5.45201e-01     2.61532e+02
    5.48350e-01     2.58290e+02
    5.51517e-01     2.55088e+02
    5.54702e-01     2.51928e+02
    5.57906e-01     2.48810e+02
    5.61128e-01     2.45735e+02
    5.64369e-01     2.42704e+02
    5.67629e-01     2.39715e+02
    5.70907e-01     2.36766e+02
    5.74204e-01     2.33855e+02
    5.77520e-01     2.30978e+02
    5.80856e-01     2.28134e+02
    5.84211e-01     2.25321e+02
    5.87585e-01     2.22536e+02
    5.90978e-01     2.19778e+02
    5.94391e-01     2.17046e+02
    5.97824e-01     2.14342e+02
    6.01277e-01     2.11666e+02
    6.04750e-01     2.09020e+02
    6.08242e-01     2.06404e+02
    6.11755e-01     2.03819e+02
    6.15288e-01     2.01266e+02
    6.18842e-01     1.98745e+02
    6.22416e-01     1.96258e+02
    6.26011e-01     1.93802e+02
    6.29626e-01     1.91378e+02
    6.33263e-01     1.88985e+02
    6.36920e-01     1.86620e+02
    6.40599e-01     1.84285e+02
    6.44298e-01     1.81977e+02
    6.48020e-01     1.79696e+02
    6.51762e-01     1.77442e+02
    6.55526e-01     1.75212e+02
    6.59312e-01     1.73008e+02
    6.63120e-01     1.70828e+02
    6.66950e-01     1.68674e+02
    6.70802e-01     1.66544e+02
    6.74676e-01     1.64439e+02
    6.78573e-01     1.62359e+02
    6.82492e-01     1.60304e+02
    6.86434e-01     1.58273e+02
    6.90398e-01     1.56267e+02
    6.94386e-01     1.54286e+02
    6.98396e-01     1.52329e+02
    7.02430e-01     1.50396e+02
    7.06486e-01     1.48487e+02
    7.10567e-01     1.46602e+02
    7.14671e-01     1.44740e+02
    7.18798e-01     1.42900e+02
    7.22949e-01     1.41083e+02
    7.27125e-01     1.39288e+02
    7.31324e-01     1.37515e+02
    7.35548e-01     1.35763e+02
    7.39796e-01     1.34033e+02
    7.44069e-01     1.32323e+02
    7.48366e-01     1.30634e+02
    7.52688e-01     1.28966e+02
    7.57036e-01     1.27317e+02
    7.61408e-01     1.25689e+02
    7.65805e-01     1.24080e+02
    7.70228e-01     1.22490e+02
    7.74677e-01     1.20920e+02
    7.79151e-01     1.19369e+02
    7.83651e-01     1.17836e+02
    7.88177e-01     1.16323e+02
    7.92729e-01     1.14828e+02
    7.97307e-01     1.13351e+02
    8.01912e-01     1.11892e+02
    8.06543e-01     1.10451e+02
    8.11202e-01     1.09028e+02
    8.15887e-01     1.07622e+02
    8.20599e-01     1.06234e+02
    8.25338e-01     1.04862e+02
    8.30105e-01     1.03508e+02
    8.34899e-01     1.02170e+02
    8.39721e-01     1.00849e+02
    8.44571e-01     9.95440e+01
    8.49449e-01     9.82553e+01
    8.54355e-01     9.69825e+01
    8.59289e-01     9.57254e+01
    8.64252e-01     9.44839e+01
    8.69243e-01     9.32578e+01
    8.74264e-01     9.20470e+01
    8.79313e-01     9.08511e+01
    8.84391e-01     8.96702e+01
    8.89499e-01     8.85039e+01
    8.94636e-01     8.73521e+01
    8.99803e-01     8.62147e+01
    9.05000e-01     8.50914e+01
    9.10227e-01     8.39822e+01
    9.15484e-01     8.28868e+01
    9.20771e-01     8.18050e+01
    9.26089e-01     8.07368e+01
    9.31438e-01     7.96820e+01
    9.36817e-01     7.86403e+01
    9.42228e-01     7.76117e+01
    9.47670e-01     7.65960e+01
    9.53143e-01     7.55930e+01
    9.58648e-01     7.46026e+01
    9.64184e-01     7.36247e+01
    9.69753e-01     7.26590e+01
    9.75354e-01     7.17055e+01
    9.80987e-01     7.07640e+01
    9.86653e-01     6.98343e+01
    9.92351e-01     6.89164e+01
    9.98082e-01     6.80100e+01
    1.00385e+00     6.71151e+01
    1.00964e+00     6.62315e+01
    1.01548e+00     6.53590e+01
    1.02134e+00     6.44976e+01
    1.02724e+00     6.36471e+01
    1.03317e+00     6.28073e+01
    1.03914e+00     6.19782e+01
    1.04514e+00     6.11596e+01
    1.05118e+00     6.03514e+01
    1.05725e+00     5.95535e+01
    1.06335e+00     5.87657e+01
    1.06950e+00     5.79879e+01
    1.07567e+00     5.72200e+01
    1.08188e+00     5.64619e+01
    1.08813e+00     5.57134e+01
    1.09442e+00     5.49745e+01
    1.10074e+00     5.42450e+01
    1.10710e+00     5.35248e+01
    1.11349e+00     5.28139e+01
    1.11992e+00     5.21120e+01
    1.12639e+00     5.14191e+01
    1.13289e+00     5.07350e+01
    1.13944e+00     5.00597e+01
    1.14602e+00     4.93931e+01
    1.15264e+00     4.87350e+01
    1.15929e+00     4.80854e+01
    1.16599e+00     4.74441e+01
    1.17272e+00     4.68110e+01
    1.17950e+00     4.61861e+01
    1.18631e+00     4.55693e+01
    1.19316e+00     4.49603e+01
    1.20005e+00     4.43592e+01
    1.20698e+00     4.37659e+01
    1.21395e+00     4.31802e+01
    1.22096e+00     4.26021e+01
    1.22802e+00     4.20314e+01
    1.23511e+00     4.14681e+01
    1.24224e+00     4.09121e+01
    1.24942e+00     4.03633e+01
    1.25663e+00     3.98216e+01
    1.26389e+00     3.92869e+01
    1.27119e+00     3.87591e+01
    1.27853e+00     3.82382e+01
    1.28591e+00     3.77240e+01
    1.29334e+00     3.72165e+01
    1.30081e+00     3.67156e+01
    1.30832e+00     3.62212e+01
    1.31588e+00     3.57333e+01
    1.32348e+00     3.52517e+01
    1.33112e+00     3.47763e+01
    1.33881e+00     3.43072e+01
    1.34654e+00     3.38442e+01
    1.35432e+00     3.33872e+01
    1.36214e+00     3.29362e+01
    1.37001e+00     3.24911e+01
    1.37792e+00     3.20518e+01
    1.38588e+00     3.16182e+01
    1.39388e+00     3.11903e+01
    1.40193e+00     3.07680e+01
    1.41003e+00     3.03513e+01
    1.41818e+00     2.99400e+01
    1.42637e+00     2.95341e+01
    1.43460e+00     2.91335e+01
    1.44289e+00     2.87382e+01
    1.45122e+00     2.83480e+01
    1.45960e+00     2.79630e+01
    1.46803e+00     2.75831e+01
    1.47651e+00     2.72082e+01
    1.48504e+00     2.68382e+01
    1.49362e+00     2.64730e+01
    1.50224e+00     2.61127e+01
    1.51092e+00     2.57572e+01
    1.51965e+00     2.54063e+01
    1.52842e+00     2.50600e+01
    1.53725e+00     2.47184e+01
    1.54613e+00     2.43812e+01
    1.55506e+00     2.40485e+01
    1.56404e+00     2.37202e+01
    1.57307e+00     2.33963e+01
    1.58216e+00     2.30766e+01
    1.59130e+00     2.27612e+01
    1.60049e+00     2.24499e+01
    1.60973e+00     2.21428e+01
    1.61903e+00     2.18398e+01
    1.62838e+00     2.15408e+01
    1.63778e+00     2.12457e+01
    1.64724e+00     2.09546e+01
    1.65675e+00     2.06674e+01
    1.66632e+00     2.03839e+01
    1.67595e+00     2.01043e+01
    1.68563e+00     1.98284e+01
    1.69536e+00     1.95561e+01
    1.70515e+00     1.92875e+01
    1.71500e+00     1.90224e+01
    1.72491e+00     1.87609e+01
    1.73487e+00     1.85029e+01
    1.74489e+00     1.82484e+01
    1.75496e+00     1.79972e+01
    1.76510e+00     1.77494e+01
    1.77529e+00     1.75049e+01
    1.78555e+00     1.72637e+01
    1.79586e+00     1.70257e+01
    1.80623e+00     1.67909e+01
    1.81666e+00     1.65593e+01
    1.82716e+00     1.63307e+01
    1.83771e+00     1.61053e+01
    1.84832e+00     1.58828e+01
    1.85900e+00     1.56634e+01
    1.86973e+00     1.54468e+01
    1.88053e+00     1.52332e+01
    1.89139e+00     1.50225e+01
    1.90232e+00     1.48146e+01
    1.91330e+00     1.46095e+01
    1.92435e+00     1.44072e+01
    1.93547e+00     1.42076e+01
    1.94665e+00     1.40107e+01
    1.95789e+00     1.38164e+01
    1.96920e+00     1.36248e+01
    1.98057e+00     1.34357e+01
    1.99201e+00     1.32492e+01
    2.00351e+00     1.30653e+01
    2.01509e+00     1.28838e+01
    2.02672e+00     1.27047e+01
    2.03843e+00     1.25281e+01
    2.05020e+00     1.23539e+01
    2.06204e+00     1.21820e+01
    2.07395e+00     1.20125e+01
    2.08593e+00     1.18453e+01
    2.09798e+00     1.16803e+01
    2.11009e+00     1.15176e+01
    2.12228e+00     1.13571e+01
    2.13454e+00     1.11987e+01
    2.14687e+00     1.10425e+01
    2.15927e+00     1.08885e+01
    2.17174e+00     1.07365e+01
    2.18428e+00     1.05866e+01
    2.19689e+00     1.04388e+01
    2.20958e+00     1.02929e+01
    2.22234e+00     1.01490e+01
    2.23518e+00     1.00071e+01
    2.24809e+00     9.86718e+00
    2.26107e+00     9.72913e+00
    2.27413e+00     9.59295e+00
    2.28726e+00     9.45864e+00
    2.30047e+00     9.32616e+00
    2.31376e+00     9.19549e+00
    2.32712e+00     9.06661e+00
    2.34056e+00     8.93949e+00
    2.35408e+00     8.81411e+00
    2.36768e+00     8.69045e+00
    2.38135e+00     8.56848e+00
    2.39511e+00     8.44818e+00
    2.40894e+00     8.32953e+00
    2.42285e+00     8.21250e+00
    2.43684e+00     8.09708e+00
    2.45092e+00     7.98325e+00
    2.46507e+00     7.87098e+00
    2.47931e+00     7.76024e+00
    2.49363e+00     7.65104e+00
    2.50803e+00     7.54333e+00
    2.52252e+00     7.43710e+00
    2.53709e+00     7.33233e+00
    2.55174e+00     7.22901e+00
    2.56648e+00     7.12711e+00
    2.58130e+00     7.02661e+00
    2.59621e+00     6.92750e+00
    2.61120e+00     6.82975e+00
    2.62628e+00     6.73335e+00
    2.64145e+00     6.63828e+00
    2.65671e+00     6.54452e+00
    2.67205e+00     6.45206e+00
    2.68748e+00     6.36087e+00
    2.70300e+00     6.27095e+00
    2.71861e+00     6.18226e+00
    2.73432e+00     6.09481e+00
    2.75011e+00     6.00856e+00
    2.76599e+00     5.92351e+00
    2.78197e+00     5.83963e+00
    2.79803e+00     5.75691e+00
    2.81419e+00     5.67535e+00
    2.83045e+00     5.59491e+00
    2.84679e+00     5.51558e+00
    2.86324e+00     5.43736e+00
    2.87977e+00     5.36022e+00
    2.89640e+00     5.28416e+00
    2.91313e+00     5.20915e+00
    2.92996e+00     5.13518e+00
    2.94688e+00     5.06224e+00
    2.96390e+00     4.99031e+00
    2.98102e+00     4.91938e+00
    2.99823e+00     4.84944e+00
    3.01555e+00     4.78048e+00
    3.03297e+00     4.71247e+00
    3.05048e+00     4.64541e+00
    3.06810e+00     4.57929e+00
    3.08582e+00     4.51408e+00
    3.10364e+00     4.44979e+00
    3.12157e+00     4.38639e+00
    3.13960e+00     4.32388e+00
    3.15773e+00     4.26224e+00
    3.17597e+00     4.20146e+00
    3.19431e+00     4.14152e+00
    3.21276e+00     4.08243e+00
    3.23131e+00     4.02416e+00
    3.24997e+00     3.96671e+00
    3.26874e+00     3.91006e+00
    3.28762e+00     3.85420e+00
    3.30661e+00     3.79913e+00
    3.32571e+00     3.74482e+00
    3.34492e+00     3.69128e+00
    3.36423e+00     3.63849e+00
    3.38366e+00     3.58643e+00
    3.40321e+00     3.53511e+00
    3.42286e+00     3.48451e+00
    3.44263e+00     3.43461e+00
    3.46251e+00     3.38542e+00
    3.48251e+00     3.33692e+00
    3.50262e+00     3.28910e+00
    3.52285e+00     3.24195e+00
    3.54320e+00     3.19546e+00
    3.56366e+00     3.14963e+00
    3.58424e+00     3.10444e+00
    3.60495e+00     3.05989e+00
    3.62577e+00     3.01596e+00
    3.64671e+00     2.97266e+00
    3.66777e+00     2.92996e+00
    3.68895e+00     2.88787e+00
    3.71026e+00     2.84636e+00
    3.73168e+00     2.80545e+00
    3.75324e+00     2.76511e+00
    3.77491e+00     2.72534e+00
    3.79672e+00     2.68613e+00
    3.81864e+00     2.64747e+00
    3.84070e+00     2.60936e+00
    3.86288e+00     2.57179e+00
    3.88519e+00     2.53475e+00
    3.90763e+00     2.49823e+00
    3.93020e+00     2.46223e+00
    3.95290e+00     2.42674e+00
    3.97573e+00     2.39175e+00
    3.99869e+00     2.35726e+00
    4.02178e+00     2.32325e+00
    4.04501e+00     2.28973e+00
    4.06837e+00     2.25668e+00
    4.09187e+00     2.22410e+00
    4.11550e+00     2.19198e+00
    4.13927e+00     2.16031e+00
    4.16318e+00     2.12910e+00
    4.18722e+00     2.09833e+00
    4.21140e+00     2.06799e+00
    4.23573e+00     2.03809e+00
    4.26019e+00     2.00861e+00
    4.28479e+00     1.97955e+00
    4.30954e+00     1.95090e+00
    4.33443e+00     1.92266e+00
    4.35946e+00     1.89483e+00
    4.38464e+00     1.86738e+00
    4.40997e+00     1.84033e+00
    4.43544e+00     1.81367e+00
    4.46105e+00     1.78738e+00
    4.48682e+00     1.76147e+00
    4.51273e+00     1.73592e+00
    4.53879e+00     1.71074e+00
    4.56501e+00     1.68592e+00
    4.59137e+00     1.66146e+00
    4.61789e+00     1.63734e+00
    4.64456e+00     1.61357e+00
    4.67138e+00     1.59013e+00
    4.69836e+00     1.56703e+00
    4.72550e+00     1.54426e+00
    4.75279e+00     1.52182e+00
    4.78024e+00     1.49970e+00
    4.80785e+00     1.47789e+00
    4.83562e+00     1.45639e+00
    4.86354e+00     1.43520e+00
    4.89163e+00     1.41432e+00
    4.91989e+00     1.39373e+00
    4.94830e+00     1.37344e+00
    4.97688e+00     1.35344e+00
    5.00562e+00     1.33373e+00
    5.03453e+00     1.31429e+00
    5.06361e+00     1.29514e+00
    5.09285e+00     1.27626e+00
    5.12227e+00     1.25765e+00
    5.15185e+00     1.23931e+00
    5.18161e+00     1.22124e+00
    5.21153e+00     1.20342e+00
    5.24163e+00     1.18585e+00
    5.27190e+00     1.16854e+00
    5.30235e+00     1.15148e+00
    5.33298e+00     1.13466e+00
    5.36378e+00     1.11809e+00
    5.39475e+00     1.10175e+00
    5.42591e+00     1.08565e+00
    5.45725e+00     1.06978e+00
    5.48877e+00     1.05414e+00
    5.52047e+00     1.03872e+00
    5.55235e+00     1.02353e+00
    5.58442e+00     1.00855e+00
    5.61667e+00     9.93790e-01
    5.64911e+00     9.79242e-01
    5.68174e+00     9.64904e-01
    5.71455e+00     9.50773e-01
    5.74755e+00     9.36845e-01
    5.78075e+00     9.23119e-01
    5.81414e+00     9.09590e-01
    5.84772e+00     8.96256e-01
    5.88149e+00     8.83115e-01
    5.91546e+00     8.70164e-01
    5.94962e+00     8.57400e-01
    5.98398e+00     8.44820e-01
    6.01854e+00     8.32422e-01
    6.05330e+00     8.20203e-01
    6.08826e+00     8.08161e-01
    6.12343e+00     7.96293e-01
    6.15879e+00     7.84597e-01
    6.19436e+00     7.73070e-01
    6.23014e+00     7.61710e-01
    6.26612e+00     7.50514e-01
    6.30231e+00     7.39480e-01
    6.33871e+00     7.28607e-01
    6.37532e+00     7.17890e-01
    6.41214e+00     7.07329e-01
    6.44917e+00     6.96922e-01
    6.48642e+00     6.86665e-01
    6.52388e+00     6.76556e-01
    6.56156e+00     6.66595e-01
    6.59946e+00     6.56778e-01
    6.63757e+00     6.47103e-01
    6.67591e+00     6.37569e-01
    6.71446e+00     6.28174e-01
    6.75324e+00     6.18915e-01
    6.79224e+00     6.09790e-01
    6.83147e+00     6.00798e-01
    6.87093e+00     5.91937e-01
    6.91061e+00     5.83204e-01
    6.95052e+00     5.74599e-01
    6.99067e+00     5.66119e-01
    7.03104e+00     5.57762e-01
    7.07165e+00     5.49527e-01
    7.11249e+00     5.41411e-01
    7.15357e+00     5.33414e-01
    7.19488e+00     5.25533e-01
    7.23644e+00     5.17768e-01
    7.27823e+00     5.10115e-01
    7.32027e+00     5.02574e-01
    7.36254e+00     4.95143e-01
    7.40507e+00     4.87820e-01
    7.44783e+00     4.80604e-01
    7.49085e+00     4.73493e-01
    7.53411e+00     4.66486e-01
    7.57763e+00     4.59581e-01
    7.62139e+00     4.52777e-01
    7.66541e+00     4.46073e-01
    7.70968e+00     4.39466e-01
    7.75421e+00     4.32956e-01
    7.79899e+00     4.26541e-01
    7.84403e+00     4.20220e-01
    7.88934e+00     4.13991e-01
    7.93490e+00     4.07854e-01
    7.98073e+00     4.01806e-01
    8.02682e+00     3.95846e-01
    8.07318e+00     3.89974e-01
    8.11981e+00     3.84188e-01
    8.16670e+00     3.78487e-01
    8.21387e+00     3.72869e-01
    8.26131e+00     3.67333e-01
    8.30902e+00     3.61878e-01
    8.35701e+00     3.56504e-01
    8.40527e+00     3.51208e-01
    8.45382e+00     3.45990e-01
    8.50264e+00     3.40848e-01
    8.55175e+00     3.35782e-01
    8.60114e+00     3.30790e-01
    8.65082e+00     3.25871e-01
    8.70078e+00     3.21025e-01
    8.75103e+00     3.16249e-01
    8.80157e+00     3.11544e-01
    8.85241e+00     3.06908e-01
    8.90353e+00     3.02340e-01
    8.95495e+00     2.97839e-01
    9.00667e+00     2.93405e-01
    9.05869e+00     2.89035e-01
    9.11101e+00     2.84730e-01
    9.16363e+00     2.80488e-01
    9.21655e+00     2.76308e-01
    9.26978e+00     2.72190e-01
    9.32332e+00     2.68133e-01
    9.37717e+00     2.64135e-01
    9.43133e+00     2.60196e-01
    9.48580e+00     2.56316e-01
    9.54058e+00     2.52492e-01
    9.59568e+00     2.48725e-01
    9.65110e+00     2.45013e-01
    9.70684e+00     2.41356e-01
    9.76290e+00     2.37753e-01
    9.81929e+00     2.34203e-01
    9.87600e+00     2.30705e-01
    9.93304e+00     2.27259e-01
    9.99041e+00     2.23864e-01
    1.00481e+01     2.20519e-01
    1.01061e+01     2.17223e-01
    1.01645e+01     2.13976e-01
    1.02232e+01     2.10777e-01
    1.02823e+01     2.07625e-01
    1.03416e+01     2.04519e-01
    1.04014e+01     2.01460e-01
    1.04614e+01     1.98446e-01
    1.05219e+01     1.95476e-01
    1.05826e+01     1.92551e-01
    1.06437e+01     1.89668e-01
    1.07052e+01     1.86828e-01
    1.07670e+01     1.84031e-01
    1.08292e+01     1.81274e-01
    1.08918e+01     1.78559e-01
    1.09547e+01     1.75883e-01
    1.10180e+01     1.73248e-01
    1.10816e+01     1.70651e-01
    1.11456e+01     1.68093e-01
    1.12100e+01     1.65572e-01
    1.12747e+01     1.63089e-01
    1.13398e+01     1.60643e-01
    1.14053e+01     1.58233e-01
    1.14712e+01     1.55859e-01
    1.15374e+01     1.53520e-01
    1.16041e+01     1.51216e-01
    1.16711e+01     1.48946e-01
    1.17385e+01     1.46709e-01
    1.18063e+01     1.44506e-01
    1.18745e+01     1.42336e-01
    1.19431e+01     1.40197e-01
    1.20120e+01     1.38091e-01
    1.20814e+01     1.36016e-01
    1.21512e+01     1.33971e-01
    1.22214e+01     1.31957e-01
    1.22919e+01     1.29973e-01
    1.23629e+01     1.28019e-01
    1.24343e+01     1.26093e-01
    1.25062e+01     1.24196e-01
    1.25784e+01     1.22328e-01
    1.26510e+01     1.20487e-01
    1.27241e+01     1.18674e-01
    1.27976e+01     1.16887e-01
    1.28715e+01     1.15127e-01
    1.29458e+01     1.13394e-01
    1.30206e+01     1.11686e-01
    1.30958e+01     1.10003e-01
    1.31714e+01     1.08346e-01
    1.32475e+01     1.06714e-01
    1.33240e+01     1.05105e-01
    1.34010e+01     1.03521e-01
    1.34784e+01     1.01960e-01
    1.35562e+01     1.00423e-01
    1.36345e+01     9.89083e-02
    1.37133e+01     9.74164e-02
    1.37925e+01     9.59468e-02
    1.38721e+01     9.44991e-02
    1.39522e+01     9.30730e-02
    1.40328e+01     9.16682e-02
    1.41139e+01     9.02844e-02
    1.41954e+01     8.89213e-02
    1.42774e+01     8.75785e-02
    1.43598e+01     8.62558e-02
    1.44427e+01     8.49528e-02
    1.45262e+01     8.36693e-02
    1.46101e+01     8.24050e-02
    1.46944e+01     8.11596e-02
    1.47793e+01     7.99328e-02
    1.48647e+01     7.87244e-02
    1.49505e+01     7.75340e-02
    1.50369e+01     7.63615e-02
    1.51237e+01     7.52065e-02
    1.52111e+01     7.40688e-02
    1.52989e+01     7.29481e-02
    1.53873e+01     7.18442e-02
    1.54761e+01     7.07569e-02
    1.55655e+01     6.96858e-02
    1.56554e+01     6.86308e-02
    1.57458e+01     6.75915e-02
    1.58368e+01     6.65679e-02
    1.59282e+01     6.55596e-02
    1.60202e+01     6.45664e-02
    1.61127e+01     6.35881e-02
    1.62058e+01     6.26245e-02
    1.62994e+01     6.16753e-02
    1.63935e+01     6.07404e-02
    1.64882e+01     5.98195e-02
    1.65834e+01     5.89124e-02
    1.66792e+01     5.80189e-02
    1.67756e+01     5.71389e-02
    1.68724e+01     5.62720e-02
    1.69699e+01     5.54182e-02
    1.70679e+01     5.45772e-02
    1.71665e+01     5.37488e-02
    1.72656e+01     5.29329e-02
    1.73653e+01     5.21293e-02
    1.74656e+01     5.13377e-02
    1.75665e+01     5.05580e-02
    1.76680e+01     4.97900e-02
    1.77700e+01     4.90336e-02
    1.78726e+01     4.82886e-02
    1.79759e+01     4.75548e-02
    1.80797e+01     4.68320e-02
    1.81841e+01     4.61201e-02
    1.82891e+01     4.54189e-02
    1.83947e+01     4.47283e-02
    1.85010e+01     4.40481e-02
    1.86078e+01     4.33781e-02
    1.87153e+01     4.27182e-02
    1.88234e+01     4.20682e-02
    1.89321e+01     4.14281e-02
    1.90414e+01     4.07976e-02
    1.91514e+01     4.01765e-02
    1.92620e+01     3.95649e-02
    1.93733e+01     3.89625e-02
    1.94852e+01     3.83691e-02
    1.95977e+01     3.77847e-02
    1.97109e+01     3.72091e-02
    1.98247e+01     3.66422e-02
    1.99392e+01     3.60839e-02
    2.00544e+01     3.55340e-02
    2.01702e+01     3.49924e-02
    2.02867e+01     3.44589e-02
    2.04039e+01     3.39335e-02
    2.05217e+01     3.34161e-02
    2.06402e+01     3.29064e-02
    2.07594e+01     3.24045e-02
    2.08793e+01     3.19102e-02
    2.09999e+01     3.14233e-02
    2.11212e+01     3.09438e-02
    2.12432e+01     3.04715e-02
    2.13659e+01     3.00063e-02
    2.14893e+01     2.95482e-02
    2.16134e+01     2.90971e-02
    2.17382e+01     2.86527e-02
    2.18638e+01     2.82151e-02
    2.19900e+01     2.77841e-02
    2.21170e+01     2.73596e-02
    2.22448e+01     2.69415e-02
    2.23732e+01     2.65298e-02
    2.25025e+01     2.61243e-02
    2.26324e+01     2.57250e-02
    2.27631e+01     2.53317e-02
    2.28946e+01     2.49443e-02
    2.30268e+01     2.45628e-02
    2.31598e+01     2.41871e-02
    2.32936e+01     2.38171e-02
    2.34281e+01     2.34527e-02
    2.35634e+01     2.30938e-02
    2.36995e+01     2.27404e-02
    2.38364e+01     2.23923e-02
    2.39741e+01     2.20495e-02
    2.41125e+01     2.17119e-02
    2.42518e+01     2.13794e-02
    2.43918e+01     2.10520e-02
    2.45327e+01     2.07295e-02
    2.46744e+01     2.04120e-02
    2.48169e+01     2.00992e-02
    2.49602e+01     1.97912e-02
    2.51044e+01     1.94879e-02
    2.52494e+01     1.91892e-02
    2.53952e+01     1.88950e-02
    2.55419e+01     1.86053e-02
    2.56894e+01     1.83200e-02
    2.58378e+01     1.80390e-02
    2.59870e+01     1.77623e-02
    2.61371e+01     1.74898e-02
    2.62880e+01     1.72214e-02
    2.64399e+01     1.69571e-02
    2.65926e+01     1.66969e-02
    2.67462e+01     1.64406e-02
    2.69006e+01     1.61882e-02
    2.70560e+01     1.59396e-02
    2.72123e+01     1.56948e-02
    2.73694e+01     1.54538e-02
    2.75275e+01     1.52164e-02
    2.76865e+01     1.49826e-02
    2.78464e+01     1.47524e-02
    2.80072e+01     1.45257e-02
    2.81690e+01     1.43024e-02
    2.83316e+01     1.40826e-02
    2.84953e+01     1.38661e-02
    2.86598e+01     1.36529e-02
    2.88254e+01     1.34429e-02
    2.89919e+01     1.32362e-02
    2.91593e+01     1.30325e-02
    2.93277e+01     1.28320e-02
    2.94971e+01     1.26346e-02
    2.96674e+01     1.24402e-02
    2.98388e+01     1.22487e-02
    3.00111e+01     1.20601e-02
    3.01844e+01     1.18745e-02
    3.03588e+01     1.16916e-02
    3.05341e+01     1.15116e-02
    3.07105e+01     1.13343e-02
    3.08878e+01     1.11597e-02
    3.10662e+01     1.09877e-02
    3.12456e+01     1.08184e-02
    3.14261e+01     1.06517e-02
    3.16076e+01     1.04875e-02
    3.17902e+01     1.03259e-02
    3.19738e+01     1.01667e-02
    3.21584e+01     1.00099e-02
    3.23442e+01     9.85556e-03
    3.25310e+01     9.70355e-03
    3.27188e+01     9.55386e-03
    3.29078e+01     9.40647e-03
    3.30979e+01     9.26133e-03
    3.32890e+01     9.11841e-03
    3.34813e+01     8.97767e-03
    3.36746e+01     8.83909e-03
    3.38691e+01     8.70262e-03
    3.40647e+01     8.56825e-03
    3.42615e+01     8.43593e-03
    3.44594e+01     8.30564e-03
    3.46584e+01     8.17734e-03
    3.48585e+01     8.05100e-03
    3.50599e+01     7.92660e-03
    3.52624e+01     7.80411e-03
    3.54660e+01     7.68349e-03
    3.56709e+01     7.56472e-03
    3.58769e+01     7.44776e-03
    3.60841e+01     7.33260e-03
    3.62925e+01     7.21921e-03
    3.65021e+01     7.10755e-03
    3.67129e+01     6.99761e-03
    3.69249e+01     6.88934e-03
    3.71382e+01     6.78274e-03
    3.73527e+01     6.67778e-03
    3.75684e+01     6.57442e-03
    3.77854e+01     6.47265e-03
    3.80036e+01     6.37244e-03
    3.82231e+01     6.27377e-03
    3.84439e+01     6.17661e-03
    3.86659e+01     6.08094e-03
    3.88892e+01     5.98674e-03
    3.91138e+01     5.89399e-03
    3.93397e+01     5.80266e-03
    3.95669e+01     5.71274e-03
    3.97954e+01     5.62419e-03
    4.00253e+01     5.53700e-03
    4.02564e+01     5.45116e-03
    4.04889e+01     5.36663e-03
    4.07228e+01     5.28340e-03
    4.09580e+01     5.20145e-03
    4.11945e+01     5.12076e-03
    4.14324e+01     5.04131e-03
    4.16717e+01     4.96308e-03
    4.19124e+01     4.88606e-03
    4.21545e+01     4.81022e-03
    4.23979e+01     4.73554e-03
    4.26428e+01     4.66202e-03
    4.28891e+01     4.58962e-03
    4.31368e+01     4.51834e-03
    4.33859e+01     4.44816e-03
    4.36365e+01     4.37905e-03
    4.38885e+01     4.31101e-03
    4.41420e+01     4.24402e-03
    4.43969e+01     4.17806e-03
    4.46534e+01     4.11311e-03
    4.49113e+01     4.04917e-03
    4.51706e+01     3.98621e-03
    4.54315e+01     3.92422e-03
    4.56939e+01     3.86318e-03
    4.59578e+01     3.80308e-03
    4.62232e+01     3.74391e-03
    4.64902e+01     3.68566e-03
    4.67587e+01     3.62830e-03
    4.70288e+01     3.57182e-03
    4.73004e+01     3.51622e-03
    4.75736e+01     3.46147e-03
    4.78483e+01     3.40757e-03
    4.81247e+01     3.35449e-03
    4.84026e+01     3.30224e-03
    4.86821e+01     3.25079e-03
    4.89633e+01     3.20014e-03
    4.92461e+01     3.15027e-03
    4.95305e+01     3.10117e-03
    4.98166e+01     3.05282e-03
    5.01043e+01     3.00523e-03
    5.03937e+01     2.95836e-03
    5.06847e+01     2.91223e-03
    5.09774e+01     2.86680e-03
    5.12719e+01     2.82208e-03
    5.15680e+01     2.77804e-03
    5.18658e+01     2.73469e-03
    5.21654e+01     2.69201e-03
    5.24666e+01     2.64998e-03
    5.27697e+01     2.60861e-03
    5.30744e+01     2.56788e-03
    5.33810e+01     2.52777e-03
    5.36893e+01     2.48829e-03
    5.39993e+01     2.44941e-03
    5.43112e+01     2.41114e-03
    5.46249e+01     2.37346e-03
    5.49404e+01     2.33636e-03
    5.52577e+01     2.29984e-03
    5.55768e+01     2.26388e-03
    5.58978e+01     2.22848e-03
    5.62206e+01     2.19363e-03
    5.65453e+01     2.15931e-03
    5.68719e+01     2.12553e-03
    5.72004e+01     2.09227e-03
    5.75307e+01     2.05953e-03
    5.78630e+01     2.02729e-03
    5.81972e+01     1.99555e-03
    5.85333e+01     1.96430e-03
    5.88714e+01     1.93354e-03
    5.92114e+01     1.90326e-03
    5.95534e+01     1.87344e-03
    5.98973e+01     1.84409e-03
    6.02432e+01     1.81519e-03
    6.05912e+01     1.78674e-03
    6.09411e+01     1.75873e-03
    6.12931e+01     1.73115e-03
    6.16471e+01     1.70400e-03
    6.20031e+01     1.67728e-03
    6.23612e+01     1.65097e-03
    6.27214e+01     1.62506e-03
    6.30836e+01     1.59956e-03
    6.34480e+01     1.57446e-03
    6.38144e+01     1.54974e-03
    6.41830e+01     1.52541e-03
    6.45536e+01     1.50145e-03
    6.49265e+01     1.47787e-03
    6.53015e+01     1.45466e-03
    6.56786e+01     1.43180e-03
    6.60579e+01     1.40930e-03
    6.64394e+01     1.38715e-03
    6.68232e+01     1.36534e-03
    6.72091e+01     1.34388e-03
    6.75973e+01     1.32274e-03
    6.79877e+01     1.30194e-03
    6.83803e+01     1.28146e-03
    6.87753e+01     1.26129e-03
    6.91725e+01     1.24144e-03
    6.95720e+01     1.22190e-03
    6.99738e+01     1.20267e-03
    7.03779e+01     1.18373e-03
    7.07844e+01     1.16509e-03
    7.11932e+01     1.14673e-03
    7.16044e+01     1.12867e-03
    7.20179e+01     1.11088e-03
    7.24339e+01     1.09337e-03
    7.28522e+01     1.07614e-03
    7.32730e+01     1.05917e-03
    7.36961e+01     1.04247e-03
    7.41218e+01     1.02602e-03
    7.45499e+01     1.00984e-03
    7.49804e+01     9.93901e-04
    7.54135e+01     9.78215e-04
    7.58490e+01     9.62773e-04
    7.62871e+01     9.47571e-04
    7.67277e+01     9.32607e-04
    7.71708e+01     9.17876e-04
    7.76165e+01     9.03375e-04
    7.80648e+01     8.89100e-04
    7.85157e+01     8.75047e-04
    7.89691e+01     8.61214e-04
    7.94252e+01     8.47597e-04
    7.98839e+01     8.34192e-04
    8.03453e+01     8.20997e-04
    8.08093e+01     8.08007e-04
    8.12760e+01     7.95220e-04
    8.17454e+01     7.82633e-04
    8.22176e+01     7.70243e-04
    8.26924e+01     7.58046e-04
    8.31700e+01     7.46039e-04
    8.36503e+01     7.34221e-04
    8.41335e+01     7.22587e-04
    8.46194e+01     7.11134e-04
    8.51081e+01     6.99861e-04
    8.55996e+01     6.88764e-04
    8.60940e+01     6.77841e-04
    8.65912e+01     6.67088e-04
    8.70913e+01     6.56504e-04
    8.75943e+01     6.46085e-04
    8.81002e+01     6.35829e-04
    8.86091e+01     6.25733e-04
    8.91208e+01     6.15795e-04
    8.96355e+01     6.06013e-04
    9.01532e+01     5.96384e-04
    9.06739e+01     5.86906e-04
    9.11976e+01     5.77576e-04
    9.17243e+01     5.68393e-04
    9.22540e+01     5.59353e-04
    9.27869e+01     5.50454e-04
    9.33227e+01     5.41695e-04
    9.38617e+01     5.33074e-04
    9.44038e+01     5.24587e-04
    9.49490e+01     5.16233e-04
    9.54974e+01     5.08011e-04
    9.60490e+01     4.99917e-04
    9.66037e+01     4.91950e-04
    9.71616e+01     4.84108e-04
    9.77228e+01     4.76389e-04
    9.82872e+01     4.68791e-04
    9.88548e+01     4.61313e-04
    9.94258e+01     4.53951e-04
    1.00000e+02     4.46706e-04
