# The (real space) HaloFit power spectrum from CLASS.
#      k[h/Mpc]            P(k)
    1.00000e-04     4.32183e+02
    1.00578e-04     4.34594e+02
    1.01158e-04     4.37019e+02
    1.01743e-04     4.39457e+02
    1.02330e-04     4.41909e+02
    1.02921e-04     4.44374e+02
    1.03516e-04     4.46853e+02
    1.04114e-04     4.49346e+02
    1.04715e-04     4.51852e+02
    1.05320e-04     4.54373e+02
    1.05928e-04     4.56908e+02
    1.06540e-04     4.59457e+02
    1.07155e-04     4.62020e+02
    1.07774e-04     4.64597e+02
    1.08396e-04     4.67189e+02
    1.09022e-04     4.69795e+02
    1.09652e-04     4.72415e+02
    1.10285e-04     4.75051e+02
    1.10922e-04     4.77701e+02
    1.11563e-04     4.80365e+02
    1.12207e-04     4.83045e+02
    1.12855e-04     4.85739e+02
    1.13507e-04     4.88449e+02
    1.14163e-04     4.91173e+02
    1.14822e-04     4.93913e+02
    1.15485e-04     4.96668e+02
    1.16152e-04     4.99439e+02
    1.16823e-04     5.02224e+02
    1.17498e-04     5.05026e+02
    1.18176e-04     5.07843e+02
    1.18859e-04     5.10675e+02
    1.19545e-04     5.13524e+02
    1.20236e-04     5.16388e+02
    1.20930e-04     5.19268e+02
    1.21629e-04     5.22164e+02
    1.22331e-04     5.25077e+02
    1.23038e-04     5.28005e+02
    1.23748e-04     5.30950e+02
    1.24463e-04     5.33912e+02
    1.25182e-04     5.36889e+02
    1.25905e-04     5.39884e+02
    1.26632e-04     5.42895e+02
    1.27363e-04     5.45923e+02
    1.28099e-04     5.48967e+02
    1.28839e-04     5.52029e+02
    1.29583e-04     5.55108e+02
    1.30331e-04     5.58203e+02
    1.31084e-04     5.61317e+02
    1.31841e-04     5.64447e+02
    1.32602e-04     5.67595e+02
    1.33368e-04     5.70760e+02
    1.34138e-04     5.73943e+02
    1.34913e-04     5.77144e+02
    1.35692e-04     5.80362e+02
    1.36476e-04     5.83599e+02
    1.37264e-04     5.86853e+02
    1.38057e-04     5.90126e+02
    1.38854e-04     5.93417e+02
    1.39656e-04     5.96726e+02
    1.40463e-04     6.00053e+02
    1.41274e-04     6.03399e+02
    1.42090e-04     6.06764e+02
    1.42911e-04     6.10147e+02
    1.43736e-04     6.13549e+02
    1.44566e-04     6.16971e+02
    1.45401e-04     6.20411e+02
    1.46241e-04     6.23870e+02
    1.47085e-04     6.27349e+02
    1.47935e-04     6.30847e+02
    1.48789e-04     6.34364e+02
    1.49649e-04     6.37901e+02
    1.50513e-04     6.41457e+02
    1.51382e-04     6.45034e+02
    1.52257e-04     6.48630e+02
    1.53136e-04     6.52247e+02
    1.54020e-04     6.55883e+02
    1.54910e-04     6.59540e+02
    1.55805e-04     6.63217e+02
    1.56704e-04     6.66914e+02
    1.57609e-04     6.70632e+02
    1.58520e-04     6.74371e+02
    1.59435e-04     6.78130e+02
    1.60356e-04     6.81911e+02
    1.61282e-04     6.85712e+02
    1.62214e-04     6.89535e+02
    1.63151e-04     6.93378e+02
    1.64093e-04     6.97244e+02
    1.65041e-04     7.01130e+02
    1.65994e-04     7.05039e+02
    1.66952e-04     7.08969e+02
    1.67917e-04     7.12920e+02
    1.68886e-04     7.16894e+02
    1.69862e-04     7.20890e+02
    1.70843e-04     7.24908e+02
    1.71830e-04     7.28949e+02
    1.72822e-04     7.33012e+02
    1.73820e-04     7.37097e+02
    1.74824e-04     7.41205e+02
    1.75834e-04     7.45336e+02
    1.76849e-04     7.49490e+02
    1.77871e-04     7.53667e+02
    1.78898e-04     7.57868e+02
    1.79931e-04     7.62091e+02
    1.80970e-04     7.66338e+02
    1.82016e-04     7.70609e+02
    1.83067e-04     7.74904e+02
    1.84124e-04     7.79222e+02
    1.85187e-04     7.83564e+02
    1.86257e-04     7.87930e+02
    1.87333e-04     7.92321e+02
    1.88415e-04     7.96736e+02
    1.89503e-04     8.01175e+02
    1.90597e-04     8.05640e+02
    1.91698e-04     8.10129e+02
    1.92805e-04     8.14642e+02
    1.93919e-04     8.19181e+02
    1.95039e-04     8.23745e+02
    1.96165e-04     8.28335e+02
    1.97298e-04     8.32950e+02
    1.98438e-04     8.37590e+02
    1.99584e-04     8.42257e+02
    2.00736e-04     8.46949e+02
    2.01896e-04     8.51667e+02
    2.03062e-04     8.56412e+02
    2.04235e-04     8.61182e+02
    2.05414e-04     8.65980e+02
    2.06600e-04     8.70803e+02
    2.07794e-04     8.75654e+02
    2.08994e-04     8.80532e+02
    2.10201e-04     8.85436e+02
    2.11415e-04     8.90368e+02
    2.12636e-04     8.95327e+02
    2.13864e-04     9.00314e+02
    2.15099e-04     9.05328e+02
    2.16341e-04     9.10370e+02
    2.17591e-04     9.15440e+02
    2.18848e-04     9.20538e+02
    2.20112e-04     9.25665e+02
    2.21383e-04     9.30820e+02
    2.22661e-04     9.36003e+02
    2.23947e-04     9.41215e+02
    2.25241e-04     9.46456e+02
    2.26542e-04     9.51726e+02
    2.27850e-04     9.57025e+02
    2.29166e-04     9.62354e+02
    2.30489e-04     9.67712e+02
    2.31821e-04     9.73100e+02
    2.33160e-04     9.78518e+02
    2.34506e-04     9.83965e+02
    2.35861e-04     9.89443e+02
    2.37223e-04     9.94952e+02
    2.38593e-04     1.00049e+03
    2.39971e-04     1.00606e+03
    2.41357e-04     1.01166e+03
    2.42751e-04     1.01729e+03
    2.44153e-04     1.02295e+03
    2.45563e-04     1.02865e+03
    2.46981e-04     1.03437e+03
    2.48407e-04     1.04013e+03
    2.49842e-04     1.04592e+03
    2.51285e-04     1.05174e+03
    2.52736e-04     1.05759e+03
    2.54196e-04     1.06348e+03
    2.55664e-04     1.06940e+03
    2.57141e-04     1.07535e+03
    2.58626e-04     1.08133e+03
    2.60120e-04     1.08735e+03
    2.61622e-04     1.09340e+03
    2.63133e-04     1.09948e+03
    2.64653e-04     1.10560e+03
    2.66181e-04     1.11175e+03
    2.67718e-04     1.11793e+03
    2.69265e-04     1.12415e+03
    2.70820e-04     1.13040e+03
    2.72384e-04     1.13669e+03
    2.73957e-04     1.14301e+03
    2.75539e-04     1.14937e+03
    2.77131e-04     1.15577e+03
    2.78731e-04     1.16219e+03
    2.80341e-04     1.16866e+03
    2.81960e-04     1.17516e+03
    2.83589e-04     1.18169e+03
    2.85226e-04     1.18826e+03
    2.86874e-04     1.19487e+03
    2.88531e-04     1.20151e+03
    2.90197e-04     1.20819e+03
    2.91873e-04     1.21491e+03
    2.93559e-04     1.22167e+03
    2.95254e-04     1.22846e+03
    2.96959e-04     1.23529e+03
    2.98674e-04     1.24215e+03
    3.00399e-04     1.24906e+03
    3.02134e-04     1.25600e+03
    3.03879e-04     1.26298e+03
    3.05634e-04     1.27000e+03
    3.07400e-04     1.27706e+03
    3.09175e-04     1.28416e+03
    3.10961e-04     1.29129e+03
    3.12756e-04     1.29847e+03
    3.14563e-04     1.30568e+03
    3.16380e-04     1.31294e+03
    3.18207e-04     1.32023e+03
    3.20045e-04     1.32757e+03
    3.21893e-04     1.33494e+03
    3.23752e-04     1.34236e+03
    3.25622e-04     1.34981e+03
    3.27503e-04     1.35731e+03
    3.29394e-04     1.36485e+03
    3.31296e-04     1.37243e+03
    3.33210e-04     1.38005e+03
    3.35134e-04     1.38772e+03
    3.37070e-04     1.39542e+03
    3.39017e-04     1.40317e+03
    3.40975e-04     1.41096e+03
    3.42944e-04     1.41880e+03
    3.44925e-04     1.42667e+03
    3.46917e-04     1.43459e+03
    3.48920e-04     1.44256e+03
    3.50935e-04     1.45056e+03
    3.52962e-04     1.45861e+03
    3.55001e-04     1.46671e+03
    3.57051e-04     1.47485e+03
    3.59113e-04     1.48303e+03
    3.61187e-04     1.49126e+03
    3.63273e-04     1.49954e+03
    3.65371e-04     1.50786e+03
    3.67482e-04     1.51622e+03
    3.69604e-04     1.52464e+03
    3.71739e-04     1.53309e+03
    3.73886e-04     1.54160e+03
    3.76045e-04     1.55015e+03
    3.78217e-04     1.55875e+03
    3.80401e-04     1.56739e+03
    3.82598e-04     1.57608e+03
    3.84808e-04     1.58482e+03
    3.87030e-04     1.59361e+03
    3.89266e-04     1.60244e+03
    3.91514e-04     1.61133e+03
    3.93775e-04     1.62026e+03
    3.96049e-04     1.62924e+03
    3.98337e-04     1.63827e+03
    4.00637e-04     1.64735e+03
    4.02951e-04     1.65648e+03
    4.05278e-04     1.66566e+03
    4.07619e-04     1.67489e+03
    4.09973e-04     1.68417e+03
    4.12341e-04     1.69350e+03
    4.14722e-04     1.70288e+03
    4.17118e-04     1.71231e+03
    4.19527e-04     1.72179e+03
    4.21950e-04     1.73133e+03
    4.24387e-04     1.74092e+03
    4.26838e-04     1.75056e+03
    4.29303e-04     1.76025e+03
    4.31782e-04     1.77000e+03
    4.34276e-04     1.77979e+03
    4.36784e-04     1.78965e+03
    4.39307e-04     1.79955e+03
    4.41844e-04     1.80951e+03
    4.44396e-04     1.81953e+03
    4.46962e-04     1.82959e+03
    4.49544e-04     1.83972e+03
    4.52140e-04     1.84989e+03
    4.54751e-04     1.86013e+03
    4.57378e-04     1.87042e+03
    4.60019e-04     1.88076e+03
    4.62676e-04     1.89116e+03
    4.65348e-04     1.90162e+03
    4.68036e-04     1.91214e+03
    4.70739e-04     1.92271e+03
    4.73458e-04     1.93334e+03
    4.76192e-04     1.94402e+03
    4.78943e-04     1.95477e+03
    4.81709e-04     1.96557e+03
    4.84491e-04     1.97643e+03
    4.87289e-04     1.98735e+03
    4.90103e-04     1.99833e+03
    4.92934e-04     2.00937e+03
    4.95781e-04     2.02047e+03
    4.98644e-04     2.03163e+03
    5.01524e-04     2.04285e+03
    5.04421e-04     2.05413e+03
    5.07334e-04     2.06547e+03
    5.10264e-04     2.07687e+03
    5.13211e-04     2.08834e+03
    5.16175e-04     2.09986e+03
    5.19156e-04     2.11145e+03
    5.22155e-04     2.12310e+03
    5.25170e-04     2.13481e+03
    5.28203e-04     2.14659e+03
    5.31254e-04     2.15843e+03
    5.34322e-04     2.17034e+03
    5.37408e-04     2.18230e+03
    5.40512e-04     2.19434e+03
    5.43634e-04     2.20644e+03
    5.46773e-04     2.21860e+03
    5.49931e-04     2.23083e+03
    5.53107e-04     2.24312e+03
    5.56302e-04     2.25548e+03
    5.59515e-04     2.26791e+03
    5.62746e-04     2.28040e+03
    5.65996e-04     2.29296e+03
    5.69265e-04     2.30559e+03
    5.72553e-04     2.31829e+03
    5.75860e-04     2.33105e+03
    5.79186e-04     2.34389e+03
    5.82531e-04     2.35679e+03
    5.85895e-04     2.36976e+03
    5.89279e-04     2.38280e+03
    5.92682e-04     2.39591e+03
    5.96105e-04     2.40909e+03
    5.99548e-04     2.42234e+03
    6.03011e-04     2.43567e+03
    6.06494e-04     2.44906e+03
    6.09996e-04     2.46252e+03
    6.13519e-04     2.47606e+03
    6.17063e-04     2.48967e+03
    6.20627e-04     2.50335e+03
    6.24211e-04     2.51711e+03
    6.27816e-04     2.53094e+03
    6.31442e-04     2.54484e+03
    6.35089e-04     2.55882e+03
    6.38757e-04     2.57287e+03
    6.42446e-04     2.58699e+03
    6.46156e-04     2.60119e+03
    6.49888e-04     2.61547e+03
    6.53642e-04     2.62982e+03
    6.57417e-04     2.64425e+03
    6.61214e-04     2.65876e+03
    6.65032e-04     2.67334e+03
    6.68873e-04     2.68800e+03
    6.72736e-04     2.70274e+03
    6.76622e-04     2.71756e+03
    6.80530e-04     2.73245e+03
    6.84460e-04     2.74743e+03
    6.88413e-04     2.76248e+03
    6.92389e-04     2.77762e+03
    6.96388e-04     2.79283e+03
    7.00410e-04     2.80812e+03
    7.04455e-04     2.82350e+03
    7.08524e-04     2.83896e+03
    7.12616e-04     2.85449e+03
    7.16731e-04     2.87011e+03
    7.20871e-04     2.88582e+03
    7.25034e-04     2.90160e+03
    7.29222e-04     2.91747e+03
    7.33433e-04     2.93342e+03
    7.37669e-04     2.94946e+03
    7.41930e-04     2.96558e+03
    7.46215e-04     2.98179e+03
    7.50524e-04     2.99808e+03
    7.54859e-04     3.01445e+03
    7.59219e-04     3.03092e+03
    7.63603e-04     3.04747e+03
    7.68014e-04     3.06410e+03
    7.72449e-04     3.08082e+03
    7.76910e-04     3.09764e+03
    7.81398e-04     3.11453e+03
    7.85910e-04     3.13152e+03
    7.90449e-04     3.14860e+03
    7.95015e-04     3.16576e+03
    7.99606e-04     3.18302e+03
    8.04224e-04     3.20037e+03
    8.08869e-04     3.21780e+03
    8.13541e-04     3.23533e+03
    8.18239e-04     3.25295e+03
    8.22965e-04     3.27066e+03
    8.27718e-04     3.28846e+03
    8.32499e-04     3.30636e+03
    8.37307e-04     3.32435e+03
    8.42142e-04     3.34243e+03
    8.47006e-04     3.36061e+03
    8.51898e-04     3.37888e+03
    8.56818e-04     3.39724e+03
    8.61767e-04     3.41570e+03
    8.66744e-04     3.43426e+03
    8.71750e-04     3.45291e+03
    8.76785e-04     3.47166e+03
    8.81848e-04     3.49051e+03
    8.86941e-04     3.50945e+03
    8.92064e-04     3.52850e+03
    8.97216e-04     3.54764e+03
    9.02398e-04     3.56687e+03
    9.07610e-04     3.58621e+03
    9.12852e-04     3.60565e+03
    9.18124e-04     3.62519e+03
    9.23426e-04     3.64483e+03
    9.28760e-04     3.66457e+03
    9.34124e-04     3.68441e+03
    9.39519e-04     3.70435e+03
    9.44945e-04     3.72439e+03
    9.50402e-04     3.74454e+03
    9.55891e-04     3.76479e+03
    9.61412e-04     3.78515e+03
    9.66965e-04     3.80560e+03
    9.72549e-04     3.82617e+03
    9.78166e-04     3.84684e+03
    9.83816e-04     3.86761e+03
    9.89498e-04     3.88849e+03
    9.95212e-04     3.90947e+03
    1.00096e-03     3.93057e+03
    1.00674e-03     3.95177e+03
    1.01256e-03     3.97307e+03
    1.01840e-03     3.99449e+03
    1.02429e-03     4.01602e+03
    1.03020e-03     4.03765e+03
    1.03615e-03     4.05939e+03
    1.04214e-03     4.08125e+03
    1.04815e-03     4.10321e+03
    1.05421e-03     4.12529e+03
    1.06030e-03     4.14747e+03
    1.06642e-03     4.16977e+03
    1.07258e-03     4.19218e+03
    1.07877e-03     4.21471e+03
    1.08500e-03     4.23734e+03
    1.09127e-03     4.26009e+03
    1.09757e-03     4.28296e+03
    1.10391e-03     4.30594e+03
    1.11029e-03     4.32903e+03
    1.11670e-03     4.35224e+03
    1.12315e-03     4.37557e+03
    1.12964e-03     4.39901e+03
    1.13616e-03     4.42257e+03
    1.14272e-03     4.44625e+03
    1.14932e-03     4.47005e+03
    1.15596e-03     4.49396e+03
    1.16264e-03     4.51799e+03
    1.16935e-03     4.54214e+03
    1.17610e-03     4.56642e+03
    1.18290e-03     4.59081e+03
    1.18973e-03     4.61532e+03
    1.19660e-03     4.63995e+03
    1.20351e-03     4.66471e+03
    1.21046e-03     4.68959e+03
    1.21745e-03     4.71459e+03
    1.22448e-03     4.73971e+03
    1.23156e-03     4.76496e+03
    1.23867e-03     4.79033e+03
    1.24582e-03     4.81582e+03
    1.25302e-03     4.84144e+03
    1.26026e-03     4.86719e+03
    1.26753e-03     4.89306e+03
    1.27485e-03     4.91906e+03
    1.28222e-03     4.94518e+03
    1.28962e-03     4.97143e+03
    1.29707e-03     4.99781e+03
    1.30456e-03     5.02432e+03
    1.31210e-03     5.05095e+03
    1.31967e-03     5.07772e+03
    1.32730e-03     5.10461e+03
    1.33496e-03     5.13164e+03
    1.34267e-03     5.15879e+03
    1.35043e-03     5.18608e+03
    1.35823e-03     5.21350e+03
    1.36607e-03     5.24105e+03
    1.37396e-03     5.26873e+03
    1.38190e-03     5.29655e+03
    1.38988e-03     5.32449e+03
    1.39790e-03     5.35258e+03
    1.40598e-03     5.38079e+03
    1.41410e-03     5.40914e+03
    1.42226e-03     5.43763e+03
    1.43048e-03     5.46625e+03
    1.43874e-03     5.49501e+03
    1.44705e-03     5.52390e+03
    1.45541e-03     5.55293e+03
    1.46381e-03     5.58210e+03
    1.47227e-03     5.61141e+03
    1.48077e-03     5.64085e+03
    1.48932e-03     5.67044e+03
    1.49792e-03     5.70016e+03
    1.50658e-03     5.73002e+03
    1.51528e-03     5.76002e+03
    1.52403e-03     5.79016e+03
    1.53283e-03     5.82045e+03
    1.54168e-03     5.85087e+03
    1.55059e-03     5.88144e+03
    1.55954e-03     5.91215e+03
    1.56855e-03     5.94300e+03
    1.57761e-03     5.97400e+03
    1.58672e-03     6.00514e+03
    1.59588e-03     6.03642e+03
    1.60510e-03     6.06785e+03
    1.61437e-03     6.09942e+03
    1.62369e-03     6.13114e+03
    1.63307e-03     6.16300e+03
    1.64250e-03     6.19501e+03
    1.65199e-03     6.22717e+03
    1.66153e-03     6.25947e+03
    1.67113e-03     6.29193e+03
    1.68078e-03     6.32453e+03
    1.69049e-03     6.35728e+03
    1.70025e-03     6.39017e+03
    1.71007e-03     6.42322e+03
    1.71995e-03     6.45642e+03
    1.72988e-03     6.48976e+03
    1.73987e-03     6.52326e+03
    1.74992e-03     6.55691e+03
    1.76003e-03     6.59070e+03
    1.77019e-03     6.62466e+03
    1.78041e-03     6.65876e+03
    1.79070e-03     6.69301e+03
    1.80104e-03     6.72742e+03
    1.81144e-03     6.76198e+03
    1.82190e-03     6.79669e+03
    1.83243e-03     6.83156e+03
    1.84301e-03     6.86658e+03
    1.85365e-03     6.90176e+03
    1.86436e-03     6.93709e+03
    1.87513e-03     6.97257e+03
    1.88596e-03     7.00822e+03
    1.89685e-03     7.04401e+03
    1.90780e-03     7.07997e+03
    1.91882e-03     7.11608e+03
    1.92990e-03     7.15235e+03
    1.94105e-03     7.18877e+03
    1.95226e-03     7.22535e+03
    1.96354e-03     7.26209e+03
    1.97488e-03     7.29899e+03
    1.98628e-03     7.33605e+03
    1.99775e-03     7.37327e+03
    2.00929e-03     7.41064e+03
    2.02090e-03     7.44818e+03
    2.03257e-03     7.48587e+03
    2.04431e-03     7.52373e+03
    2.05611e-03     7.56174e+03
    2.06799e-03     7.59992e+03
    2.07993e-03     7.63826e+03
    2.09194e-03     7.67676e+03
    2.10403e-03     7.71542e+03
    2.11618e-03     7.75424e+03
    2.12840e-03     7.79323e+03
    2.14069e-03     7.83237e+03
    2.15306e-03     7.87169e+03
    2.16549e-03     7.91116e+03
    2.17800e-03     7.95080e+03
    2.19058e-03     7.99060e+03
    2.20323e-03     8.03056e+03
    2.21595e-03     8.07069e+03
    2.22875e-03     8.11098e+03
    2.24162e-03     8.15144e+03
    2.25457e-03     8.19206e+03
    2.26759e-03     8.23284e+03
    2.28069e-03     8.27380e+03
    2.29386e-03     8.31491e+03
    2.30711e-03     8.35619e+03
    2.32043e-03     8.39764e+03
    2.33383e-03     8.43925e+03
    2.34731e-03     8.48103e+03
    2.36087e-03     8.52298e+03
    2.37451e-03     8.56509e+03
    2.38822e-03     8.60736e+03
    2.40201e-03     8.64981e+03
    2.41589e-03     8.69242e+03
    2.42984e-03     8.73520e+03
    2.44387e-03     8.77814e+03
    2.45799e-03     8.82125e+03
    2.47218e-03     8.86453e+03
    2.48646e-03     8.90798e+03
    2.50082e-03     8.95159e+03
    2.51526e-03     8.99537e+03
    2.52979e-03     9.03932e+03
    2.54440e-03     9.08344e+03
    2.55910e-03     9.12772e+03
    2.57388e-03     9.17217e+03
    2.58874e-03     9.21679e+03
    2.60369e-03     9.26158e+03
    2.61873e-03     9.30654e+03
    2.63386e-03     9.35166e+03
    2.64907e-03     9.39696e+03
    2.66437e-03     9.44242e+03
    2.67975e-03     9.48805e+03
    2.69523e-03     9.53385e+03
    2.71080e-03     9.57981e+03
    2.72645e-03     9.62595e+03
    2.74220e-03     9.67225e+03
    2.75804e-03     9.71872e+03
    2.77397e-03     9.76536e+03
    2.78999e-03     9.81216e+03
    2.80610e-03     9.85914e+03
    2.82231e-03     9.90628e+03
    2.83861e-03     9.95359e+03
    2.85500e-03     1.00011e+04
    2.87149e-03     1.00487e+04
    2.88808e-03     1.00965e+04
    2.90476e-03     1.01445e+04
    2.92153e-03     1.01927e+04
    2.93841e-03     1.02410e+04
    2.95538e-03     1.02894e+04
    2.97244e-03     1.03381e+04
    2.98961e-03     1.03869e+04
    3.00688e-03     1.04359e+04
    3.02424e-03     1.04850e+04
    3.04171e-03     1.05344e+04
    3.05928e-03     1.05838e+04
    3.07695e-03     1.06335e+04
    3.09472e-03     1.06833e+04
    3.11259e-03     1.07333e+04
    3.13057e-03     1.07834e+04
    3.14865e-03     1.08337e+04
    3.16683e-03     1.08842e+04
    3.18512e-03     1.09348e+04
    3.20352e-03     1.09856e+04
    3.22202e-03     1.10366e+04
    3.24063e-03     1.10877e+04
    3.25935e-03     1.11390e+04
    3.27817e-03     1.11904e+04
    3.29710e-03     1.12420e+04
    3.31615e-03     1.12938e+04
    3.33530e-03     1.13458e+04
    3.35456e-03     1.13979e+04
    3.37394e-03     1.14501e+04
    3.39342e-03     1.15025e+04
    3.41302e-03     1.15551e+04
    3.43273e-03     1.16078e+04
    3.45256e-03     1.16607e+04
    3.47250e-03     1.17138e+04
    3.49255e-03     1.17670e+04
    3.51272e-03     1.18204e+04
    3.53301e-03     1.18739e+04
    3.55342e-03     1.19276e+04
    3.57394e-03     1.19814e+04
    3.59458e-03     1.20354e+04
    3.61534e-03     1.20896e+04
    3.63622e-03     1.21439e+04
    3.65722e-03     1.21983e+04
    3.67834e-03     1.22530e+04
    3.69959e-03     1.23077e+04
    3.72096e-03     1.23626e+04
    3.74245e-03     1.24177e+04
    3.76406e-03     1.24729e+04
    3.78580e-03     1.25283e+04
    3.80766e-03     1.25838e+04
    3.82965e-03     1.26395e+04
    3.85177e-03     1.26953e+04
    3.87402e-03     1.27512e+04
    3.89639e-03     1.28073e+04
    3.91890e-03     1.28636e+04
    3.94153e-03     1.29200e+04
    3.96429e-03     1.29765e+04
    3.98719e-03     1.30332e+04
    4.01022e-03     1.30900e+04
    4.03338e-03     1.31469e+04
    4.05667e-03     1.32040e+04
    4.08010e-03     1.32613e+04
    4.10367e-03     1.33187e+04
    4.12737e-03     1.33762e+04
    4.15121e-03     1.34338e+04
    4.17518e-03     1.34916e+04
    4.19929e-03     1.35495e+04
    4.22355e-03     1.36076e+04
    4.24794e-03     1.36658e+04
    4.27247e-03     1.37241e+04
    4.29715e-03     1.37826e+04
    4.32197e-03     1.38411e+04
    4.34693e-03     1.38999e+04
    4.37203e-03     1.39587e+04
    4.39729e-03     1.40177e+04
    4.42268e-03     1.40767e+04
    4.44822e-03     1.41359e+04
    4.47392e-03     1.41953e+04
    4.49975e-03     1.42547e+04
    4.52574e-03     1.43143e+04
    4.55188e-03     1.43740e+04
    4.57817e-03     1.44338e+04
    4.60461e-03     1.44937e+04
    4.63121e-03     1.45538e+04
    4.65795e-03     1.46139e+04
    4.68485e-03     1.46742e+04
    4.71191e-03     1.47346e+04
    4.73913e-03     1.47950e+04
    4.76650e-03     1.48556e+04
    4.79402e-03     1.49163e+04
    4.82171e-03     1.49771e+04
    4.84956e-03     1.50380e+04
    4.87757e-03     1.50990e+04
    4.90574e-03     1.51601e+04
    4.93407e-03     1.52213e+04
    4.96257e-03     1.52826e+04
    4.99123e-03     1.53440e+04
    5.02006e-03     1.54055e+04
    5.04905e-03     1.54671e+04
    5.07821e-03     1.55288e+04
    5.10754e-03     1.55905e+04
    5.13704e-03     1.56524e+04
    5.16671e-03     1.57143e+04
    5.19655e-03     1.57763e+04
    5.22656e-03     1.58384e+04
    5.25675e-03     1.59006e+04
    5.28711e-03     1.59629e+04
    5.31764e-03     1.60252e+04
    5.34835e-03     1.60876e+04
    5.37924e-03     1.61501e+04
    5.41031e-03     1.62127e+04
    5.44156e-03     1.62753e+04
    5.47299e-03     1.63380e+04
    5.50459e-03     1.64007e+04
    5.53639e-03     1.64635e+04
    5.56836e-03     1.65264e+04
    5.60052e-03     1.65893e+04
    5.63287e-03     1.66523e+04
    5.66540e-03     1.67154e+04
    5.69812e-03     1.67785e+04
    5.73103e-03     1.68416e+04
    5.76413e-03     1.69048e+04
    5.79742e-03     1.69680e+04
    5.83090e-03     1.70313e+04
    5.86458e-03     1.70946e+04
    5.89845e-03     1.71580e+04
    5.93252e-03     1.72213e+04
    5.96678e-03     1.72848e+04
    6.00124e-03     1.73482e+04
    6.03590e-03     1.74117e+04
    6.07076e-03     1.74752e+04
    6.10582e-03     1.75387e+04
    6.14108e-03     1.76022e+04
    6.17655e-03     1.76658e+04
    6.21223e-03     1.77294e+04
    6.24810e-03     1.77929e+04
    6.28419e-03     1.78565e+04
    6.32048e-03     1.79201e+04
    6.35699e-03     1.79837e+04
    6.39370e-03     1.80474e+04
    6.43063e-03     1.81110e+04
    6.46777e-03     1.81746e+04
    6.50512e-03     1.82381e+04
    6.54269e-03     1.83017e+04
    6.58048e-03     1.83653e+04
    6.61849e-03     1.84289e+04
    6.65671e-03     1.84924e+04
    6.69516e-03     1.85559e+04
    6.73382e-03     1.86194e+04
    6.77272e-03     1.86829e+04
    6.81183e-03     1.87463e+04
    6.85117e-03     1.88097e+04
    6.89074e-03     1.88731e+04
    6.93054e-03     1.89364e+04
    6.97057e-03     1.89996e+04
    7.01082e-03     1.90629e+04
    7.05131e-03     1.91260e+04
    7.09204e-03     1.91892e+04
    7.13300e-03     1.92522e+04
    7.17420e-03     1.93152e+04
    7.21563e-03     1.93782e+04
    7.25730e-03     1.94410e+04
    7.29922e-03     1.95038e+04
    7.34137e-03     1.95665e+04
    7.38377e-03     1.96292e+04
    7.42642e-03     1.96917e+04
    7.46931e-03     1.97542e+04
    7.51245e-03     1.98166e+04
    7.55584e-03     1.98789e+04
    7.59948e-03     1.99410e+04
    7.64337e-03     2.00031e+04
    7.68751e-03     2.00651e+04
    7.73191e-03     2.01270e+04
    7.77657e-03     2.01887e+04
    7.82148e-03     2.02504e+04
    7.86665e-03     2.03119e+04
    7.91209e-03     2.03733e+04
    7.95778e-03     2.04345e+04
    8.00374e-03     2.04956e+04
    8.04997e-03     2.05566e+04
    8.09646e-03     2.06175e+04
    8.14322e-03     2.06782e+04
    8.19025e-03     2.07388e+04
    8.23755e-03     2.07992e+04
    8.28513e-03     2.08594e+04
    8.33298e-03     2.09195e+04
    8.38111e-03     2.09794e+04
    8.42951e-03     2.10392e+04
    8.47820e-03     2.10988e+04
    8.52716e-03     2.11582e+04
    8.57641e-03     2.12174e+04
    8.62594e-03     2.12764e+04
    8.67576e-03     2.13352e+04
    8.72587e-03     2.13939e+04
    8.77626e-03     2.14523e+04
    8.82695e-03     2.15105e+04
    8.87793e-03     2.15685e+04
    8.92921e-03     2.16263e+04
    8.98078e-03     2.16839e+04
    9.03264e-03     2.17412e+04
    9.08481e-03     2.17983e+04
    9.13728e-03     2.18552e+04
    9.19005e-03     2.19118e+04
    9.24313e-03     2.19682e+04
    9.29651e-03     2.20243e+04
    9.35021e-03     2.20802e+04
    9.40421e-03     2.21357e+04
    9.45852e-03     2.21911e+04
    9.51315e-03     2.22461e+04
    9.56809e-03     2.23009e+04
    9.62335e-03     2.23554e+04
    9.67893e-03     2.24096e+04
    9.73483e-03     2.24635e+04
    9.79106e-03     2.25171e+04
    9.84760e-03     2.25704e+04
    9.90448e-03     2.26233e+04
    9.96168e-03     2.26760e+04
    1.00192e-02     2.27283e+04
    1.00771e-02     2.27804e+04
    1.01353e-02     2.28320e+04
    1.01938e-02     2.28834e+04
    1.02527e-02     2.29344e+04
    1.03119e-02     2.29850e+04
    1.03715e-02     2.30353e+04
    1.04314e-02     2.30852e+04
    1.04916e-02     2.31348e+04
    1.05522e-02     2.31840e+04
    1.06131e-02     2.32328e+04
    1.06744e-02     2.32813e+04
    1.07361e-02     2.33293e+04
    1.07981e-02     2.33770e+04
    1.08605e-02     2.34242e+04
    1.09232e-02     2.34710e+04
    1.09863e-02     2.35175e+04
    1.10497e-02     2.35635e+04
    1.11135e-02     2.36090e+04
    1.11777e-02     2.36542e+04
    1.12423e-02     2.36989e+04
    1.13072e-02     2.37431e+04
    1.13725e-02     2.37869e+04
    1.14382e-02     2.38303e+04
    1.15043e-02     2.38731e+04
    1.15707e-02     2.39155e+04
    1.16375e-02     2.39574e+04
    1.17047e-02     2.39989e+04
    1.17723e-02     2.40398e+04
    1.18403e-02     2.40802e+04
    1.19087e-02     2.41202e+04
    1.19775e-02     2.41596e+04
    1.20467e-02     2.41985e+04
    1.21162e-02     2.42369e+04
    1.21862e-02     2.42747e+04
    1.22566e-02     2.43120e+04
    1.23274e-02     2.43488e+04
    1.23986e-02     2.43850e+04
    1.24702e-02     2.44206e+04
    1.25422e-02     2.44557e+04
    1.26147e-02     2.44903e+04
    1.26875e-02     2.45242e+04
    1.27608e-02     2.45576e+04
    1.28345e-02     2.45903e+04
    1.29086e-02     2.46225e+04
    1.29832e-02     2.46541e+04
    1.30581e-02     2.46851e+04
    1.31336e-02     2.47154e+04
    1.32094e-02     2.47452e+04
    1.32857e-02     2.47743e+04
    1.33624e-02     2.48028e+04
    1.34396e-02     2.48306e+04
    1.35172e-02     2.48578e+04
    1.35953e-02     2.48844e+04
    1.36738e-02     2.49103e+04
    1.37528e-02     2.49355e+04
    1.38322e-02     2.49600e+04
    1.39121e-02     2.49839e+04
    1.39925e-02     2.50070e+04
    1.40733e-02     2.50295e+04
    1.41546e-02     2.50513e+04
    1.42363e-02     2.50723e+04
    1.43185e-02     2.50926e+04
    1.44012e-02     2.51122e+04
    1.44844e-02     2.51311e+04
    1.45680e-02     2.51492e+04
    1.46522e-02     2.51666e+04
    1.47368e-02     2.51832e+04
    1.48219e-02     2.51991e+04
    1.49075e-02     2.52142e+04
    1.49936e-02     2.52285e+04
    1.50802e-02     2.52421e+04
    1.51673e-02     2.52548e+04
    1.52549e-02     2.52668e+04
    1.53430e-02     2.52780e+04
    1.54316e-02     2.52883e+04
    1.55208e-02     2.52979e+04
    1.56104e-02     2.53066e+04
    1.57006e-02     2.53145e+04
    1.57912e-02     2.53216e+04
    1.58824e-02     2.53278e+04
    1.59742e-02     2.53332e+04
    1.60664e-02     2.53378e+04
    1.61592e-02     2.53415e+04
    1.62525e-02     2.53443e+04
    1.63464e-02     2.53463e+04
    1.64408e-02     2.53474e+04
    1.65358e-02     2.53476e+04
    1.66313e-02     2.53469e+04
    1.67273e-02     2.53454e+04
    1.68239e-02     2.53430e+04
    1.69211e-02     2.53396e+04
    1.70188e-02     2.53354e+04
    1.71171e-02     2.53302e+04
    1.72160e-02     2.53242e+04
    1.73154e-02     2.53172e+04
    1.74154e-02     2.53093e+04
    1.75160e-02     2.53004e+04
    1.76172e-02     2.52906e+04
    1.77189e-02     2.52799e+04
    1.78212e-02     2.52682e+04
    1.79242e-02     2.52556e+04
    1.80277e-02     2.52420e+04
    1.81318e-02     2.52275e+04
    1.82365e-02     2.52120e+04
    1.83418e-02     2.51955e+04
    1.84478e-02     2.51780e+04
    1.85543e-02     2.51596e+04
    1.86615e-02     2.51402e+04
    1.87693e-02     2.51198e+04
    1.88777e-02     2.50984e+04
    1.89867e-02     2.50760e+04
    1.90964e-02     2.50526e+04
    1.92066e-02     2.50282e+04
    1.93176e-02     2.50028e+04
    1.94291e-02     2.49763e+04
    1.95414e-02     2.49489e+04
    1.96542e-02     2.49205e+04
    1.97677e-02     2.48910e+04
    1.98819e-02     2.48605e+04
    1.99967e-02     2.48290e+04
    2.01122e-02     2.47965e+04
    2.02284e-02     2.47630e+04
    2.03452e-02     2.47284e+04
    2.04627e-02     2.46928e+04
    2.05809e-02     2.46562e+04
    2.06997e-02     2.46185e+04
    2.08193e-02     2.45798e+04
    2.09395e-02     2.45401e+04
    2.10605e-02     2.44993e+04
    2.11821e-02     2.44575e+04
    2.13044e-02     2.44146e+04
    2.14275e-02     2.43708e+04
    2.15512e-02     2.43259e+04
    2.16757e-02     2.42800e+04
    2.18009e-02     2.42330e+04
    2.19268e-02     2.41850e+04
    2.20534e-02     2.41360e+04
    2.21808e-02     2.40860e+04
    2.23089e-02     2.40350e+04
    2.24378e-02     2.39830e+04
    2.25674e-02     2.39299e+04
    2.26977e-02     2.38759e+04
    2.28288e-02     2.38208e+04
    2.29606e-02     2.37648e+04
    2.30932e-02     2.37077e+04
    2.32266e-02     2.36497e+04
    2.33608e-02     2.35907e+04
    2.34957e-02     2.35307e+04
    2.36314e-02     2.34697e+04
    2.37679e-02     2.34077e+04
    2.39051e-02     2.33448e+04
    2.40432e-02     2.32809e+04
    2.41821e-02     2.32161e+04
    2.43217e-02     2.31503e+04
    2.44622e-02     2.30835e+04
    2.46035e-02     2.30158e+04
    2.47456e-02     2.29472e+04
    2.48885e-02     2.28777e+04
    2.50322e-02     2.28072e+04
    2.51768e-02     2.27358e+04
    2.53222e-02     2.26635e+04
    2.54684e-02     2.25902e+04
    2.56155e-02     2.25161e+04
    2.57635e-02     2.24411e+04
    2.59123e-02     2.23652e+04
    2.60619e-02     2.22884e+04
    2.62125e-02     2.22108e+04
    2.63638e-02     2.21323e+04
    2.65161e-02     2.20529e+04
    2.66693e-02     2.19727e+04
    2.68233e-02     2.18917e+04
    2.69782e-02     2.18098e+04
    2.71340e-02     2.17272e+04
    2.72907e-02     2.16438e+04
    2.74483e-02     2.15597e+04
    2.76069e-02     2.14748e+04
    2.77663e-02     2.13893e+04
    2.79267e-02     2.13030e+04
    2.80880e-02     2.12160e+04
    2.82502e-02     2.11284e+04
    2.84133e-02     2.10401e+04
    2.85774e-02     2.09512e+04
    2.87425e-02     2.08617e+04
    2.89085e-02     2.07716e+04
    2.90755e-02     2.06810e+04
    2.92434e-02     2.05897e+04
    2.94123e-02     2.04980e+04
    2.95821e-02     2.04057e+04
    2.97530e-02     2.03129e+04
    2.99248e-02     2.02196e+04
    3.00977e-02     2.01258e+04
    3.02715e-02     2.00316e+04
    3.04463e-02     1.99369e+04
    3.06222e-02     1.98418e+04
    3.07990e-02     1.97464e+04
    3.09769e-02     1.96505e+04
    3.11558e-02     1.95542e+04
    3.13357e-02     1.94576e+04
    3.15167e-02     1.93606e+04
    3.16987e-02     1.92634e+04
    3.18818e-02     1.91658e+04
    3.20660e-02     1.90679e+04
    3.22512e-02     1.89697e+04
    3.24374e-02     1.88713e+04
    3.26248e-02     1.87726e+04
    3.28132e-02     1.86736e+04
    3.30027e-02     1.85745e+04
    3.31933e-02     1.84751e+04
    3.33850e-02     1.83756e+04
    3.35778e-02     1.82759e+04
    3.37717e-02     1.81761e+04
    3.39668e-02     1.80762e+04
    3.41630e-02     1.79762e+04
    3.43603e-02     1.78761e+04
    3.45587e-02     1.77761e+04
    3.47583e-02     1.76761e+04
    3.49591e-02     1.75762e+04
    3.51610e-02     1.74763e+04
    3.53640e-02     1.73766e+04
    3.55683e-02     1.72770e+04
    3.57737e-02     1.71775e+04
    3.59803e-02     1.70783e+04
    3.61881e-02     1.69792e+04
    3.63971e-02     1.68804e+04
    3.66073e-02     1.67819e+04
    3.68188e-02     1.66836e+04
    3.70314e-02     1.65857e+04
    3.72453e-02     1.64881e+04
    3.74604e-02     1.63908e+04
    3.76767e-02     1.62939e+04
    3.78943e-02     1.61974e+04
    3.81132e-02     1.61014e+04
    3.83333e-02     1.60058e+04
    3.85547e-02     1.59106e+04
    3.87774e-02     1.58159e+04
    3.90013e-02     1.57217e+04
    3.92266e-02     1.56281e+04
    3.94532e-02     1.55349e+04
    3.96810e-02     1.54423e+04
    3.99102e-02     1.53503e+04
    4.01407e-02     1.52589e+04
    4.03725e-02     1.51680e+04
    4.06057e-02     1.50778e+04
    4.08402e-02     1.49882e+04
    4.10761e-02     1.48992e+04
    4.13133e-02     1.48109e+04
    4.15519e-02     1.47233e+04
    4.17919e-02     1.46364e+04
    4.20333e-02     1.45501e+04
    4.22760e-02     1.44646e+04
    4.25202e-02     1.43798e+04
    4.27658e-02     1.42958e+04
    4.30128e-02     1.42125e+04
    4.32612e-02     1.41300e+04
    4.35110e-02     1.40482e+04
    4.37623e-02     1.39673e+04
    4.40151e-02     1.38872e+04
    4.42693e-02     1.38079e+04
    4.45250e-02     1.37295e+04
    4.47821e-02     1.36519e+04
    4.50408e-02     1.35751e+04
    4.53009e-02     1.34992e+04
    4.55625e-02     1.34242e+04
    4.58257e-02     1.33501e+04
    4.60903e-02     1.32769e+04
    4.63565e-02     1.32045e+04
    4.66243e-02     1.31331e+04
    4.68935e-02     1.30626e+04
    4.71644e-02     1.29931e+04
    4.74368e-02     1.29245e+04
    4.77107e-02     1.28568e+04
    4.79863e-02     1.27901e+04
    4.82634e-02     1.27243e+04
    4.85422e-02     1.26595e+04
    4.88225e-02     1.25957e+04
    4.91045e-02     1.25328e+04
    4.93881e-02     1.24708e+04
    4.96733e-02     1.24098e+04
    4.99602e-02     1.23496e+04
    5.02488e-02     1.22904e+04
    5.05390e-02     1.22320e+04
    5.08309e-02     1.21745e+04
    5.11244e-02     1.21179e+04
    5.14197e-02     1.20621e+04
    5.17167e-02     1.20072e+04
    5.20154e-02     1.19531e+04
    5.23158e-02     1.18998e+04
    5.26179e-02     1.18474e+04
    5.29218e-02     1.17958e+04
    5.32275e-02     1.17449e+04
    5.35349e-02     1.16949e+04
    5.38441e-02     1.16456e+04
    5.41551e-02     1.15970e+04
    5.44678e-02     1.15492e+04
    5.47824e-02     1.15020e+04
    5.50988e-02     1.14554e+04
    5.54170e-02     1.14095e+04
    5.57371e-02     1.13642e+04
    5.60590e-02     1.13195e+04
    5.63828e-02     1.12753e+04
    5.67084e-02     1.12316e+04
    5.70359e-02     1.11885e+04
    5.73653e-02     1.11458e+04
    5.76966e-02     1.11036e+04
    5.80299e-02     1.10618e+04
    5.83650e-02     1.10204e+04
    5.87021e-02     1.09793e+04
    5.90411e-02     1.09385e+04
    5.93821e-02     1.08979e+04
    5.97251e-02     1.08576e+04
    6.00700e-02     1.08175e+04
    6.04170e-02     1.07776e+04
    6.07659e-02     1.07377e+04
    6.11168e-02     1.06980e+04
    6.14698e-02     1.06583e+04
    6.18248e-02     1.06186e+04
    6.21819e-02     1.05789e+04
    6.25410e-02     1.05391e+04
    6.29022e-02     1.04992e+04
    6.32655e-02     1.04591e+04
    6.36309e-02     1.04188e+04
    6.39984e-02     1.03783e+04
    6.43680e-02     1.03375e+04
    6.47398e-02     1.02964e+04
    6.51137e-02     1.02550e+04
    6.54898e-02     1.02131e+04
    6.58680e-02     1.01708e+04
    6.62484e-02     1.01280e+04
    6.66310e-02     1.00847e+04
    6.70159e-02     1.00409e+04
    6.74029e-02     9.99645e+03
    6.77922e-02     9.95138e+03
    6.81837e-02     9.90565e+03
    6.85775e-02     9.85922e+03
    6.89736e-02     9.81207e+03
    6.93719e-02     9.76416e+03
    6.97726e-02     9.71547e+03
    7.01756e-02     9.66596e+03
    7.05809e-02     9.61561e+03
    7.09885e-02     9.56438e+03
    7.13985e-02     9.51228e+03
    7.18109e-02     9.45926e+03
    7.22256e-02     9.40532e+03
    7.26427e-02     9.35044e+03
    7.30623e-02     9.29460e+03
    7.34842e-02     9.23780e+03
    7.39087e-02     9.18001e+03
    7.43355e-02     9.12124e+03
    7.47648e-02     9.06148e+03
    7.51966e-02     9.00074e+03
    7.56309e-02     8.93901e+03
    7.60677e-02     8.87631e+03
    7.65071e-02     8.81263e+03
    7.69489e-02     8.74800e+03
    7.73933e-02     8.68240e+03
    7.78403e-02     8.61588e+03
    7.82899e-02     8.54844e+03
    7.87421e-02     8.48013e+03
    7.91968e-02     8.41095e+03
    7.96542e-02     8.34094e+03
    8.01143e-02     8.27013e+03
    8.05770e-02     8.19854e+03
    8.10423e-02     8.12621e+03
    8.15104e-02     8.05321e+03
    8.19812e-02     7.97956e+03
    8.24546e-02     7.90532e+03
    8.29309e-02     7.83053e+03
    8.34098e-02     7.75523e+03
    8.38915e-02     7.67948e+03
    8.43761e-02     7.60334e+03
    8.48634e-02     7.52687e+03
    8.53535e-02     7.45014e+03
    8.58465e-02     7.37319e+03
    8.63423e-02     7.29609e+03
    8.68409e-02     7.21891e+03
    8.73425e-02     7.14170e+03
    8.78469e-02     7.06454e+03
    8.83543e-02     6.98750e+03
    8.88646e-02     6.91066e+03
    8.93778e-02     6.83407e+03
    8.98940e-02     6.75779e+03
    9.04132e-02     6.68191e+03
    9.09354e-02     6.60648e+03
    9.14606e-02     6.53159e+03
    9.19888e-02     6.45731e+03
    9.25201e-02     6.38369e+03
    9.30544e-02     6.31080e+03
    9.35918e-02     6.23870e+03
    9.41324e-02     6.16747e+03
    9.46760e-02     6.09715e+03
    9.52228e-02     6.02783e+03
    9.57728e-02     5.95954e+03
    9.63259e-02     5.89234e+03
    9.68823e-02     5.82629e+03
    9.74418e-02     5.76144e+03
    9.80046e-02     5.69782e+03
    9.85706e-02     5.63550e+03
    9.91399e-02     5.57450e+03
    9.97125e-02     5.51488e+03
    1.00288e-01     5.45665e+03
    1.00868e-01     5.39986e+03
    1.01450e-01     5.34452e+03
    1.02036e-01     5.29065e+03
    1.02625e-01     5.23828e+03
    1.03218e-01     5.18742e+03
    1.03814e-01     5.13810e+03
    1.04414e-01     5.09030e+03
    1.05017e-01     5.04402e+03
    1.05623e-01     4.99927e+03
    1.06233e-01     4.95604e+03
    1.06847e-01     4.91432e+03
    1.07464e-01     4.87411e+03
    1.08085e-01     4.83536e+03
    1.08709e-01     4.79807e+03
    1.09337e-01     4.76218e+03
    1.09968e-01     4.72767e+03
    1.10603e-01     4.69452e+03
    1.11242e-01     4.66269e+03
    1.11885e-01     4.63211e+03
    1.12531e-01     4.60274e+03
    1.13181e-01     4.57451e+03
    1.13834e-01     4.54737e+03
    1.14492e-01     4.52127e+03
    1.15153e-01     4.49615e+03
    1.15818e-01     4.47192e+03
    1.16487e-01     4.44850e+03
    1.17160e-01     4.42583e+03
    1.17836e-01     4.40381e+03
    1.18517e-01     4.38239e+03
    1.19202e-01     4.36148e+03
    1.19890e-01     4.34097e+03
    1.20582e-01     4.32079e+03
    1.21279e-01     4.30084e+03
    1.21979e-01     4.28104e+03
    1.22684e-01     4.26130e+03
    1.23392e-01     4.24152e+03
    1.24105e-01     4.22163e+03
    1.24822e-01     4.20152e+03
    1.25543e-01     4.18112e+03
    1.26268e-01     4.16033e+03
    1.26997e-01     4.13908e+03
    1.27730e-01     4.11729e+03
    1.28468e-01     4.09488e+03
    1.29210e-01     4.07180e+03
    1.29956e-01     4.04797e+03
    1.30707e-01     4.02332e+03
    1.31462e-01     3.99781e+03
    1.32221e-01     3.97139e+03
    1.32985e-01     3.94403e+03
    1.33753e-01     3.91569e+03
    1.34525e-01     3.88634e+03
    1.35302e-01     3.85596e+03
    1.36084e-01     3.82454e+03
    1.36870e-01     3.79209e+03
    1.37660e-01     3.75862e+03
    1.38455e-01     3.72415e+03
    1.39255e-01     3.68869e+03
    1.40059e-01     3.65226e+03
    1.40868e-01     3.61491e+03
    1.41681e-01     3.57671e+03
    1.42500e-01     3.53771e+03
    1.43323e-01     3.49797e+03
    1.44151e-01     3.45756e+03
    1.44983e-01     3.41653e+03
    1.45820e-01     3.37499e+03
    1.46663e-01     3.33303e+03
    1.47510e-01     3.29074e+03
    1.48362e-01     3.24822e+03
    1.49218e-01     3.20554e+03
    1.50080e-01     3.16281e+03
    1.50947e-01     3.12015e+03
    1.51819e-01     3.07764e+03
    1.52696e-01     3.03541e+03
    1.53578e-01     2.99354e+03
    1.54464e-01     2.95212e+03
    1.55357e-01     2.91126e+03
    1.56254e-01     2.87104e+03
    1.57156e-01     2.83156e+03
    1.58064e-01     2.79290e+03
    1.58977e-01     2.75515e+03
    1.59895e-01     2.71836e+03
    1.60818e-01     2.68261e+03
    1.61747e-01     2.64794e+03
    1.62681e-01     2.61440e+03
    1.63621e-01     2.58205e+03
    1.64566e-01     2.55092e+03
    1.65516e-01     2.52105e+03
    1.66472e-01     2.49242e+03
    1.67434e-01     2.46506e+03
    1.68401e-01     2.43894e+03
    1.69373e-01     2.41409e+03
    1.70352e-01     2.39048e+03
    1.71336e-01     2.36810e+03
    1.72325e-01     2.34688e+03
    1.73320e-01     2.32677e+03
    1.74321e-01     2.30771e+03
    1.75328e-01     2.28965e+03
    1.76341e-01     2.27255e+03
    1.77359e-01     2.25632e+03
    1.78384e-01     2.24089e+03
    1.79414e-01     2.22617e+03
    1.80450e-01     2.21210e+03
    1.81492e-01     2.19859e+03
    1.82540e-01     2.18557e+03
    1.83595e-01     2.17291e+03
    1.84655e-01     2.16052e+03
    1.85721e-01     2.14826e+03
    1.86794e-01     2.13603e+03
    1.87873e-01     2.12373e+03
    1.88958e-01     2.11125e+03
    1.90049e-01     2.09851e+03
    1.91147e-01     2.08541e+03
    1.92251e-01     2.07187e+03
    1.93361e-01     2.05780e+03
    1.94478e-01     2.04314e+03
    1.95601e-01     2.02783e+03
    1.96731e-01     2.01184e+03
    1.97867e-01     1.99515e+03
    1.99010e-01     1.97773e+03
    2.00159e-01     1.95955e+03
    2.01315e-01     1.94062e+03
    2.02478e-01     1.92095e+03
    2.03647e-01     1.90061e+03
    2.04823e-01     1.87962e+03
    2.06006e-01     1.85804e+03
    2.07196e-01     1.83591e+03
    2.08393e-01     1.81329e+03
    2.09596e-01     1.79026e+03
    2.10807e-01     1.76693e+03
    2.12024e-01     1.74338e+03
    2.13249e-01     1.71968e+03
    2.14481e-01     1.69593e+03
    2.15719e-01     1.67220e+03
    2.16965e-01     1.64861e+03
    2.18218e-01     1.62523e+03
    2.19479e-01     1.60215e+03
    2.20746e-01     1.57947e+03
    2.22021e-01     1.55724e+03
    2.23303e-01     1.53554e+03
    2.24593e-01     1.51444e+03
    2.25890e-01     1.49398e+03
    2.27195e-01     1.47423e+03
    2.28507e-01     1.45523e+03
    2.29827e-01     1.43702e+03
    2.31154e-01     1.41961e+03
    2.32489e-01     1.40300e+03
    2.33832e-01     1.38719e+03
    2.35182e-01     1.37217e+03
    2.36541e-01     1.35796e+03
    2.37907e-01     1.34452e+03
    2.39281e-01     1.33178e+03
    2.40663e-01     1.31969e+03
    2.42053e-01     1.30819e+03
    2.43451e-01     1.29723e+03
    2.44857e-01     1.28674e+03
    2.46271e-01     1.27666e+03
    2.47693e-01     1.26688e+03
    2.49124e-01     1.25733e+03
    2.50563e-01     1.24793e+03
    2.52010e-01     1.23858e+03
    2.53465e-01     1.22923e+03
    2.54929e-01     1.21980e+03
    2.56401e-01     1.21022e+03
    2.57882e-01     1.20044e+03
    2.59372e-01     1.19039e+03
    2.60870e-01     1.18003e+03
    2.62376e-01     1.16930e+03
    2.63892e-01     1.15821e+03
    2.65416e-01     1.14675e+03
    2.66949e-01     1.13490e+03
    2.68490e-01     1.12266e+03
    2.70041e-01     1.11003e+03
    2.71601e-01     1.09705e+03
    2.73169e-01     1.08377e+03
    2.74747e-01     1.07024e+03
    2.76334e-01     1.05652e+03
    2.77930e-01     1.04266e+03
    2.79535e-01     1.02872e+03
    2.81149e-01     1.01476e+03
    2.82773e-01     1.00087e+03
    2.84406e-01     9.87106e+02
    2.86049e-01     9.73551e+02
    2.87701e-01     9.60265e+02
    2.89363e-01     9.47305e+02
    2.91034e-01     9.34704e+02
    2.92715e-01     9.22493e+02
    2.94405e-01     9.10703e+02
    2.96105e-01     8.99358e+02
    2.97816e-01     8.88487e+02
    2.99536e-01     8.78090e+02
    3.01266e-01     8.68145e+02
    3.03006e-01     8.58627e+02
    3.04756e-01     8.49513e+02
    3.06516e-01     8.40781e+02
    3.08286e-01     8.32408e+02
    3.10066e-01     8.24350e+02
    3.11857e-01     8.16548e+02
    3.13658e-01     8.08947e+02
    3.15470e-01     8.01492e+02
    3.17292e-01     7.94132e+02
    3.19124e-01     7.86817e+02
    3.20967e-01     7.79504e+02
    3.22821e-01     7.72151e+02
    3.24686e-01     7.64718e+02
    3.26561e-01     7.57170e+02
    3.28447e-01     7.49468e+02
    3.30344e-01     7.41590e+02
    3.32252e-01     7.33542e+02
    3.34171e-01     7.25337e+02
    3.36101e-01     7.16988e+02
    3.38042e-01     7.08507e+02
    3.39994e-01     6.99906e+02
    3.41958e-01     6.91209e+02
    3.43933e-01     6.82456e+02
    3.45919e-01     6.73689e+02
    3.47917e-01     6.64948e+02
    3.49926e-01     6.56270e+02
    3.51947e-01     6.47690e+02
    3.53980e-01     6.39241e+02
    3.56024e-01     6.30952e+02
    3.58081e-01     6.22852e+02
    3.60149e-01     6.14965e+02
    3.62229e-01     6.07318e+02
    3.64321e-01     5.99932e+02
    3.66425e-01     5.92807e+02
    3.68541e-01     5.85922e+02
    3.70670e-01     5.79260e+02
    3.72810e-01     5.72801e+02
    3.74964e-01     5.66529e+02
    3.77129e-01     5.60427e+02
    3.79307e-01     5.54466e+02
    3.81498e-01     5.48617e+02
    3.83701e-01     5.42849e+02
    3.85917e-01     5.37132e+02
    3.88146e-01     5.31439e+02
    3.90388e-01     5.25743e+02
    3.92643e-01     5.20030e+02
    3.94910e-01     5.14292e+02
    3.97191e-01     5.08523e+02
    3.99485e-01     5.02715e+02
    4.01792e-01     4.96863e+02
    4.04113e-01     4.90961e+02
    4.06447e-01     4.85021e+02
    4.08794e-01     4.79065e+02
    4.11155e-01     4.73113e+02
    4.13530e-01     4.67184e+02
    4.15918e-01     4.61298e+02
    4.18320e-01     4.55471e+02
    4.20736e-01     4.49720e+02
    4.23166e-01     4.44056e+02
    4.25610e-01     4.38492e+02
    4.28068e-01     4.33038e+02
    4.30541e-01     4.27705e+02
    4.33027e-01     4.22503e+02
    4.35528e-01     4.17433e+02
    4.38044e-01     4.12485e+02
    4.40573e-01     4.07648e+02
    4.43118e-01     4.02912e+02
    4.45677e-01     3.98266e+02
    4.48251e-01     3.93702e+02
    4.50840e-01     3.89208e+02
    4.53444e-01     3.84772e+02
    4.56063e-01     3.80380e+02
    4.58697e-01     3.76019e+02
    4.61346e-01     3.71676e+02
    4.64010e-01     3.67339e+02
    4.66690e-01     3.62999e+02
    4.69386e-01     3.58655e+02
    4.72097e-01     3.54316e+02
    4.74823e-01     3.49988e+02
    4.77565e-01     3.45678e+02
    4.80324e-01     3.41394e+02
    4.83098e-01     3.37142e+02
    4.85888e-01     3.32927e+02
    4.88694e-01     3.28759e+02
    4.91517e-01     3.24646e+02
    4.94355e-01     3.20593e+02
    4.97210e-01     3.16609e+02
    5.00082e-01     3.12700e+02
    5.02970e-01     3.08872e+02
    5.05875e-01     3.05126e+02
    5.08797e-01     3.01452e+02
    5.11735e-01     2.97842e+02
    5.14691e-01     2.94287e+02
    5.17663e-01     2.90777e+02
    5.20653e-01     2.87306e+02
    5.23660e-01     2.83865e+02
    5.26685e-01     2.80449e+02
    5.29726e-01     2.77059e+02
    5.32786e-01     2.73694e+02
    5.35863e-01     2.70354e+02
    5.38958e-01     2.67039e+02
    5.42071e-01     2.63750e+02
    5.45201e-01     2.60486e+02
    5.48350e-01     2.57248e+02
    5.51517e-01     2.54039e+02
    5.54702e-01     2.50864e+02
    5.57906e-01     2.47725e+02
    5.61128e-01     2.44626e+02
    5.64369e-01     2.41570e+02
    5.67629e-01     2.38560e+02
    5.70907e-01     2.35598e+02
    5.74204e-01     2.32685e+02
    5.77520e-01     2.29817e+02
    5.80856e-01     2.26990e+02
    5.84211e-01     2.24200e+02
    5.87585e-01     2.21444e+02
    5.90978e-01     2.18719e+02
    5.94391e-01     2.16021e+02
    5.97824e-01     2.13348e+02
    6.01277e-01     2.10699e+02
    6.04750e-01     2.08073e+02
    6.08242e-01     2.05474e+02
    6.11755e-01     2.02901e+02
    6.15288e-01     2.00357e+02
    6.18842e-01     1.97841e+02
    6.22416e-01     1.95356e+02
    6.26011e-01     1.92902e+02
    6.29626e-01     1.90480e+02
    6.33263e-01     1.88090e+02
    6.36920e-01     1.85731e+02
    6.40599e-01     1.83401e+02
    6.44298e-01     1.81101e+02
    6.48020e-01     1.78829e+02
    6.51762e-01     1.76584e+02
    6.55526e-01     1.74366e+02
    6.59312e-01     1.72174e+02
    6.63120e-01     1.70007e+02
    6.66950e-01     1.67864e+02
    6.70802e-01     1.65746e+02
    6.74676e-01     1.63652e+02
    6.78573e-01     1.61582e+02
    6.82492e-01     1.59537e+02
    6.86434e-01     1.57516e+02
    6.90398e-01     1.55519e+02
    6.94386e-01     1.53546e+02
    6.98396e-01     1.51597e+02
    7.02430e-01     1.49672e+02
    7.06486e-01     1.47771e+02
    7.10567e-01     1.45893e+02
    7.14671e-01     1.44039e+02
    7.18798e-01     1.42207e+02
    7.22949e-01     1.40398e+02
    7.27125e-01     1.38612e+02
    7.31324e-01     1.36847e+02
    7.35548e-01     1.35103e+02
    7.39796e-01     1.33381e+02
    7.44069e-01     1.31679e+02
    7.48366e-01     1.29999e+02
    7.52688e-01     1.28338e+02
    7.57036e-01     1.26697e+02
    7.61408e-01     1.25077e+02
    7.65805e-01     1.23475e+02
    7.70228e-01     1.21893e+02
    7.74677e-01     1.20330e+02
    7.79151e-01     1.18786e+02
    7.83651e-01     1.17261e+02
    7.88177e-01     1.15754e+02
    7.92729e-01     1.14265e+02
    7.97307e-01     1.12795e+02
    8.01912e-01     1.11343e+02
    8.06543e-01     1.09908e+02
    8.11202e-01     1.08491e+02
    8.15887e-01     1.07092e+02
    8.20599e-01     1.05709e+02
    8.25338e-01     1.04344e+02
    8.30105e-01     1.02996e+02
    8.34899e-01     1.01664e+02
    8.39721e-01     1.00349e+02
    8.44571e-01     9.90495e+01
    8.49449e-01     9.77666e+01
    8.54355e-01     9.64996e+01
    8.59289e-01     9.52483e+01
    8.64252e-01     9.40126e+01
    8.69243e-01     9.27922e+01
    8.74264e-01     9.15869e+01
    8.79313e-01     9.03967e+01
    8.84391e-01     8.92212e+01
    8.89499e-01     8.80604e+01
    8.94636e-01     8.69141e+01
    8.99803e-01     8.57820e+01
    9.05000e-01     8.46641e+01
    9.10227e-01     8.35601e+01
    9.15484e-01     8.24699e+01
    9.20771e-01     8.13933e+01
    9.26089e-01     8.03302e+01
    9.31438e-01     7.92804e+01
    9.36817e-01     7.82438e+01
    9.42228e-01     7.72201e+01
    9.47670e-01     7.62093e+01
    9.53143e-01     7.52111e+01
    9.58648e-01     7.42255e+01
    9.64184e-01     7.32523e+01
    9.69753e-01     7.22913e+01
    9.75354e-01     7.13424e+01
    9.80987e-01     7.04055e+01
    9.86653e-01     6.94803e+01
    9.92351e-01     6.85669e+01
    9.98082e-01     6.76649e+01
    1.00385e+00     6.67744e+01
    1.00964e+00     6.58950e+01
    1.01548e+00     6.50269e+01
    1.02134e+00     6.41696e+01
    1.02724e+00     6.33233e+01
    1.03317e+00     6.24877e+01
    1.03914e+00     6.16626e+01
    1.04514e+00     6.08480e+01
    1.05118e+00     6.00438e+01
    1.05725e+00     5.92498e+01
    1.06335e+00     5.84658e+01
    1.06950e+00     5.76919e+01
    1.07567e+00     5.69278e+01
    1.08188e+00     5.61734e+01
    1.08813e+00     5.54286e+01
    1.09442e+00     5.46934e+01
    1.10074e+00     5.39675e+01
    1.10710e+00     5.32509e+01
    1.11349e+00     5.25434e+01
    1.11992e+00     5.18450e+01
    1.12639e+00     5.11555e+01
    1.13289e+00     5.04748e+01
    1.13944e+00     4.98029e+01
    1.14602e+00     4.91396e+01
    1.15264e+00     4.84848e+01
    1.15929e+00     4.78383e+01
    1.16599e+00     4.72002e+01
    1.17272e+00     4.65703e+01
    1.17950e+00     4.59485e+01
    1.18631e+00     4.53347e+01
    1.19316e+00     4.47288e+01
    1.20005e+00     4.41307e+01
    1.20698e+00     4.35403e+01
    1.21395e+00     4.29575e+01
    1.22096e+00     4.23823e+01
    1.22802e+00     4.18145e+01
    1.23511e+00     4.12540e+01
    1.24224e+00     4.07007e+01
    1.24942e+00     4.01547e+01
    1.25663e+00     3.96157e+01
    1.26389e+00     3.90836e+01
    1.27119e+00     3.85585e+01
    1.27853e+00     3.80402e+01
    1.28591e+00     3.75286e+01
    1.29334e+00     3.70237e+01
    1.30081e+00     3.65253e+01
    1.30832e+00     3.60334e+01
    1.31588e+00     3.55479e+01
    1.32348e+00     3.50687e+01
    1.33112e+00     3.45958e+01
    1.33881e+00     3.41290e+01
    1.34654e+00     3.36683e+01
    1.35432e+00     3.32137e+01
    1.36214e+00     3.27649e+01
    1.37001e+00     3.23220e+01
    1.37792e+00     3.18850e+01
    1.38588e+00     3.14536e+01
    1.39388e+00     3.10279e+01
    1.40193e+00     3.06077e+01
    1.41003e+00     3.01931e+01
    1.41818e+00     2.97839e+01
    1.42637e+00     2.93800e+01
    1.43460e+00     2.89815e+01
    1.44289e+00     2.85882e+01
    1.45122e+00     2.82000e+01
    1.45960e+00     2.78170e+01
    1.46803e+00     2.74390e+01
    1.47651e+00     2.70659e+01
    1.48504e+00     2.66978e+01
    1.49362e+00     2.63346e+01
    1.50224e+00     2.59761e+01
    1.51092e+00     2.56223e+01
    1.51965e+00     2.52733e+01
    1.52842e+00     2.49288e+01
    1.53725e+00     2.45889e+01
    1.54613e+00     2.42534e+01
    1.55506e+00     2.39224e+01
    1.56404e+00     2.35958e+01
    1.57307e+00     2.32735e+01
    1.58216e+00     2.29555e+01
    1.59130e+00     2.26417e+01
    1.60049e+00     2.23321e+01
    1.60973e+00     2.20265e+01
    1.61903e+00     2.17250e+01
    1.62838e+00     2.14276e+01
    1.63778e+00     2.11340e+01
    1.64724e+00     2.08444e+01
    1.65675e+00     2.05586e+01
    1.66632e+00     2.02767e+01
    1.67595e+00     1.99985e+01
    1.68563e+00     1.97240e+01
    1.69536e+00     1.94531e+01
    1.70515e+00     1.91859e+01
    1.71500e+00     1.89222e+01
    1.72491e+00     1.86621e+01
    1.73487e+00     1.84054e+01
    1.74489e+00     1.81521e+01
    1.75496e+00     1.79023e+01
    1.76510e+00     1.76557e+01
    1.77529e+00     1.74125e+01
    1.78555e+00     1.71726e+01
    1.79586e+00     1.69358e+01
    1.80623e+00     1.67022e+01
    1.81666e+00     1.64718e+01
    1.82716e+00     1.62444e+01
    1.83771e+00     1.60201e+01
    1.84832e+00     1.57988e+01
    1.85900e+00     1.55805e+01
    1.86973e+00     1.53651e+01
    1.88053e+00     1.51526e+01
    1.89139e+00     1.49430e+01
    1.90232e+00     1.47362e+01
    1.91330e+00     1.45322e+01
    1.92435e+00     1.43309e+01
    1.93547e+00     1.41323e+01
    1.94665e+00     1.39365e+01
    1.95789e+00     1.37432e+01
    1.96920e+00     1.35526e+01
    1.98057e+00     1.33645e+01
    1.99201e+00     1.31790e+01
    2.00351e+00     1.29960e+01
    2.01509e+00     1.28154e+01
    2.02672e+00     1.26373e+01
    2.03843e+00     1.24617e+01
    2.05020e+00     1.22884e+01
    2.06204e+00     1.21174e+01
    2.07395e+00     1.19487e+01
    2.08593e+00     1.17824e+01
    2.09798e+00     1.16183e+01
    2.11009e+00     1.14564e+01
    2.12228e+00     1.12967e+01
    2.13454e+00     1.11392e+01
    2.14687e+00     1.09839e+01
    2.15927e+00     1.08306e+01
    2.17174e+00     1.06794e+01
    2.18428e+00     1.05303e+01
    2.19689e+00     1.03833e+01
    2.20958e+00     1.02382e+01
    2.22234e+00     1.00951e+01
    2.23518e+00     9.95392e+00
    2.24809e+00     9.81469e+00
    2.26107e+00     9.67736e+00
    2.27413e+00     9.54190e+00
    2.28726e+00     9.40830e+00
    2.30047e+00     9.27652e+00
    2.31376e+00     9.14654e+00
    2.32712e+00     9.01834e+00
    2.34056e+00     8.89189e+00
    2.35408e+00     8.76717e+00
    2.36768e+00     8.64416e+00
    2.38135e+00     8.52283e+00
    2.39511e+00     8.40317e+00
    2.40894e+00     8.28515e+00
    2.42285e+00     8.16874e+00
    2.43684e+00     8.05393e+00
    2.45092e+00     7.94070e+00
    2.46507e+00     7.82902e+00
    2.47931e+00     7.71887e+00
    2.49363e+00     7.61024e+00
    2.50803e+00     7.50310e+00
    2.52252e+00     7.39744e+00
    2.53709e+00     7.29323e+00
    2.55174e+00     7.19045e+00
    2.56648e+00     7.08909e+00
    2.58130e+00     6.98912e+00
    2.59621e+00     6.89053e+00
    2.61120e+00     6.79330e+00
    2.62628e+00     6.69741e+00
    2.64145e+00     6.60285e+00
    2.65671e+00     6.50959e+00
    2.67205e+00     6.41761e+00
    2.68748e+00     6.32691e+00
    2.70300e+00     6.23746e+00
    2.71861e+00     6.14925e+00
    2.73432e+00     6.06225e+00
    2.75011e+00     5.97646e+00
    2.76599e+00     5.89186e+00
    2.78197e+00     5.80843e+00
    2.79803e+00     5.72615e+00
    2.81419e+00     5.64502e+00
    2.83045e+00     5.56501e+00
    2.84679e+00     5.48611e+00
    2.86324e+00     5.40830e+00
    2.87977e+00     5.33157e+00
    2.89640e+00     5.25591e+00
    2.91313e+00     5.18129e+00
    2.92996e+00     5.10772e+00
    2.94688e+00     5.03517e+00
    2.96390e+00     4.96362e+00
    2.98102e+00     4.89307e+00
    2.99823e+00     4.82350e+00
    3.01555e+00     4.75490e+00
    3.03297e+00     4.68726e+00
    3.05048e+00     4.62055e+00
    3.06810e+00     4.55478e+00
    3.08582e+00     4.48992e+00
    3.10364e+00     4.42597e+00
    3.12157e+00     4.36291e+00
    3.13960e+00     4.30073e+00
    3.15773e+00     4.23942e+00
    3.17597e+00     4.17896e+00
    3.19431e+00     4.11935e+00
    3.21276e+00     4.06057e+00
    3.23131e+00     4.00261e+00
    3.24997e+00     3.94546e+00
    3.26874e+00     3.88912e+00
    3.28762e+00     3.83356e+00
    3.30661e+00     3.77877e+00
    3.32571e+00     3.72476e+00
    3.34492e+00     3.67150e+00
    3.36423e+00     3.61899e+00
    3.38366e+00     3.56721e+00
    3.40321e+00     3.51617e+00
    3.42286e+00     3.46583e+00
    3.44263e+00     3.41620e+00
    3.46251e+00     3.36727e+00
    3.48251e+00     3.31903e+00
    3.50262e+00     3.27146e+00
    3.52285e+00     3.22457e+00
    3.54320e+00     3.17833e+00
    3.56366e+00     3.13274e+00
    3.58424e+00     3.08779e+00
    3.60495e+00     3.04348e+00
    3.62577e+00     2.99979e+00
    3.64671e+00     2.95671e+00
    3.66777e+00     2.91424e+00
    3.68895e+00     2.87237e+00
    3.71026e+00     2.83109e+00
    3.73168e+00     2.79039e+00
    3.75324e+00     2.75027e+00
    3.77491e+00     2.71071e+00
    3.79672e+00     2.67171e+00
    3.81864e+00     2.63326e+00
    3.84070e+00     2.59535e+00
    3.86288e+00     2.55798e+00
    3.88519e+00     2.52114e+00
    3.90763e+00     2.48482e+00
    3.93020e+00     2.44901e+00
    3.95290e+00     2.41371e+00
    3.97573e+00     2.37891e+00
    3.99869e+00     2.34460e+00
    4.02178e+00     2.31077e+00
    4.04501e+00     2.27743e+00
    4.06837e+00     2.24456e+00
    4.09187e+00     2.21215e+00
    4.11550e+00     2.18020e+00
    4.13927e+00     2.14871e+00
    4.16318e+00     2.11766e+00
    4.18722e+00     2.08705e+00
    4.21140e+00     2.05688e+00
    4.23573e+00     2.02714e+00
    4.26019e+00     1.99782e+00
    4.28479e+00     1.96891e+00
    4.30954e+00     1.94042e+00
    4.33443e+00     1.91233e+00
    4.35946e+00     1.88464e+00
    4.38464e+00     1.85735e+00
    4.40997e+00     1.83044e+00
    4.43544e+00     1.80392e+00
    4.46105e+00     1.77777e+00
    4.48682e+00     1.75200e+00
    4.51273e+00     1.72659e+00
    4.53879e+00     1.70154e+00
    4.56501e+00     1.67686e+00
    4.59137e+00     1.65252e+00
    4.61789e+00     1.62853e+00
    4.64456e+00     1.60489e+00
    4.67138e+00     1.58158e+00
    4.69836e+00     1.55860e+00
    4.72550e+00     1.53596e+00
    4.75279e+00     1.51363e+00
    4.78024e+00     1.49163e+00
    4.80785e+00     1.46994e+00
    4.83562e+00     1.44856e+00
    4.86354e+00     1.42748e+00
    4.89163e+00     1.40671e+00
    4.91989e+00     1.38624e+00
    4.94830e+00     1.36605e+00
    4.97688e+00     1.34616e+00
    5.00562e+00     1.32655e+00
    5.03453e+00     1.30722e+00
    5.06361e+00     1.28817e+00
    5.09285e+00     1.26940e+00
    5.12227e+00     1.25089e+00
    5.15185e+00     1.23265e+00
    5.18161e+00     1.21466e+00
    5.21153e+00     1.19694e+00
    5.24163e+00     1.17947e+00
    5.27190e+00     1.16226e+00
    5.30235e+00     1.14529e+00
    5.33298e+00     1.12856e+00
    5.36378e+00     1.11207e+00
    5.39475e+00     1.09582e+00
    5.42591e+00     1.07981e+00
    5.45725e+00     1.06402e+00
    5.48877e+00     1.04847e+00
    5.52047e+00     1.03313e+00
    5.55235e+00     1.01802e+00
    5.58442e+00     1.00312e+00
    5.61667e+00     9.88444e-01
    5.64911e+00     9.73975e-01
    5.68174e+00     9.59714e-01
    5.71455e+00     9.45659e-01
    5.74755e+00     9.31806e-01
    5.78075e+00     9.18154e-01
    5.81414e+00     9.04698e-01
    5.84772e+00     8.91436e-01
    5.88149e+00     8.78366e-01
    5.91546e+00     8.65485e-01
    5.94962e+00     8.52789e-01
    5.98398e+00     8.40277e-01
    6.01854e+00     8.27946e-01
    6.05330e+00     8.15793e-01
    6.08826e+00     8.03816e-01
    6.12343e+00     7.92012e-01
    6.15879e+00     7.80379e-01
    6.19436e+00     7.68914e-01
    6.23014e+00     7.57615e-01
    6.26612e+00     7.46479e-01
    6.30231e+00     7.35505e-01
    6.33871e+00     7.24690e-01
    6.37532e+00     7.14031e-01
    6.41214e+00     7.03527e-01
    6.44917e+00     6.93175e-01
    6.48642e+00     6.82973e-01
    6.52388e+00     6.72920e-01
    6.56156e+00     6.63012e-01
    6.59946e+00     6.53248e-01
    6.63757e+00     6.43625e-01
    6.67591e+00     6.34142e-01
    6.71446e+00     6.24797e-01
    6.75324e+00     6.15588e-01
    6.79224e+00     6.06512e-01
    6.83147e+00     5.97569e-01
    6.87093e+00     5.88755e-01
    6.91061e+00     5.80070e-01
    6.95052e+00     5.71510e-01
    6.99067e+00     5.63076e-01
    7.03104e+00     5.54764e-01
    7.07165e+00     5.46573e-01
    7.11249e+00     5.38501e-01
    7.15357e+00     5.30547e-01
    7.19488e+00     5.22709e-01
    7.23644e+00     5.14984e-01
    7.27823e+00     5.07373e-01
    7.32027e+00     4.99872e-01
    7.36254e+00     4.92481e-01
    7.40507e+00     4.85197e-01
    7.44783e+00     4.78020e-01
    7.49085e+00     4.70947e-01
    7.53411e+00     4.63978e-01
    7.57763e+00     4.57110e-01
    7.62139e+00     4.50343e-01
    7.66541e+00     4.43674e-01
    7.70968e+00     4.37103e-01
    7.75421e+00     4.30628e-01
    7.79899e+00     4.24248e-01
    7.84403e+00     4.17960e-01
    7.88934e+00     4.11765e-01
    7.93490e+00     4.05660e-01
    7.98073e+00     3.99645e-01
    8.02682e+00     3.93718e-01
    8.07318e+00     3.87877e-01
    8.11981e+00     3.82122e-01
    8.16670e+00     3.76451e-01
    8.21387e+00     3.70863e-01
    8.26131e+00     3.65357e-01
    8.30902e+00     3.59932e-01
    8.35701e+00     3.54586e-01
    8.40527e+00     3.49318e-01
    8.45382e+00     3.44128e-01
    8.50264e+00     3.39014e-01
    8.55175e+00     3.33975e-01
    8.60114e+00     3.29010e-01
    8.65082e+00     3.24118e-01
    8.70078e+00     3.19297e-01
    8.75103e+00     3.14548e-01
    8.80157e+00     3.09868e-01
    8.85241e+00     3.05256e-01
    8.90353e+00     3.00713e-01
    8.95495e+00     2.96236e-01
    9.00667e+00     2.91825e-01
    9.05869e+00     2.87479e-01
    9.11101e+00     2.83197e-01
    9.16363e+00     2.78978e-01
    9.21655e+00     2.74821e-01
    9.26978e+00     2.70725e-01
    9.32332e+00     2.66690e-01
    9.37717e+00     2.62713e-01
    9.43133e+00     2.58796e-01
    9.48580e+00     2.54936e-01
    9.54058e+00     2.51133e-01
    9.59568e+00     2.47386e-01
    9.65110e+00     2.43694e-01
    9.70684e+00     2.40056e-01
    9.76290e+00     2.36473e-01
    9.81929e+00     2.32942e-01
    9.87600e+00     2.29463e-01
    9.93304e+00     2.26035e-01
    9.99041e+00     2.22658e-01
    1.00481e+01     2.19331e-01
    1.01061e+01     2.16053e-01
    1.01645e+01     2.12824e-01
    1.02232e+01     2.09642e-01
    1.02823e+01     2.06507e-01
    1.03416e+01     2.03419e-01
    1.04014e+01     2.00376e-01
    1.04614e+01     1.97378e-01
    1.05219e+01     1.94424e-01
    1.05826e+01     1.91514e-01
    1.06437e+01     1.88647e-01
    1.07052e+01     1.85823e-01
    1.07670e+01     1.83040e-01
    1.08292e+01     1.80299e-01
    1.08918e+01     1.77598e-01
    1.09547e+01     1.74937e-01
    1.10180e+01     1.72316e-01
    1.10816e+01     1.69733e-01
    1.11456e+01     1.67188e-01
    1.12100e+01     1.64682e-01
    1.12747e+01     1.62212e-01
    1.13398e+01     1.59779e-01
    1.14053e+01     1.57382e-01
    1.14712e+01     1.55021e-01
    1.15374e+01     1.52695e-01
    1.16041e+01     1.50403e-01
    1.16711e+01     1.48145e-01
    1.17385e+01     1.45921e-01
    1.18063e+01     1.43730e-01
    1.18745e+01     1.41571e-01
    1.19431e+01     1.39444e-01
    1.20120e+01     1.37349e-01
    1.20814e+01     1.35285e-01
    1.21512e+01     1.33252e-01
    1.22214e+01     1.31249e-01
    1.22919e+01     1.29275e-01
    1.23629e+01     1.27331e-01
    1.24343e+01     1.25416e-01
    1.25062e+01     1.23530e-01
    1.25784e+01     1.21671e-01
    1.26510e+01     1.19840e-01
    1.27241e+01     1.18037e-01
    1.27976e+01     1.16260e-01
    1.28715e+01     1.14510e-01
    1.29458e+01     1.12785e-01
    1.30206e+01     1.11087e-01
    1.30958e+01     1.09413e-01
    1.31714e+01     1.07765e-01
    1.32475e+01     1.06141e-01
    1.33240e+01     1.04541e-01
    1.34010e+01     1.02966e-01
    1.34784e+01     1.01413e-01
    1.35562e+01     9.98843e-02
    1.36345e+01     9.83779e-02
    1.37133e+01     9.68940e-02
    1.37925e+01     9.54323e-02
    1.38721e+01     9.39924e-02
    1.39522e+01     9.25740e-02
    1.40328e+01     9.11767e-02
    1.41139e+01     8.98003e-02
    1.41954e+01     8.84445e-02
    1.42774e+01     8.71089e-02
    1.43598e+01     8.57932e-02
    1.44427e+01     8.44973e-02
    1.45262e+01     8.32207e-02
    1.46101e+01     8.19631e-02
    1.46944e+01     8.07244e-02
    1.47793e+01     7.95042e-02
    1.48647e+01     7.83023e-02
    1.49505e+01     7.71183e-02
    1.50369e+01     7.59520e-02
    1.51237e+01     7.48032e-02
    1.52111e+01     7.36716e-02
    1.52989e+01     7.25570e-02
    1.53873e+01     7.14590e-02
    1.54761e+01     7.03774e-02
    1.55655e+01     6.93121e-02
    1.56554e+01     6.82627e-02
    1.57458e+01     6.72291e-02
    1.58368e+01     6.62109e-02
    1.59282e+01     6.52080e-02
    1.60202e+01     6.42201e-02
    1.61127e+01     6.32471e-02
    1.62058e+01     6.22886e-02
    1.62994e+01     6.13446e-02
    1.63935e+01     6.04146e-02
    1.64882e+01     5.94987e-02
    1.65834e+01     5.85965e-02
    1.66792e+01     5.77078e-02
    1.67756e+01     5.68325e-02
    1.68724e+01     5.59703e-02
    1.69699e+01     5.51210e-02
    1.70679e+01     5.42846e-02
    1.71665e+01     5.34606e-02
    1.72656e+01     5.26491e-02
    1.73653e+01     5.18498e-02
    1.74656e+01     5.10624e-02
    1.75665e+01     5.02870e-02
    1.76680e+01     4.95231e-02
    1.77700e+01     4.87708e-02
    1.78726e+01     4.80298e-02
    1.79759e+01     4.72999e-02
    1.80797e+01     4.65810e-02
    1.81841e+01     4.58729e-02
    1.82891e+01     4.51755e-02
    1.83947e+01     4.44886e-02
    1.85010e+01     4.38120e-02
    1.86078e+01     4.31457e-02
    1.87153e+01     4.24893e-02
    1.88234e+01     4.18428e-02
    1.89321e+01     4.12061e-02
    1.90414e+01     4.05790e-02
    1.91514e+01     3.99613e-02
    1.92620e+01     3.93530e-02
    1.93733e+01     3.87538e-02
    1.94852e+01     3.81636e-02
    1.95977e+01     3.75824e-02
    1.97109e+01     3.70099e-02
    1.98247e+01     3.64460e-02
    1.99392e+01     3.58907e-02
    2.00544e+01     3.53437e-02
    2.01702e+01     3.48050e-02
    2.02867e+01     3.42744e-02
    2.04039e+01     3.37519e-02
    2.05217e+01     3.32372e-02
    2.06402e+01     3.27303e-02
    2.07594e+01     3.22310e-02
    2.08793e+01     3.17393e-02
    2.09999e+01     3.12551e-02
    2.11212e+01     3.07781e-02
    2.12432e+01     3.03084e-02
    2.13659e+01     2.98457e-02
    2.14893e+01     2.93901e-02
    2.16134e+01     2.89413e-02
    2.17382e+01     2.84994e-02
    2.18638e+01     2.80641e-02
    2.19900e+01     2.76354e-02
    2.21170e+01     2.72132e-02
    2.22448e+01     2.67974e-02
    2.23732e+01     2.63879e-02
    2.25025e+01     2.59845e-02
    2.26324e+01     2.55873e-02
    2.27631e+01     2.51961e-02
    2.28946e+01     2.48108e-02
    2.30268e+01     2.44314e-02
    2.31598e+01     2.40577e-02
    2.32936e+01     2.36897e-02
    2.34281e+01     2.33272e-02
    2.35634e+01     2.29703e-02
    2.36995e+01     2.26187e-02
    2.38364e+01     2.22725e-02
    2.39741e+01     2.19316e-02
    2.41125e+01     2.15958e-02
    2.42518e+01     2.12651e-02
    2.43918e+01     2.09394e-02
    2.45327e+01     2.06186e-02
    2.46744e+01     2.03028e-02
    2.48169e+01     1.99917e-02
    2.49602e+01     1.96853e-02
    2.51044e+01     1.93836e-02
    2.52494e+01     1.90865e-02
    2.53952e+01     1.87939e-02
    2.55419e+01     1.85058e-02
    2.56894e+01     1.82220e-02
    2.58378e+01     1.79425e-02
    2.59870e+01     1.76673e-02
    2.61371e+01     1.73962e-02
    2.62880e+01     1.71293e-02
    2.64399e+01     1.68664e-02
    2.65926e+01     1.66076e-02
    2.67462e+01     1.63526e-02
    2.69006e+01     1.61016e-02
    2.70560e+01     1.58544e-02
    2.72123e+01     1.56109e-02
    2.73694e+01     1.53711e-02
    2.75275e+01     1.51350e-02
    2.76865e+01     1.49025e-02
    2.78464e+01     1.46735e-02
    2.80072e+01     1.44480e-02
    2.81690e+01     1.42260e-02
    2.83316e+01     1.40073e-02
    2.84953e+01     1.37919e-02
    2.86598e+01     1.35799e-02
    2.88254e+01     1.33710e-02
    2.89919e+01     1.31654e-02
    2.91593e+01     1.29629e-02
    2.93277e+01     1.27634e-02
    2.94971e+01     1.25670e-02
    2.96674e+01     1.23736e-02
    2.98388e+01     1.21832e-02
    3.00111e+01     1.19957e-02
    3.01844e+01     1.18110e-02
    3.03588e+01     1.16291e-02
    3.05341e+01     1.14500e-02
    3.07105e+01     1.12737e-02
    3.08878e+01     1.11000e-02
    3.10662e+01     1.09290e-02
    3.12456e+01     1.07606e-02
    3.14261e+01     1.05948e-02
    3.16076e+01     1.04315e-02
    3.17902e+01     1.02707e-02
    3.19738e+01     1.01123e-02
    3.21584e+01     9.95641e-03
    3.23442e+01     9.80287e-03
    3.25310e+01     9.65168e-03
    3.27188e+01     9.50279e-03
    3.29078e+01     9.35619e-03
    3.30979e+01     9.21182e-03
    3.32890e+01     9.06966e-03
    3.34813e+01     8.92968e-03
    3.36746e+01     8.79184e-03
    3.38691e+01     8.65610e-03
    3.40647e+01     8.52245e-03
    3.42615e+01     8.39083e-03
    3.44594e+01     8.26124e-03
    3.46584e+01     8.13363e-03
    3.48585e+01     8.00797e-03
    3.50599e+01     7.88423e-03
    3.52624e+01     7.76239e-03
    3.54660e+01     7.64242e-03
    3.56709e+01     7.52428e-03
    3.58769e+01     7.40795e-03
    3.60841e+01     7.29341e-03
    3.62925e+01     7.18062e-03
    3.65021e+01     7.06956e-03
    3.67129e+01     6.96020e-03
    3.69249e+01     6.85252e-03
    3.71382e+01     6.74648e-03
    3.73527e+01     6.64208e-03
    3.75684e+01     6.53927e-03
    3.77854e+01     6.43805e-03
    3.80036e+01     6.33837e-03
    3.82231e+01     6.24023e-03
    3.84439e+01     6.14359e-03
    3.86659e+01     6.04843e-03
    3.88892e+01     5.95474e-03
    3.91138e+01     5.86248e-03
    3.93397e+01     5.77164e-03
    3.95669e+01     5.68219e-03
    3.97954e+01     5.59412e-03
    4.00253e+01     5.50740e-03
    4.02564e+01     5.42201e-03
    4.04889e+01     5.33793e-03
    4.07228e+01     5.25515e-03
    4.09580e+01     5.17364e-03
    4.11945e+01     5.09338e-03
    4.14324e+01     5.01435e-03
    4.16717e+01     4.93654e-03
    4.19124e+01     4.85992e-03
    4.21545e+01     4.78449e-03
    4.23979e+01     4.71021e-03
    4.26428e+01     4.63708e-03
    4.28891e+01     4.56507e-03
    4.31368e+01     4.49417e-03
    4.33859e+01     4.42436e-03
    4.36365e+01     4.35562e-03
    4.38885e+01     4.28794e-03
    4.41420e+01     4.22131e-03
    4.43969e+01     4.15570e-03
    4.46534e+01     4.09110e-03
    4.49113e+01     4.02749e-03
    4.51706e+01     3.96487e-03
    4.54315e+01     3.90321e-03
    4.56939e+01     3.84250e-03
    4.59578e+01     3.78272e-03
    4.62232e+01     3.72387e-03
    4.64902e+01     3.66592e-03
    4.67587e+01     3.60887e-03
    4.70288e+01     3.55269e-03
    4.73004e+01     3.49738e-03
    4.75736e+01     3.44293e-03
    4.78483e+01     3.38931e-03
    4.81247e+01     3.33652e-03
    4.84026e+01     3.28455e-03
    4.86821e+01     3.23337e-03
    4.89633e+01     3.18299e-03
    4.92461e+01     3.13339e-03
    4.95305e+01     3.08455e-03
    4.98166e+01     3.03646e-03
    5.01043e+01     2.98912e-03
    5.03937e+01     2.94250e-03
    5.06847e+01     2.89661e-03
    5.09774e+01     2.85143e-03
    5.12719e+01     2.80694e-03
    5.15680e+01     2.76314e-03
    5.18658e+01     2.72002e-03
    5.21654e+01     2.67756e-03
    5.24666e+01     2.63576e-03
    5.27697e+01     2.59461e-03
    5.30744e+01     2.55409e-03
    5.33810e+01     2.51420e-03
    5.36893e+01     2.47493e-03
    5.39993e+01     2.43626e-03
    5.43112e+01     2.39819e-03
    5.46249e+01     2.36072e-03
    5.49404e+01     2.32382e-03
    5.52577e+01     2.28749e-03
    5.55768e+01     2.25172e-03
    5.58978e+01     2.21651e-03
    5.62206e+01     2.18184e-03
    5.65453e+01     2.14771e-03
    5.68719e+01     2.11411e-03
    5.72004e+01     2.08102e-03
    5.75307e+01     2.04845e-03
    5.78630e+01     2.01639e-03
    5.81972e+01     1.98482e-03
    5.85333e+01     1.95374e-03
    5.88714e+01     1.92314e-03
    5.92114e+01     1.89302e-03
    5.95534e+01     1.86336e-03
    5.98973e+01     1.83416e-03
    6.02432e+01     1.80542e-03
    6.05912e+01     1.77712e-03
    6.09411e+01     1.74926e-03
    6.12931e+01     1.72183e-03
    6.16471e+01     1.69483e-03
    6.20031e+01     1.66825e-03
    6.23612e+01     1.64207e-03
    6.27214e+01     1.61631e-03
    6.30836e+01     1.59094e-03
    6.34480e+01     1.56597e-03
    6.38144e+01     1.54139e-03
    6.41830e+01     1.51719e-03
    6.45536e+01     1.49336e-03
    6.49265e+01     1.46990e-03
    6.53015e+01     1.44681e-03
    6.56786e+01     1.42408e-03
    6.60579e+01     1.40170e-03
    6.64394e+01     1.37967e-03
    6.68232e+01     1.35798e-03
    6.72091e+01     1.33662e-03
    6.75973e+01     1.31560e-03
    6.79877e+01     1.29491e-03
    6.83803e+01     1.27454e-03
    6.87753e+01     1.25448e-03
    6.91725e+01     1.23474e-03
    6.95720e+01     1.21530e-03
    6.99738e+01     1.19617e-03
    7.03779e+01     1.17733e-03
    7.07844e+01     1.15879e-03
    7.11932e+01     1.14054e-03
    7.16044e+01     1.12257e-03
    7.20179e+01     1.10488e-03
    7.24339e+01     1.08746e-03
    7.28522e+01     1.07032e-03
    7.32730e+01     1.05344e-03
    7.36961e+01     1.03683e-03
    7.41218e+01     1.02047e-03
    7.45499e+01     1.00437e-03
    7.49804e+01     9.88520e-04
    7.54135e+01     9.72917e-04
    7.58490e+01     9.57557e-04
    7.62871e+01     9.42437e-04
    7.67277e+01     9.27553e-04
    7.71708e+01     9.12901e-04
    7.76165e+01     8.98477e-04
    7.80648e+01     8.84278e-04
    7.85157e+01     8.70301e-04
    7.89691e+01     8.56541e-04
    7.94252e+01     8.42997e-04
    7.98839e+01     8.29664e-04
    8.03453e+01     8.16539e-04
    8.08093e+01     8.03618e-04
    8.12760e+01     7.90900e-04
    8.17454e+01     7.78380e-04
    8.22176e+01     7.66056e-04
    8.26924e+01     7.53924e-04
    8.31700e+01     7.41981e-04
    8.36503e+01     7.30226e-04
    8.41335e+01     7.18654e-04
    8.46194e+01     7.07262e-04
    8.51081e+01     6.96049e-04
    8.55996e+01     6.85011e-04
    8.60940e+01     6.74146e-04
    8.65912e+01     6.63451e-04
    8.70913e+01     6.52923e-04
    8.75943e+01     6.42559e-04
    8.81002e+01     6.32358e-04
    8.86091e+01     6.22316e-04
    8.91208e+01     6.12431e-04
    8.96355e+01     6.02702e-04
    9.01532e+01     5.93124e-04
    9.06739e+01     5.83696e-04
    9.11976e+01     5.74416e-04
    9.17243e+01     5.65281e-04
    9.22540e+01     5.56289e-04
    9.27869e+01     5.47438e-04
    9.33227e+01     5.38726e-04
    9.38617e+01     5.30150e-04
    9.44038e+01     5.21709e-04
    9.49490e+01     5.13400e-04
    9.54974e+01     5.05221e-04
    9.60490e+01     4.97170e-04
    9.66037e+01     4.89246e-04
    9.71616e+01     4.81445e-04
    9.77228e+01     4.73768e-04
    9.82872e+01     4.66210e-04
    9.88548e+01     4.58771e-04
    9.94258e+01     4.51449e-04
    1.00000e+02     4.44242e-04
