# The (real space) HaloFit power spectrum from CLASS.
#      k[h/Mpc]            P(k)
    1.00000e-04     4.28092e+02
    1.00578e-04     4.30480e+02
    1.01158e-04     4.32882e+02
    1.01743e-04     4.35297e+02
    1.02330e-04     4.37725e+02
    1.02921e-04     4.40167e+02
    1.03516e-04     4.42623e+02
    1.04114e-04     4.45092e+02
    1.04715e-04     4.47575e+02
    1.05320e-04     4.50071e+02
    1.05928e-04     4.52582e+02
    1.06540e-04     4.55107e+02
    1.07155e-04     4.57646e+02
    1.07774e-04     4.60198e+02
    1.08396e-04     4.62766e+02
    1.09022e-04     4.65347e+02
    1.09652e-04     4.67943e+02
    1.10285e-04     4.70553e+02
    1.10922e-04     4.73178e+02
    1.11563e-04     4.75817e+02
    1.12207e-04     4.78471e+02
    1.12855e-04     4.81140e+02
    1.13507e-04     4.83824e+02
    1.14163e-04     4.86523e+02
    1.14822e-04     4.89237e+02
    1.15485e-04     4.91966e+02
    1.16152e-04     4.94710e+02
    1.16823e-04     4.97469e+02
    1.17498e-04     5.00244e+02
    1.18176e-04     5.03034e+02
    1.18859e-04     5.05840e+02
    1.19545e-04     5.08661e+02
    1.20236e-04     5.11498e+02
    1.20930e-04     5.14351e+02
    1.21629e-04     5.17220e+02
    1.22331e-04     5.20105e+02
    1.23038e-04     5.23006e+02
    1.23748e-04     5.25923e+02
    1.24463e-04     5.28856e+02
    1.25182e-04     5.31805e+02
    1.25905e-04     5.34771e+02
    1.26632e-04     5.37754e+02
    1.27363e-04     5.40753e+02
    1.28099e-04     5.43769e+02
    1.28839e-04     5.46801e+02
    1.29583e-04     5.49851e+02
    1.30331e-04     5.52917e+02
    1.31084e-04     5.56001e+02
    1.31841e-04     5.59101e+02
    1.32602e-04     5.62219e+02
    1.33368e-04     5.65355e+02
    1.34138e-04     5.68508e+02
    1.34913e-04     5.71678e+02
    1.35692e-04     5.74866e+02
    1.36476e-04     5.78072e+02
    1.37264e-04     5.81295e+02
    1.38057e-04     5.84537e+02
    1.38854e-04     5.87796e+02
    1.39656e-04     5.91074e+02
    1.40463e-04     5.94370e+02
    1.41274e-04     5.97684e+02
    1.42090e-04     6.01017e+02
    1.42911e-04     6.04368e+02
    1.43736e-04     6.07738e+02
    1.44566e-04     6.11127e+02
    1.45401e-04     6.14534e+02
    1.46241e-04     6.17961e+02
    1.47085e-04     6.21406e+02
    1.47935e-04     6.24871e+02
    1.48789e-04     6.28355e+02
    1.49649e-04     6.31858e+02
    1.50513e-04     6.35381e+02
    1.51382e-04     6.38923e+02
    1.52257e-04     6.42486e+02
    1.53136e-04     6.46068e+02
    1.54020e-04     6.49669e+02
    1.54910e-04     6.53291e+02
    1.55805e-04     6.56933e+02
    1.56704e-04     6.60596e+02
    1.57609e-04     6.64278e+02
    1.58520e-04     6.67982e+02
    1.59435e-04     6.71705e+02
    1.60356e-04     6.75450e+02
    1.61282e-04     6.79215e+02
    1.62214e-04     6.83001e+02
    1.63151e-04     6.86809e+02
    1.64093e-04     6.90637e+02
    1.65041e-04     6.94487e+02
    1.65994e-04     6.98358e+02
    1.66952e-04     7.02251e+02
    1.67917e-04     7.06165e+02
    1.68886e-04     7.10101e+02
    1.69862e-04     7.14059e+02
    1.70843e-04     7.18039e+02
    1.71830e-04     7.22041e+02
    1.72822e-04     7.26065e+02
    1.73820e-04     7.30112e+02
    1.74824e-04     7.34181e+02
    1.75834e-04     7.38273e+02
    1.76849e-04     7.42387e+02
    1.77871e-04     7.46525e+02
    1.78898e-04     7.50685e+02
    1.79931e-04     7.54868e+02
    1.80970e-04     7.59075e+02
    1.82016e-04     7.63305e+02
    1.83067e-04     7.67559e+02
    1.84124e-04     7.71836e+02
    1.85187e-04     7.76137e+02
    1.86257e-04     7.80461e+02
    1.87333e-04     7.84810e+02
    1.88415e-04     7.89183e+02
    1.89503e-04     7.93580e+02
    1.90597e-04     7.98002e+02
    1.91698e-04     8.02448e+02
    1.92805e-04     8.06919e+02
    1.93919e-04     8.11415e+02
    1.95039e-04     8.15936e+02
    1.96165e-04     8.20481e+02
    1.97298e-04     8.25052e+02
    1.98438e-04     8.29649e+02
    1.99584e-04     8.34271e+02
    2.00736e-04     8.38918e+02
    2.01896e-04     8.43591e+02
    2.03062e-04     8.48291e+02
    2.04235e-04     8.53016e+02
    2.05414e-04     8.57768e+02
    2.06600e-04     8.62545e+02
    2.07794e-04     8.67350e+02
    2.08994e-04     8.72181e+02
    2.10201e-04     8.77039e+02
    2.11415e-04     8.81923e+02
    2.12636e-04     8.86835e+02
    2.13864e-04     8.91774e+02
    2.15099e-04     8.96741e+02
    2.16341e-04     9.01735e+02
    2.17591e-04     9.06757e+02
    2.18848e-04     9.11806e+02
    2.20112e-04     9.16884e+02
    2.21383e-04     9.21989e+02
    2.22661e-04     9.27123e+02
    2.23947e-04     9.32286e+02
    2.25241e-04     9.37477e+02
    2.26542e-04     9.42697e+02
    2.27850e-04     9.47945e+02
    2.29166e-04     9.53223e+02
    2.30489e-04     9.58530e+02
    2.31821e-04     9.63867e+02
    2.33160e-04     9.69233e+02
    2.34506e-04     9.74628e+02
    2.35861e-04     9.80054e+02
    2.37223e-04     9.85509e+02
    2.38593e-04     9.90995e+02
    2.39971e-04     9.96511e+02
    2.41357e-04     1.00206e+03
    2.42751e-04     1.00764e+03
    2.44153e-04     1.01324e+03
    2.45563e-04     1.01888e+03
    2.46981e-04     1.02455e+03
    2.48407e-04     1.03026e+03
    2.49842e-04     1.03599e+03
    2.51285e-04     1.04175e+03
    2.52736e-04     1.04755e+03
    2.54196e-04     1.05338e+03
    2.55664e-04     1.05924e+03
    2.57141e-04     1.06514e+03
    2.58626e-04     1.07106e+03
    2.60120e-04     1.07702e+03
    2.61622e-04     1.08301e+03
    2.63133e-04     1.08904e+03
    2.64653e-04     1.09510e+03
    2.66181e-04     1.10119e+03
    2.67718e-04     1.10731e+03
    2.69265e-04     1.11347e+03
    2.70820e-04     1.11967e+03
    2.72384e-04     1.12589e+03
    2.73957e-04     1.13216e+03
    2.75539e-04     1.13845e+03
    2.77131e-04     1.14479e+03
    2.78731e-04     1.15115e+03
    2.80341e-04     1.15755e+03
    2.81960e-04     1.16399e+03
    2.83589e-04     1.17046e+03
    2.85226e-04     1.17697e+03
    2.86874e-04     1.18351e+03
    2.88531e-04     1.19009e+03
    2.90197e-04     1.19671e+03
    2.91873e-04     1.20336e+03
    2.93559e-04     1.21005e+03
    2.95254e-04     1.21678e+03
    2.96959e-04     1.22354e+03
    2.98674e-04     1.23034e+03
    3.00399e-04     1.23718e+03
    3.02134e-04     1.24406e+03
    3.03879e-04     1.25097e+03
    3.05634e-04     1.25793e+03
    3.07400e-04     1.26492e+03
    3.09175e-04     1.27194e+03
    3.10961e-04     1.27901e+03
    3.12756e-04     1.28612e+03
    3.14563e-04     1.29326e+03
    3.16380e-04     1.30045e+03
    3.18207e-04     1.30767e+03
    3.20045e-04     1.31494e+03
    3.21893e-04     1.32224e+03
    3.23752e-04     1.32959e+03
    3.25622e-04     1.33697e+03
    3.27503e-04     1.34440e+03
    3.29394e-04     1.35186e+03
    3.31296e-04     1.35937e+03
    3.33210e-04     1.36692e+03
    3.35134e-04     1.37451e+03
    3.37070e-04     1.38214e+03
    3.39017e-04     1.38981e+03
    3.40975e-04     1.39753e+03
    3.42944e-04     1.40529e+03
    3.44925e-04     1.41309e+03
    3.46917e-04     1.42093e+03
    3.48920e-04     1.42882e+03
    3.50935e-04     1.43675e+03
    3.52962e-04     1.44472e+03
    3.55001e-04     1.45274e+03
    3.57051e-04     1.46080e+03
    3.59113e-04     1.46891e+03
    3.61187e-04     1.47706e+03
    3.63273e-04     1.48525e+03
    3.65371e-04     1.49349e+03
    3.67482e-04     1.50178e+03
    3.69604e-04     1.51011e+03
    3.71739e-04     1.51848e+03
    3.73886e-04     1.52691e+03
    3.76045e-04     1.53537e+03
    3.78217e-04     1.54389e+03
    3.80401e-04     1.55245e+03
    3.82598e-04     1.56106e+03
    3.84808e-04     1.56971e+03
    3.87030e-04     1.57841e+03
    3.89266e-04     1.58716e+03
    3.91514e-04     1.59596e+03
    3.93775e-04     1.60481e+03
    3.96049e-04     1.61370e+03
    3.98337e-04     1.62264e+03
    4.00637e-04     1.63163e+03
    4.02951e-04     1.64067e+03
    4.05278e-04     1.64976e+03
    4.07619e-04     1.65890e+03
    4.09973e-04     1.66809e+03
    4.12341e-04     1.67733e+03
    4.14722e-04     1.68662e+03
    4.17118e-04     1.69596e+03
    4.19527e-04     1.70536e+03
    4.21950e-04     1.71480e+03
    4.24387e-04     1.72429e+03
    4.26838e-04     1.73384e+03
    4.29303e-04     1.74344e+03
    4.31782e-04     1.75309e+03
    4.34276e-04     1.76279e+03
    4.36784e-04     1.77255e+03
    4.39307e-04     1.78236e+03
    4.41844e-04     1.79222e+03
    4.44396e-04     1.80214e+03
    4.46962e-04     1.81211e+03
    4.49544e-04     1.82213e+03
    4.52140e-04     1.83221e+03
    4.54751e-04     1.84234e+03
    4.57378e-04     1.85253e+03
    4.60019e-04     1.86278e+03
    4.62676e-04     1.87308e+03
    4.65348e-04     1.88343e+03
    4.68036e-04     1.89384e+03
    4.70739e-04     1.90431e+03
    4.73458e-04     1.91484e+03
    4.76192e-04     1.92542e+03
    4.78943e-04     1.93606e+03
    4.81709e-04     1.94675e+03
    4.84491e-04     1.95751e+03
    4.87289e-04     1.96832e+03
    4.90103e-04     1.97919e+03
    4.92934e-04     1.99013e+03
    4.95781e-04     2.00112e+03
    4.98644e-04     2.01217e+03
    5.01524e-04     2.02327e+03
    5.04421e-04     2.03444e+03
    5.07334e-04     2.04567e+03
    5.10264e-04     2.05696e+03
    5.13211e-04     2.06831e+03
    5.16175e-04     2.07973e+03
    5.19156e-04     2.09120e+03
    5.22155e-04     2.10274e+03
    5.25170e-04     2.11434e+03
    5.28203e-04     2.12600e+03
    5.31254e-04     2.13772e+03
    5.34322e-04     2.14951e+03
    5.37408e-04     2.16136e+03
    5.40512e-04     2.17327e+03
    5.43634e-04     2.18525e+03
    5.46773e-04     2.19730e+03
    5.49931e-04     2.20940e+03
    5.53107e-04     2.22158e+03
    5.56302e-04     2.23381e+03
    5.59515e-04     2.24612e+03
    5.62746e-04     2.25849e+03
    5.65996e-04     2.27093e+03
    5.69265e-04     2.28343e+03
    5.72553e-04     2.29600e+03
    5.75860e-04     2.30864e+03
    5.79186e-04     2.32134e+03
    5.82531e-04     2.33412e+03
    5.85895e-04     2.34696e+03
    5.89279e-04     2.35987e+03
    5.92682e-04     2.37285e+03
    5.96105e-04     2.38590e+03
    5.99548e-04     2.39902e+03
    6.03011e-04     2.41221e+03
    6.06494e-04     2.42547e+03
    6.09996e-04     2.43880e+03
    6.13519e-04     2.45221e+03
    6.17063e-04     2.46568e+03
    6.20627e-04     2.47923e+03
    6.24211e-04     2.49284e+03
    6.27816e-04     2.50653e+03
    6.31442e-04     2.52030e+03
    6.35089e-04     2.53414e+03
    6.38757e-04     2.54805e+03
    6.42446e-04     2.56203e+03
    6.46156e-04     2.57609e+03
    6.49888e-04     2.59022e+03
    6.53642e-04     2.60443e+03
    6.57417e-04     2.61872e+03
    6.61214e-04     2.63308e+03
    6.65032e-04     2.64752e+03
    6.68873e-04     2.66203e+03
    6.72736e-04     2.67662e+03
    6.76622e-04     2.69129e+03
    6.80530e-04     2.70603e+03
    6.84460e-04     2.72086e+03
    6.88413e-04     2.73576e+03
    6.92389e-04     2.75074e+03
    6.96388e-04     2.76580e+03
    7.00410e-04     2.78094e+03
    7.04455e-04     2.79616e+03
    7.08524e-04     2.81146e+03
    7.12616e-04     2.82684e+03
    7.16731e-04     2.84231e+03
    7.20871e-04     2.85785e+03
    7.25034e-04     2.87348e+03
    7.29222e-04     2.88918e+03
    7.33433e-04     2.90498e+03
    7.37669e-04     2.92085e+03
    7.41930e-04     2.93681e+03
    7.46215e-04     2.95285e+03
    7.50524e-04     2.96897e+03
    7.54859e-04     2.98518e+03
    7.59219e-04     3.00148e+03
    7.63603e-04     3.01786e+03
    7.68014e-04     3.03433e+03
    7.72449e-04     3.05088e+03
    7.76910e-04     3.06752e+03
    7.81398e-04     3.08425e+03
    7.85910e-04     3.10106e+03
    7.90449e-04     3.11796e+03
    7.95015e-04     3.13495e+03
    7.99606e-04     3.15203e+03
    8.04224e-04     3.16920e+03
    8.08869e-04     3.18646e+03
    8.13541e-04     3.20381e+03
    8.18239e-04     3.22124e+03
    8.22965e-04     3.23877e+03
    8.27718e-04     3.25639e+03
    8.32499e-04     3.27411e+03
    8.37307e-04     3.29191e+03
    8.42142e-04     3.30981e+03
    8.47006e-04     3.32780e+03
    8.51898e-04     3.34588e+03
    8.56818e-04     3.36405e+03
    8.61767e-04     3.38232e+03
    8.66744e-04     3.40069e+03
    8.71750e-04     3.41915e+03
    8.76785e-04     3.43771e+03
    8.81848e-04     3.45636e+03
    8.86941e-04     3.47510e+03
    8.92064e-04     3.49395e+03
    8.97216e-04     3.51289e+03
    9.02398e-04     3.53193e+03
    9.07610e-04     3.55107e+03
    9.12852e-04     3.57030e+03
    9.18124e-04     3.58964e+03
    9.23426e-04     3.60907e+03
    9.28760e-04     3.62860e+03
    9.34124e-04     3.64824e+03
    9.39519e-04     3.66797e+03
    9.44945e-04     3.68781e+03
    9.50402e-04     3.70774e+03
    9.55891e-04     3.72778e+03
    9.61412e-04     3.74792e+03
    9.66965e-04     3.76817e+03
    9.72549e-04     3.78851e+03
    9.78166e-04     3.80897e+03
    9.83816e-04     3.82952e+03
    9.89498e-04     3.85018e+03
    9.95212e-04     3.87094e+03
    1.00096e-03     3.89182e+03
    1.00674e-03     3.91279e+03
    1.01256e-03     3.93387e+03
    1.01840e-03     3.95506e+03
    1.02429e-03     3.97636e+03
    1.03020e-03     3.99777e+03
    1.03615e-03     4.01928e+03
    1.04214e-03     4.04090e+03
    1.04815e-03     4.06263e+03
    1.05421e-03     4.08447e+03
    1.06030e-03     4.10643e+03
    1.06642e-03     4.12849e+03
    1.07258e-03     4.15066e+03
    1.07877e-03     4.17294e+03
    1.08500e-03     4.19534e+03
    1.09127e-03     4.21785e+03
    1.09757e-03     4.24047e+03
    1.10391e-03     4.26320e+03
    1.11029e-03     4.28605e+03
    1.11670e-03     4.30901e+03
    1.12315e-03     4.33209e+03
    1.12964e-03     4.35528e+03
    1.13616e-03     4.37859e+03
    1.14272e-03     4.40201e+03
    1.14932e-03     4.42555e+03
    1.15596e-03     4.44921e+03
    1.16264e-03     4.47298e+03
    1.16935e-03     4.49687e+03
    1.17610e-03     4.52088e+03
    1.18290e-03     4.54501e+03
    1.18973e-03     4.56926e+03
    1.19660e-03     4.59362e+03
    1.20351e-03     4.61811e+03
    1.21046e-03     4.64272e+03
    1.21745e-03     4.66745e+03
    1.22448e-03     4.69230e+03
    1.23156e-03     4.71727e+03
    1.23867e-03     4.74236e+03
    1.24582e-03     4.76758e+03
    1.25302e-03     4.79292e+03
    1.26026e-03     4.81838e+03
    1.26753e-03     4.84397e+03
    1.27485e-03     4.86968e+03
    1.28222e-03     4.89552e+03
    1.28962e-03     4.92148e+03
    1.29707e-03     4.94757e+03
    1.30456e-03     4.97378e+03
    1.31210e-03     5.00013e+03
    1.31967e-03     5.02660e+03
    1.32730e-03     5.05319e+03
    1.33496e-03     5.07992e+03
    1.34267e-03     5.10677e+03
    1.35043e-03     5.13375e+03
    1.35823e-03     5.16087e+03
    1.36607e-03     5.18811e+03
    1.37396e-03     5.21548e+03
    1.38190e-03     5.24299e+03
    1.38988e-03     5.27062e+03
    1.39790e-03     5.29839e+03
    1.40598e-03     5.32629e+03
    1.41410e-03     5.35432e+03
    1.42226e-03     5.38249e+03
    1.43048e-03     5.41079e+03
    1.43874e-03     5.43922e+03
    1.44705e-03     5.46779e+03
    1.45541e-03     5.49649e+03
    1.46381e-03     5.52533e+03
    1.47227e-03     5.55430e+03
    1.48077e-03     5.58341e+03
    1.48932e-03     5.61266e+03
    1.49792e-03     5.64204e+03
    1.50658e-03     5.67157e+03
    1.51528e-03     5.70123e+03
    1.52403e-03     5.73102e+03
    1.53283e-03     5.76096e+03
    1.54168e-03     5.79104e+03
    1.55059e-03     5.82125e+03
    1.55954e-03     5.85161e+03
    1.56855e-03     5.88210e+03
    1.57761e-03     5.91274e+03
    1.58672e-03     5.94352e+03
    1.59588e-03     5.97444e+03
    1.60510e-03     6.00551e+03
    1.61437e-03     6.03671e+03
    1.62369e-03     6.06806e+03
    1.63307e-03     6.09956e+03
    1.64250e-03     6.13119e+03
    1.65199e-03     6.16298e+03
    1.66153e-03     6.19490e+03
    1.67113e-03     6.22698e+03
    1.68078e-03     6.25919e+03
    1.69049e-03     6.29156e+03
    1.70025e-03     6.32407e+03
    1.71007e-03     6.35673e+03
    1.71995e-03     6.38953e+03
    1.72988e-03     6.42248e+03
    1.73987e-03     6.45558e+03
    1.74992e-03     6.48883e+03
    1.76003e-03     6.52223e+03
    1.77019e-03     6.55578e+03
    1.78041e-03     6.58947e+03
    1.79070e-03     6.62332e+03
    1.80104e-03     6.65731e+03
    1.81144e-03     6.69146e+03
    1.82190e-03     6.72576e+03
    1.83243e-03     6.76021e+03
    1.84301e-03     6.79481e+03
    1.85365e-03     6.82956e+03
    1.86436e-03     6.86446e+03
    1.87513e-03     6.89952e+03
    1.88596e-03     6.93473e+03
    1.89685e-03     6.97009e+03
    1.90780e-03     7.00561e+03
    1.91882e-03     7.04128e+03
    1.92990e-03     7.07711e+03
    1.94105e-03     7.11309e+03
    1.95226e-03     7.14922e+03
    1.96354e-03     7.18551e+03
    1.97488e-03     7.22196e+03
    1.98628e-03     7.25856e+03
    1.99775e-03     7.29532e+03
    2.00929e-03     7.33223e+03
    2.02090e-03     7.36930e+03
    2.03257e-03     7.40653e+03
    2.04431e-03     7.44392e+03
    2.05611e-03     7.48146e+03
    2.06799e-03     7.51916e+03
    2.07993e-03     7.55702e+03
    2.09194e-03     7.59504e+03
    2.10403e-03     7.63321e+03
    2.11618e-03     7.67155e+03
    2.12840e-03     7.71005e+03
    2.14069e-03     7.74870e+03
    2.15306e-03     7.78751e+03
    2.16549e-03     7.82649e+03
    2.17800e-03     7.86562e+03
    2.19058e-03     7.90492e+03
    2.20323e-03     7.94437e+03
    2.21595e-03     7.98399e+03
    2.22875e-03     8.02377e+03
    2.24162e-03     8.06371e+03
    2.25457e-03     8.10381e+03
    2.26759e-03     8.14407e+03
    2.28069e-03     8.18449e+03
    2.29386e-03     8.22508e+03
    2.30711e-03     8.26583e+03
    2.32043e-03     8.30674e+03
    2.33383e-03     8.34781e+03
    2.34731e-03     8.38905e+03
    2.36087e-03     8.43044e+03
    2.37451e-03     8.47200e+03
    2.38822e-03     8.51373e+03
    2.40201e-03     8.55562e+03
    2.41589e-03     8.59767e+03
    2.42984e-03     8.63988e+03
    2.44387e-03     8.68226e+03
    2.45799e-03     8.72480e+03
    2.47218e-03     8.76750e+03
    2.48646e-03     8.81037e+03
    2.50082e-03     8.85341e+03
    2.51526e-03     8.89660e+03
    2.52979e-03     8.93997e+03
    2.54440e-03     8.98349e+03
    2.55910e-03     9.02718e+03
    2.57388e-03     9.07104e+03
    2.58874e-03     9.11505e+03
    2.60369e-03     9.15924e+03
    2.61873e-03     9.20358e+03
    2.63386e-03     9.24810e+03
    2.64907e-03     9.29277e+03
    2.66437e-03     9.33762e+03
    2.67975e-03     9.38262e+03
    2.69523e-03     9.42779e+03
    2.71080e-03     9.47313e+03
    2.72645e-03     9.51863e+03
    2.74220e-03     9.56429e+03
    2.75804e-03     9.61012e+03
    2.77397e-03     9.65611e+03
    2.78999e-03     9.70227e+03
    2.80610e-03     9.74859e+03
    2.82231e-03     9.79507e+03
    2.83861e-03     9.84172e+03
    2.85500e-03     9.88854e+03
    2.87149e-03     9.93551e+03
    2.88808e-03     9.98265e+03
    2.90476e-03     1.00300e+04
    2.92153e-03     1.00774e+04
    2.93841e-03     1.01250e+04
    2.95538e-03     1.01728e+04
    2.97244e-03     1.02208e+04
    2.98961e-03     1.02689e+04
    3.00688e-03     1.03172e+04
    3.02424e-03     1.03656e+04
    3.04171e-03     1.04142e+04
    3.05928e-03     1.04630e+04
    3.07695e-03     1.05119e+04
    3.09472e-03     1.05610e+04
    3.11259e-03     1.06103e+04
    3.13057e-03     1.06597e+04
    3.14865e-03     1.07093e+04
    3.16683e-03     1.07590e+04
    3.18512e-03     1.08089e+04
    3.20352e-03     1.08589e+04
    3.22202e-03     1.09091e+04
    3.24063e-03     1.09595e+04
    3.25935e-03     1.10100e+04
    3.27817e-03     1.10607e+04
    3.29710e-03     1.11116e+04
    3.31615e-03     1.11626e+04
    3.33530e-03     1.12137e+04
    3.35456e-03     1.12650e+04
    3.37394e-03     1.13165e+04
    3.39342e-03     1.13681e+04
    3.41302e-03     1.14199e+04
    3.43273e-03     1.14719e+04
    3.45256e-03     1.15240e+04
    3.47250e-03     1.15762e+04
    3.49255e-03     1.16286e+04
    3.51272e-03     1.16812e+04
    3.53301e-03     1.17339e+04
    3.55342e-03     1.17867e+04
    3.57394e-03     1.18397e+04
    3.59458e-03     1.18929e+04
    3.61534e-03     1.19462e+04
    3.63622e-03     1.19997e+04
    3.65722e-03     1.20533e+04
    3.67834e-03     1.21070e+04
    3.69959e-03     1.21609e+04
    3.72096e-03     1.22150e+04
    3.74245e-03     1.22692e+04
    3.76406e-03     1.23235e+04
    3.78580e-03     1.23780e+04
    3.80766e-03     1.24326e+04
    3.82965e-03     1.24874e+04
    3.85177e-03     1.25423e+04
    3.87402e-03     1.25974e+04
    3.89639e-03     1.26526e+04
    3.91890e-03     1.27079e+04
    3.94153e-03     1.27634e+04
    3.96429e-03     1.28190e+04
    3.98719e-03     1.28748e+04
    4.01022e-03     1.29307e+04
    4.03338e-03     1.29867e+04
    4.05667e-03     1.30429e+04
    4.08010e-03     1.30992e+04
    4.10367e-03     1.31556e+04
    4.12737e-03     1.32122e+04
    4.15121e-03     1.32689e+04
    4.17518e-03     1.33257e+04
    4.19929e-03     1.33826e+04
    4.22355e-03     1.34397e+04
    4.24794e-03     1.34969e+04
    4.27247e-03     1.35543e+04
    4.29715e-03     1.36118e+04
    4.32197e-03     1.36693e+04
    4.34693e-03     1.37271e+04
    4.37203e-03     1.37849e+04
    4.39729e-03     1.38428e+04
    4.42268e-03     1.39009e+04
    4.44822e-03     1.39591e+04
    4.47392e-03     1.40174e+04
    4.49975e-03     1.40758e+04
    4.52574e-03     1.41344e+04
    4.55188e-03     1.41930e+04
    4.57817e-03     1.42518e+04
    4.60461e-03     1.43107e+04
    4.63121e-03     1.43697e+04
    4.65795e-03     1.44288e+04
    4.68485e-03     1.44880e+04
    4.71191e-03     1.45473e+04
    4.73913e-03     1.46067e+04
    4.76650e-03     1.46662e+04
    4.79402e-03     1.47258e+04
    4.82171e-03     1.47855e+04
    4.84956e-03     1.48453e+04
    4.87757e-03     1.49052e+04
    4.90574e-03     1.49652e+04
    4.93407e-03     1.50253e+04
    4.96257e-03     1.50855e+04
    4.99123e-03     1.51458e+04
    5.02006e-03     1.52061e+04
    5.04905e-03     1.52666e+04
    5.07821e-03     1.53271e+04
    5.10754e-03     1.53877e+04
    5.13704e-03     1.54484e+04
    5.16671e-03     1.55092e+04
    5.19655e-03     1.55701e+04
    5.22656e-03     1.56310e+04
    5.25675e-03     1.56920e+04
    5.28711e-03     1.57531e+04
    5.31764e-03     1.58143e+04
    5.34835e-03     1.58755e+04
    5.37924e-03     1.59368e+04
    5.41031e-03     1.59982e+04
    5.44156e-03     1.60596e+04
    5.47299e-03     1.61211e+04
    5.50459e-03     1.61826e+04
    5.53639e-03     1.62442e+04
    5.56836e-03     1.63059e+04
    5.60052e-03     1.63676e+04
    5.63287e-03     1.64293e+04
    5.66540e-03     1.64911e+04
    5.69812e-03     1.65530e+04
    5.73103e-03     1.66149e+04
    5.76413e-03     1.66768e+04
    5.79742e-03     1.67388e+04
    5.83090e-03     1.68008e+04
    5.86458e-03     1.68628e+04
    5.89845e-03     1.69249e+04
    5.93252e-03     1.69870e+04
    5.96678e-03     1.70492e+04
    6.00124e-03     1.71113e+04
    6.03590e-03     1.71735e+04
    6.07076e-03     1.72357e+04
    6.10582e-03     1.72979e+04
    6.14108e-03     1.73602e+04
    6.17655e-03     1.74224e+04
    6.21223e-03     1.74847e+04
    6.24810e-03     1.75469e+04
    6.28419e-03     1.76092e+04
    6.32048e-03     1.76715e+04
    6.35699e-03     1.77337e+04
    6.39370e-03     1.77960e+04
    6.43063e-03     1.78583e+04
    6.46777e-03     1.79205e+04
    6.50512e-03     1.79827e+04
    6.54269e-03     1.80450e+04
    6.58048e-03     1.81072e+04
    6.61849e-03     1.81694e+04
    6.65671e-03     1.82315e+04
    6.69516e-03     1.82937e+04
    6.73382e-03     1.83558e+04
    6.77272e-03     1.84178e+04
    6.81183e-03     1.84799e+04
    6.85117e-03     1.85419e+04
    6.89074e-03     1.86038e+04
    6.93054e-03     1.86658e+04
    6.97057e-03     1.87276e+04
    7.01082e-03     1.87894e+04
    7.05131e-03     1.88512e+04
    7.09204e-03     1.89129e+04
    7.13300e-03     1.89745e+04
    7.17420e-03     1.90361e+04
    7.21563e-03     1.90976e+04
    7.25730e-03     1.91590e+04
    7.29922e-03     1.92204e+04
    7.34137e-03     1.92816e+04
    7.38377e-03     1.93428e+04
    7.42642e-03     1.94039e+04
    7.46931e-03     1.94649e+04
    7.51245e-03     1.95259e+04
    7.55584e-03     1.95867e+04
    7.59948e-03     1.96474e+04
    7.64337e-03     1.97080e+04
    7.68751e-03     1.97685e+04
    7.73191e-03     1.98289e+04
    7.77657e-03     1.98892e+04
    7.82148e-03     1.99493e+04
    7.86665e-03     2.00094e+04
    7.91209e-03     2.00693e+04
    7.95778e-03     2.01290e+04
    8.00374e-03     2.01887e+04
    8.04997e-03     2.02482e+04
    8.09646e-03     2.03075e+04
    8.14322e-03     2.03667e+04
    8.19025e-03     2.04258e+04
    8.23755e-03     2.04847e+04
    8.28513e-03     2.05434e+04
    8.33298e-03     2.06020e+04
    8.38111e-03     2.06604e+04
    8.42951e-03     2.07186e+04
    8.47820e-03     2.07767e+04
    8.52716e-03     2.08346e+04
    8.57641e-03     2.08922e+04
    8.62594e-03     2.09497e+04
    8.67576e-03     2.10070e+04
    8.72587e-03     2.10641e+04
    8.77626e-03     2.11210e+04
    8.82695e-03     2.11777e+04
    8.87793e-03     2.12342e+04
    8.92921e-03     2.12905e+04
    8.98078e-03     2.13465e+04
    9.03264e-03     2.14023e+04
    9.08481e-03     2.14579e+04
    9.13728e-03     2.15132e+04
    9.19005e-03     2.15683e+04
    9.24313e-03     2.16231e+04
    9.29651e-03     2.16777e+04
    9.35021e-03     2.17320e+04
    9.40421e-03     2.17860e+04
    9.45852e-03     2.18398e+04
    9.51315e-03     2.18933e+04
    9.56809e-03     2.19466e+04
    9.62335e-03     2.19995e+04
    9.67893e-03     2.20522e+04
    9.73483e-03     2.21045e+04
    9.79106e-03     2.21566e+04
    9.84760e-03     2.22083e+04
    9.90448e-03     2.22598e+04
    9.96168e-03     2.23109e+04
    1.00192e-02     2.23617e+04
    1.00771e-02     2.24122e+04
    1.01353e-02     2.24623e+04
    1.01938e-02     2.25121e+04
    1.02527e-02     2.25616e+04
    1.03119e-02     2.26107e+04
    1.03715e-02     2.26595e+04
    1.04314e-02     2.27079e+04
    1.04916e-02     2.27560e+04
    1.05522e-02     2.28037e+04
    1.06131e-02     2.28510e+04
    1.06744e-02     2.28979e+04
    1.07361e-02     2.29444e+04
    1.07981e-02     2.29906e+04
    1.08605e-02     2.30363e+04
    1.09232e-02     2.30817e+04
    1.09863e-02     2.31266e+04
    1.10497e-02     2.31711e+04
    1.11135e-02     2.32152e+04
    1.11777e-02     2.32589e+04
    1.12423e-02     2.33021e+04
    1.13072e-02     2.33449e+04
    1.13725e-02     2.33872e+04
    1.14382e-02     2.34291e+04
    1.15043e-02     2.34705e+04
    1.15707e-02     2.35115e+04
    1.16375e-02     2.35520e+04
    1.17047e-02     2.35920e+04
    1.17723e-02     2.36315e+04
    1.18403e-02     2.36705e+04
    1.19087e-02     2.37090e+04
    1.19775e-02     2.37470e+04
    1.20467e-02     2.37845e+04
    1.21162e-02     2.38215e+04
    1.21862e-02     2.38580e+04
    1.22566e-02     2.38939e+04
    1.23274e-02     2.39293e+04
    1.23986e-02     2.39642e+04
    1.24702e-02     2.39985e+04
    1.25422e-02     2.40322e+04
    1.26147e-02     2.40654e+04
    1.26875e-02     2.40981e+04
    1.27608e-02     2.41301e+04
    1.28345e-02     2.41616e+04
    1.29086e-02     2.41925e+04
    1.29832e-02     2.42228e+04
    1.30581e-02     2.42525e+04
    1.31336e-02     2.42817e+04
    1.32094e-02     2.43102e+04
    1.32857e-02     2.43381e+04
    1.33624e-02     2.43653e+04
    1.34396e-02     2.43920e+04
    1.35172e-02     2.44180e+04
    1.35953e-02     2.44434e+04
    1.36738e-02     2.44681e+04
    1.37528e-02     2.44921e+04
    1.38322e-02     2.45155e+04
    1.39121e-02     2.45383e+04
    1.39925e-02     2.45603e+04
    1.40733e-02     2.45817e+04
    1.41546e-02     2.46024e+04
    1.42363e-02     2.46224e+04
    1.43185e-02     2.46416e+04
    1.44012e-02     2.46602e+04
    1.44844e-02     2.46781e+04
    1.45680e-02     2.46952e+04
    1.46522e-02     2.47116e+04
    1.47368e-02     2.47273e+04
    1.48219e-02     2.47422e+04
    1.49075e-02     2.47564e+04
    1.49936e-02     2.47698e+04
    1.50802e-02     2.47824e+04
    1.51673e-02     2.47943e+04
    1.52549e-02     2.48054e+04
    1.53430e-02     2.48158e+04
    1.54316e-02     2.48253e+04
    1.55208e-02     2.48341e+04
    1.56104e-02     2.48421e+04
    1.57006e-02     2.48492e+04
    1.57912e-02     2.48556e+04
    1.58824e-02     2.48611e+04
    1.59742e-02     2.48658e+04
    1.60664e-02     2.48697e+04
    1.61592e-02     2.48728e+04
    1.62525e-02     2.48750e+04
    1.63464e-02     2.48764e+04
    1.64408e-02     2.48770e+04
    1.65358e-02     2.48767e+04
    1.66313e-02     2.48755e+04
    1.67273e-02     2.48735e+04
    1.68239e-02     2.48706e+04
    1.69211e-02     2.48668e+04
    1.70188e-02     2.48622e+04
    1.71171e-02     2.48566e+04
    1.72160e-02     2.48502e+04
    1.73154e-02     2.48429e+04
    1.74154e-02     2.48347e+04
    1.75160e-02     2.48256e+04
    1.76172e-02     2.48156e+04
    1.77189e-02     2.48046e+04
    1.78212e-02     2.47928e+04
    1.79242e-02     2.47800e+04
    1.80277e-02     2.47663e+04
    1.81318e-02     2.47517e+04
    1.82365e-02     2.47361e+04
    1.83418e-02     2.47196e+04
    1.84478e-02     2.47021e+04
    1.85543e-02     2.46837e+04
    1.86615e-02     2.46644e+04
    1.87693e-02     2.46441e+04
    1.88777e-02     2.46228e+04
    1.89867e-02     2.46006e+04
    1.90964e-02     2.45774e+04
    1.92066e-02     2.45532e+04
    1.93176e-02     2.45281e+04
    1.94291e-02     2.45020e+04
    1.95414e-02     2.44749e+04
    1.96542e-02     2.44469e+04
    1.97677e-02     2.44178e+04
    1.98819e-02     2.43878e+04
    1.99967e-02     2.43568e+04
    2.01122e-02     2.43248e+04
    2.02284e-02     2.42918e+04
    2.03452e-02     2.42579e+04
    2.04627e-02     2.42229e+04
    2.05809e-02     2.41870e+04
    2.06997e-02     2.41500e+04
    2.08193e-02     2.41121e+04
    2.09395e-02     2.40731e+04
    2.10605e-02     2.40332e+04
    2.11821e-02     2.39923e+04
    2.13044e-02     2.39504e+04
    2.14275e-02     2.39075e+04
    2.15512e-02     2.38636e+04
    2.16757e-02     2.38187e+04
    2.18009e-02     2.37729e+04
    2.19268e-02     2.37260e+04
    2.20534e-02     2.36782e+04
    2.21808e-02     2.36294e+04
    2.23089e-02     2.35797e+04
    2.24378e-02     2.35289e+04
    2.25674e-02     2.34773e+04
    2.26977e-02     2.34246e+04
    2.28288e-02     2.33710e+04
    2.29606e-02     2.33164e+04
    2.30932e-02     2.32609e+04
    2.32266e-02     2.32045e+04
    2.33608e-02     2.31471e+04
    2.34957e-02     2.30887e+04
    2.36314e-02     2.30295e+04
    2.37679e-02     2.29693e+04
    2.39051e-02     2.29082e+04
    2.40432e-02     2.28461e+04
    2.41821e-02     2.27832e+04
    2.43217e-02     2.27193e+04
    2.44622e-02     2.26545e+04
    2.46035e-02     2.25889e+04
    2.47456e-02     2.25223e+04
    2.48885e-02     2.24549e+04
    2.50322e-02     2.23866e+04
    2.51768e-02     2.23174e+04
    2.53222e-02     2.22473e+04
    2.54684e-02     2.21764e+04
    2.56155e-02     2.21046e+04
    2.57635e-02     2.20320e+04
    2.59123e-02     2.19585e+04
    2.60619e-02     2.18842e+04
    2.62125e-02     2.18091e+04
    2.63638e-02     2.17331e+04
    2.65161e-02     2.16564e+04
    2.66693e-02     2.15788e+04
    2.68233e-02     2.15005e+04
    2.69782e-02     2.14214e+04
    2.71340e-02     2.13416e+04
    2.72907e-02     2.12611e+04
    2.74483e-02     2.11799e+04
    2.76069e-02     2.10980e+04
    2.77663e-02     2.10154e+04
    2.79267e-02     2.09322e+04
    2.80880e-02     2.08483e+04
    2.82502e-02     2.07638e+04
    2.84133e-02     2.06787e+04
    2.85774e-02     2.05930e+04
    2.87425e-02     2.05068e+04
    2.89085e-02     2.04200e+04
    2.90755e-02     2.03327e+04
    2.92434e-02     2.02449e+04
    2.94123e-02     2.01565e+04
    2.95821e-02     2.00677e+04
    2.97530e-02     1.99784e+04
    2.99248e-02     1.98886e+04
    3.00977e-02     1.97984e+04
    3.02715e-02     1.97078e+04
    3.04463e-02     1.96168e+04
    3.06222e-02     1.95254e+04
    3.07990e-02     1.94336e+04
    3.09769e-02     1.93415e+04
    3.11558e-02     1.92490e+04
    3.13357e-02     1.91562e+04
    3.15167e-02     1.90631e+04
    3.16987e-02     1.89697e+04
    3.18818e-02     1.88760e+04
    3.20660e-02     1.87820e+04
    3.22512e-02     1.86878e+04
    3.24374e-02     1.85933e+04
    3.26248e-02     1.84986e+04
    3.28132e-02     1.84037e+04
    3.30027e-02     1.83086e+04
    3.31933e-02     1.82133e+04
    3.33850e-02     1.81179e+04
    3.35778e-02     1.80223e+04
    3.37717e-02     1.79267e+04
    3.39668e-02     1.78310e+04
    3.41630e-02     1.77352e+04
    3.43603e-02     1.76394e+04
    3.45587e-02     1.75437e+04
    3.47583e-02     1.74480e+04
    3.49591e-02     1.73523e+04
    3.51610e-02     1.72568e+04
    3.53640e-02     1.71614e+04
    3.55683e-02     1.70661e+04
    3.57737e-02     1.69710e+04
    3.59803e-02     1.68761e+04
    3.61881e-02     1.67815e+04
    3.63971e-02     1.66870e+04
    3.66073e-02     1.65928e+04
    3.68188e-02     1.64990e+04
    3.70314e-02     1.64054e+04
    3.72453e-02     1.63121e+04
    3.74604e-02     1.62192e+04
    3.76767e-02     1.61267e+04
    3.78943e-02     1.60346e+04
    3.81132e-02     1.59428e+04
    3.83333e-02     1.58515e+04
    3.85547e-02     1.57607e+04
    3.87774e-02     1.56703e+04
    3.90013e-02     1.55803e+04
    3.92266e-02     1.54909e+04
    3.94532e-02     1.54020e+04
    3.96810e-02     1.53136e+04
    3.99102e-02     1.52258e+04
    4.01407e-02     1.51385e+04
    4.03725e-02     1.50518e+04
    4.06057e-02     1.49657e+04
    4.08402e-02     1.48802e+04
    4.10761e-02     1.47953e+04
    4.13133e-02     1.47111e+04
    4.15519e-02     1.46275e+04
    4.17919e-02     1.45445e+04
    4.20333e-02     1.44622e+04
    4.22760e-02     1.43806e+04
    4.25202e-02     1.42997e+04
    4.27658e-02     1.42195e+04
    4.30128e-02     1.41400e+04
    4.32612e-02     1.40613e+04
    4.35110e-02     1.39833e+04
    4.37623e-02     1.39061e+04
    4.40151e-02     1.38296e+04
    4.42693e-02     1.37539e+04
    4.45250e-02     1.36789e+04
    4.47821e-02     1.36048e+04
    4.50408e-02     1.35315e+04
    4.53009e-02     1.34590e+04
    4.55625e-02     1.33873e+04
    4.58257e-02     1.33164e+04
    4.60903e-02     1.32464e+04
    4.63565e-02     1.31772e+04
    4.66243e-02     1.31089e+04
    4.68935e-02     1.30414e+04
    4.71644e-02     1.29748e+04
    4.74368e-02     1.29091e+04
    4.77107e-02     1.28443e+04
    4.79863e-02     1.27804e+04
    4.82634e-02     1.27173e+04
    4.85422e-02     1.26551e+04
    4.88225e-02     1.25938e+04
    4.91045e-02     1.25333e+04
    4.93881e-02     1.24736e+04
    4.96733e-02     1.24148e+04
    4.99602e-02     1.23568e+04
    5.02488e-02     1.22996e+04
    5.05390e-02     1.22432e+04
    5.08309e-02     1.21876e+04
    5.11244e-02     1.21328e+04
    5.14197e-02     1.20787e+04
    5.17167e-02     1.20254e+04
    5.20154e-02     1.19728e+04
    5.23158e-02     1.19210e+04
    5.26179e-02     1.18699e+04
    5.29218e-02     1.18195e+04
    5.32275e-02     1.17698e+04
    5.35349e-02     1.17208e+04
    5.38441e-02     1.16724e+04
    5.41551e-02     1.16247e+04
    5.44678e-02     1.15775e+04
    5.47824e-02     1.15309e+04
    5.50988e-02     1.14849e+04
    5.54170e-02     1.14393e+04
    5.57371e-02     1.13943e+04
    5.60590e-02     1.13497e+04
    5.63828e-02     1.13056e+04
    5.67084e-02     1.12619e+04
    5.70359e-02     1.12187e+04
    5.73653e-02     1.11757e+04
    5.76966e-02     1.11332e+04
    5.80299e-02     1.10909e+04
    5.83650e-02     1.10489e+04
    5.87021e-02     1.10071e+04
    5.90411e-02     1.09655e+04
    5.93821e-02     1.09240e+04
    5.97251e-02     1.08827e+04
    6.00700e-02     1.08415e+04
    6.04170e-02     1.08004e+04
    6.07659e-02     1.07592e+04
    6.11168e-02     1.07181e+04
    6.14698e-02     1.06769e+04
    6.18248e-02     1.06356e+04
    6.21819e-02     1.05941e+04
    6.25410e-02     1.05525e+04
    6.29022e-02     1.05107e+04
    6.32655e-02     1.04687e+04
    6.36309e-02     1.04264e+04
    6.39984e-02     1.03837e+04
    6.43680e-02     1.03407e+04
    6.47398e-02     1.02973e+04
    6.51137e-02     1.02535e+04
    6.54898e-02     1.02092e+04
    6.58680e-02     1.01645e+04
    6.62484e-02     1.01192e+04
    6.66310e-02     1.00733e+04
    6.70159e-02     1.00268e+04
    6.74029e-02     9.97968e+03
    6.77922e-02     9.93191e+03
    6.81837e-02     9.88344e+03
    6.85775e-02     9.83426e+03
    6.89736e-02     9.78433e+03
    6.93719e-02     9.73363e+03
    6.97726e-02     9.68213e+03
    7.01756e-02     9.62982e+03
    7.05809e-02     9.57667e+03
    7.09885e-02     9.52266e+03
    7.13985e-02     9.46778e+03
    7.18109e-02     9.41202e+03
    7.22256e-02     9.35538e+03
    7.26427e-02     9.29782e+03
    7.30623e-02     9.23936e+03
    7.34842e-02     9.17998e+03
    7.39087e-02     9.11967e+03
    7.43355e-02     9.05846e+03
    7.47648e-02     8.99633e+03
    7.51966e-02     8.93330e+03
    7.56309e-02     8.86938e+03
    7.60677e-02     8.80457e+03
    7.65071e-02     8.73888e+03
    7.69489e-02     8.67234e+03
    7.73933e-02     8.60496e+03
    7.78403e-02     8.53677e+03
    7.82899e-02     8.46780e+03
    7.87421e-02     8.39808e+03
    7.91968e-02     8.32763e+03
    7.96542e-02     8.25648e+03
    8.01143e-02     8.18466e+03
    8.05770e-02     8.11223e+03
    8.10423e-02     8.03924e+03
    8.15104e-02     7.96571e+03
    8.19812e-02     7.89171e+03
    8.24546e-02     7.81726e+03
    8.29309e-02     7.74242e+03
    8.34098e-02     7.66725e+03
    8.38915e-02     7.59181e+03
    8.43761e-02     7.51615e+03
    8.48634e-02     7.44034e+03
    8.53535e-02     7.36442e+03
    8.58465e-02     7.28845e+03
    8.63423e-02     7.21250e+03
    8.68409e-02     7.13663e+03
    8.73425e-02     7.06092e+03
    8.78469e-02     6.98542e+03
    8.83543e-02     6.91020e+03
    8.88646e-02     6.83532e+03
    8.93778e-02     6.76084e+03
    8.98940e-02     6.68684e+03
    9.04132e-02     6.61337e+03
    9.09354e-02     6.54050e+03
    9.14606e-02     6.46830e+03
    9.19888e-02     6.39682e+03
    9.25201e-02     6.32612e+03
    9.30544e-02     6.25626e+03
    9.35918e-02     6.18730e+03
    9.41324e-02     6.11930e+03
    9.46760e-02     6.05231e+03
    9.52228e-02     5.98638e+03
    9.57728e-02     5.92156e+03
    9.63259e-02     5.85789e+03
    9.68823e-02     5.79542e+03
    9.74418e-02     5.73418e+03
    9.80046e-02     5.67421e+03
    9.85706e-02     5.61556e+03
    9.91399e-02     5.55825e+03
    9.97125e-02     5.50230e+03
    1.00288e-01     5.44774e+03
    1.00868e-01     5.39459e+03
    1.01450e-01     5.34285e+03
    1.02036e-01     5.29256e+03
    1.02625e-01     5.24372e+03
    1.03218e-01     5.19633e+03
    1.03814e-01     5.15039e+03
    1.04414e-01     5.10588e+03
    1.05017e-01     5.06281e+03
    1.05623e-01     5.02116e+03
    1.06233e-01     4.98092e+03
    1.06847e-01     4.94207e+03
    1.07464e-01     4.90458e+03
    1.08085e-01     4.86841e+03
    1.08709e-01     4.83353e+03
    1.09337e-01     4.79991e+03
    1.09968e-01     4.76752e+03
    1.10603e-01     4.73631e+03
    1.11242e-01     4.70621e+03
    1.11885e-01     4.67717e+03
    1.12531e-01     4.64914e+03
    1.13181e-01     4.62206e+03
    1.13834e-01     4.59588e+03
    1.14492e-01     4.57051e+03
    1.15153e-01     4.54589e+03
    1.15818e-01     4.52194e+03
    1.16487e-01     4.49858e+03
    1.17160e-01     4.47574e+03
    1.17836e-01     4.45336e+03
    1.18517e-01     4.43133e+03
    1.19202e-01     4.40957e+03
    1.19890e-01     4.38801e+03
    1.20582e-01     4.36655e+03
    1.21279e-01     4.34512e+03
    1.21979e-01     4.32363e+03
    1.22684e-01     4.30200e+03
    1.23392e-01     4.28015e+03
    1.24105e-01     4.25799e+03
    1.24822e-01     4.23546e+03
    1.25543e-01     4.21246e+03
    1.26268e-01     4.18894e+03
    1.26997e-01     4.16483e+03
    1.27730e-01     4.14007e+03
    1.28468e-01     4.11460e+03
    1.29210e-01     4.08836e+03
    1.29956e-01     4.06130e+03
    1.30707e-01     4.03339e+03
    1.31462e-01     4.00460e+03
    1.32221e-01     3.97490e+03
    1.32985e-01     3.94427e+03
    1.33753e-01     3.91269e+03
    1.34525e-01     3.88015e+03
    1.35302e-01     3.84667e+03
    1.36084e-01     3.81226e+03
    1.36870e-01     3.77694e+03
    1.37660e-01     3.74073e+03
    1.38455e-01     3.70367e+03
    1.39255e-01     3.66578e+03
    1.40059e-01     3.62712e+03
    1.40868e-01     3.58778e+03
    1.41681e-01     3.54779e+03
    1.42500e-01     3.50723e+03
    1.43323e-01     3.46615e+03
    1.44151e-01     3.42464e+03
    1.44983e-01     3.38280e+03
    1.45820e-01     3.34071e+03
    1.46663e-01     3.29846e+03
    1.47510e-01     3.25613e+03
    1.48362e-01     3.21382e+03
    1.49218e-01     3.17162e+03
    1.50080e-01     3.12963e+03
    1.50947e-01     3.08796e+03
    1.51819e-01     3.04668e+03
    1.52696e-01     3.00589e+03
    1.53578e-01     2.96567e+03
    1.54464e-01     2.92611e+03
    1.55357e-01     2.88728e+03
    1.56254e-01     2.84927e+03
    1.57156e-01     2.81215e+03
    1.58064e-01     2.77598e+03
    1.58977e-01     2.74081e+03
    1.59895e-01     2.70670e+03
    1.60818e-01     2.67368e+03
    1.61747e-01     2.64178e+03
    1.62681e-01     2.61106e+03
    1.63621e-01     2.58152e+03
    1.64566e-01     2.55319e+03
    1.65516e-01     2.52604e+03
    1.66472e-01     2.50007e+03
    1.67434e-01     2.47527e+03
    1.68401e-01     2.45164e+03
    1.69373e-01     2.42915e+03
    1.70352e-01     2.40775e+03
    1.71336e-01     2.38738e+03
    1.72325e-01     2.36798e+03
    1.73320e-01     2.34949e+03
    1.74321e-01     2.33188e+03
    1.75328e-01     2.31506e+03
    1.76341e-01     2.29895e+03
    1.77359e-01     2.28348e+03
    1.78384e-01     2.26856e+03
    1.79414e-01     2.25412e+03
    1.80450e-01     2.24008e+03
    1.81492e-01     2.22635e+03
    1.82540e-01     2.21282e+03
    1.83595e-01     2.19940e+03
    1.84655e-01     2.18599e+03
    1.85721e-01     2.17249e+03
    1.86794e-01     2.15882e+03
    1.87873e-01     2.14490e+03
    1.88958e-01     2.13063e+03
    1.90049e-01     2.11595e+03
    1.91147e-01     2.10077e+03
    1.92251e-01     2.08504e+03
    1.93361e-01     2.06869e+03
    1.94478e-01     2.05170e+03
    1.95601e-01     2.03407e+03
    1.96731e-01     2.01577e+03
    1.97867e-01     1.99680e+03
    1.99010e-01     1.97714e+03
    2.00159e-01     1.95682e+03
    2.01315e-01     1.93590e+03
    2.02478e-01     1.91441e+03
    2.03647e-01     1.89242e+03
    2.04823e-01     1.86996e+03
    2.06006e-01     1.84710e+03
    2.07196e-01     1.82391e+03
    2.08393e-01     1.80048e+03
    2.09596e-01     1.77689e+03
    2.10807e-01     1.75324e+03
    2.12024e-01     1.72959e+03
    2.13249e-01     1.70604e+03
    2.14481e-01     1.68265e+03
    2.15719e-01     1.65952e+03
    2.16965e-01     1.63672e+03
    2.18218e-01     1.61433e+03
    2.19479e-01     1.59241e+03
    2.20746e-01     1.57103e+03
    2.22021e-01     1.55023e+03
    2.23303e-01     1.53007e+03
    2.24593e-01     1.51057e+03
    2.25890e-01     1.49178e+03
    2.27195e-01     1.47374e+03
    2.28507e-01     1.45645e+03
    2.29827e-01     1.43991e+03
    2.31154e-01     1.42410e+03
    2.32489e-01     1.40902e+03
    2.33832e-01     1.39466e+03
    2.35182e-01     1.38100e+03
    2.36541e-01     1.36800e+03
    2.37907e-01     1.35558e+03
    2.39281e-01     1.34369e+03
    2.40663e-01     1.33227e+03
    2.42053e-01     1.32127e+03
    2.43451e-01     1.31062e+03
    2.44857e-01     1.30024e+03
    2.46271e-01     1.29004e+03
    2.47693e-01     1.27997e+03
    2.49124e-01     1.26993e+03
    2.50563e-01     1.25986e+03
    2.52010e-01     1.24970e+03
    2.53465e-01     1.23939e+03
    2.54929e-01     1.22889e+03
    2.56401e-01     1.21815e+03
    2.57882e-01     1.20713e+03
    2.59372e-01     1.19578e+03
    2.60870e-01     1.18409e+03
    2.62376e-01     1.17208e+03
    2.63892e-01     1.15975e+03
    2.65416e-01     1.14709e+03
    2.66949e-01     1.13412e+03
    2.68490e-01     1.12086e+03
    2.70041e-01     1.10734e+03
    2.71601e-01     1.09365e+03
    2.73169e-01     1.07981e+03
    2.74747e-01     1.06589e+03
    2.76334e-01     1.05193e+03
    2.77930e-01     1.03799e+03
    2.79535e-01     1.02414e+03
    2.81149e-01     1.01044e+03
    2.82773e-01     9.96961e+02
    2.84406e-01     9.83754e+02
    2.86049e-01     9.70875e+02
    2.87701e-01     9.58353e+02
    2.89363e-01     9.46212e+02
    2.91034e-01     9.34469e+02
    2.92715e-01     9.23143e+02
    2.94405e-01     9.12252e+02
    2.96105e-01     9.01803e+02
    2.97816e-01     8.91774e+02
    2.99536e-01     8.82134e+02
    3.01266e-01     8.72855e+02
    3.03006e-01     8.63909e+02
    3.04756e-01     8.55269e+02
    3.06516e-01     8.46901e+02
    3.08286e-01     8.38755e+02
    3.10066e-01     8.30781e+02
    3.11857e-01     8.22932e+02
    3.13658e-01     8.15160e+02
    3.15470e-01     8.07421e+02
    3.17292e-01     7.99677e+02
    3.19124e-01     7.91896e+02
    3.20967e-01     7.84047e+02
    3.22821e-01     7.76100e+02
    3.24686e-01     7.68028e+02
    3.26561e-01     7.59807e+02
    3.28447e-01     7.51438e+02
    3.30344e-01     7.42941e+02
    3.32252e-01     7.34332e+02
    3.34171e-01     7.25630e+02
    3.36101e-01     7.16852e+02
    3.38042e-01     7.08015e+02
    3.39994e-01     6.99154e+02
    3.41958e-01     6.90305e+02
    3.43933e-01     6.81504e+02
    3.45919e-01     6.72785e+02
    3.47917e-01     6.64179e+02
    3.49926e-01     6.55716e+02
    3.51947e-01     6.47416e+02
    3.53980e-01     6.39300e+02
    3.56024e-01     6.31387e+02
    3.58081e-01     6.23692e+02
    3.60149e-01     6.16234e+02
    3.62229e-01     6.09017e+02
    3.64321e-01     6.02023e+02
    3.66425e-01     5.95232e+02
    3.68541e-01     5.88622e+02
    3.70670e-01     5.82175e+02
    3.72810e-01     5.75871e+02
    3.74964e-01     5.69690e+02
    3.77129e-01     5.63606e+02
    3.79307e-01     5.57592e+02
    3.81498e-01     5.51625e+02
    3.83701e-01     5.45680e+02
    3.85917e-01     5.39736e+02
    3.88146e-01     5.33777e+02
    3.90388e-01     5.27799e+02
    3.92643e-01     5.21803e+02
    3.94910e-01     5.15785e+02
    3.97191e-01     5.09745e+02
    3.99485e-01     5.03681e+02
    4.01792e-01     4.97599e+02
    4.04113e-01     4.91518e+02
    4.06447e-01     4.85457e+02
    4.08794e-01     4.79433e+02
    4.11155e-01     4.73463e+02
    4.13530e-01     4.67565e+02
    4.15918e-01     4.61752e+02
    4.18320e-01     4.56032e+02
    4.20736e-01     4.50410e+02
    4.23166e-01     4.44893e+02
    4.25610e-01     4.39488e+02
    4.28068e-01     4.34198e+02
    4.30541e-01     4.29027e+02
    4.33027e-01     4.23968e+02
    4.35528e-01     4.19009e+02
    4.38044e-01     4.14141e+02
    4.40573e-01     4.09353e+02
    4.43118e-01     4.04637e+02
    4.45677e-01     3.99984e+02
    4.48251e-01     3.95384e+02
    4.50840e-01     3.90827e+02
    4.53444e-01     3.86304e+02
    4.56063e-01     3.81806e+02
    4.58697e-01     3.77325e+02
    4.61346e-01     3.72851e+02
    4.64010e-01     3.68383e+02
    4.66690e-01     3.63927e+02
    4.69386e-01     3.59491e+02
    4.72097e-01     3.55080e+02
    4.74823e-01     3.50703e+02
    4.77565e-01     3.46366e+02
    4.80324e-01     3.42074e+02
    4.83098e-01     3.37833e+02
    4.85888e-01     3.33648e+02
    4.88694e-01     3.29524e+02
    4.91517e-01     3.25464e+02
    4.94355e-01     3.21474e+02
    4.97210e-01     3.17556e+02
    5.00082e-01     3.13712e+02
    5.02970e-01     3.09938e+02
    5.05875e-01     3.06225e+02
    5.08797e-01     3.02565e+02
    5.11735e-01     2.98951e+02
    5.14691e-01     2.95375e+02
    5.17663e-01     2.91830e+02
    5.20653e-01     2.88311e+02
    5.23660e-01     2.84817e+02
    5.26685e-01     2.81350e+02
    5.29726e-01     2.77910e+02
    5.32786e-01     2.74500e+02
    5.35863e-01     2.71121e+02
    5.38958e-01     2.67773e+02
    5.42071e-01     2.64457e+02
    5.45201e-01     2.61176e+02
    5.48350e-01     2.57931e+02
    5.51517e-01     2.54724e+02
    5.54702e-01     2.51557e+02
    5.57906e-01     2.48432e+02
    5.61128e-01     2.45351e+02
    5.64369e-01     2.42314e+02
    5.67629e-01     2.39322e+02
    5.70907e-01     2.36374e+02
    5.74204e-01     2.33466e+02
    5.77520e-01     2.30596e+02
    5.80856e-01     2.27760e+02
    5.84211e-01     2.24957e+02
    5.87585e-01     2.22183e+02
    5.90978e-01     2.19436e+02
    5.94391e-01     2.16715e+02
    5.97824e-01     2.14019e+02
    6.01277e-01     2.11350e+02
    6.04750e-01     2.08708e+02
    6.08242e-01     2.06096e+02
    6.11755e-01     2.03514e+02
    6.15288e-01     2.00962e+02
    6.18842e-01     1.98442e+02
    6.22416e-01     1.95954e+02
    6.26011e-01     1.93500e+02
    6.29626e-01     1.91077e+02
    6.33263e-01     1.88685e+02
    6.36920e-01     1.86323e+02
    6.40599e-01     1.83991e+02
    6.44298e-01     1.81686e+02
    6.48020e-01     1.79409e+02
    6.51762e-01     1.77158e+02
    6.55526e-01     1.74933e+02
    6.59312e-01     1.72733e+02
    6.63120e-01     1.70558e+02
    6.66950e-01     1.68407e+02
    6.70802e-01     1.66281e+02
    6.74676e-01     1.64180e+02
    6.78573e-01     1.62103e+02
    6.82492e-01     1.60051e+02
    6.86434e-01     1.58023e+02
    6.90398e-01     1.56020e+02
    6.94386e-01     1.54041e+02
    6.98396e-01     1.52086e+02
    7.02430e-01     1.50156e+02
    7.06486e-01     1.48250e+02
    7.10567e-01     1.46367e+02
    7.14671e-01     1.44507e+02
    7.18798e-01     1.42670e+02
    7.22949e-01     1.40856e+02
    7.27125e-01     1.39064e+02
    7.31324e-01     1.37293e+02
    7.35548e-01     1.35544e+02
    7.39796e-01     1.33817e+02
    7.44069e-01     1.32110e+02
    7.48366e-01     1.30424e+02
    7.52688e-01     1.28758e+02
    7.57036e-01     1.27112e+02
    7.61408e-01     1.25486e+02
    7.65805e-01     1.23879e+02
    7.70228e-01     1.22292e+02
    7.74677e-01     1.20724e+02
    7.79151e-01     1.19175e+02
    7.83651e-01     1.17645e+02
    7.88177e-01     1.16134e+02
    7.92729e-01     1.14641e+02
    7.97307e-01     1.13166e+02
    8.01912e-01     1.11709e+02
    8.06543e-01     1.10271e+02
    8.11202e-01     1.08849e+02
    8.15887e-01     1.07446e+02
    8.20599e-01     1.06059e+02
    8.25338e-01     1.04690e+02
    8.30105e-01     1.03338e+02
    8.34899e-01     1.02002e+02
    8.39721e-01     1.00683e+02
    8.44571e-01     9.93797e+01
    8.49449e-01     9.80929e+01
    8.54355e-01     9.68220e+01
    8.59289e-01     9.55669e+01
    8.64252e-01     9.43273e+01
    8.69243e-01     9.31031e+01
    8.74264e-01     9.18942e+01
    8.79313e-01     9.07002e+01
    8.84391e-01     8.95211e+01
    8.89499e-01     8.83566e+01
    8.94636e-01     8.72066e+01
    8.99803e-01     8.60710e+01
    9.05000e-01     8.49495e+01
    9.10227e-01     8.38420e+01
    9.15484e-01     8.27484e+01
    9.20771e-01     8.16684e+01
    9.26089e-01     8.06018e+01
    9.31438e-01     7.95487e+01
    9.36817e-01     7.85087e+01
    9.42228e-01     7.74817e+01
    9.47670e-01     7.64676e+01
    9.53143e-01     7.54663e+01
    9.58648e-01     7.44775e+01
    9.64184e-01     7.35011e+01
    9.69753e-01     7.25370e+01
    9.75354e-01     7.15850e+01
    9.80987e-01     7.06450e+01
    9.86653e-01     6.97169e+01
    9.92351e-01     6.88004e+01
    9.98082e-01     6.78955e+01
    1.00385e+00     6.70020e+01
    1.00964e+00     6.61198e+01
    1.01548e+00     6.52488e+01
    1.02134e+00     6.43888e+01
    1.02724e+00     6.35396e+01
    1.03317e+00     6.27013e+01
    1.03914e+00     6.18735e+01
    1.04514e+00     6.10562e+01
    1.05118e+00     6.02494e+01
    1.05725e+00     5.94527e+01
    1.06335e+00     5.86662e+01
    1.06950e+00     5.78897e+01
    1.07567e+00     5.71230e+01
    1.08188e+00     5.63662e+01
    1.08813e+00     5.56189e+01
    1.09442e+00     5.48812e+01
    1.10074e+00     5.41529e+01
    1.10710e+00     5.34339e+01
    1.11349e+00     5.27241e+01
    1.11992e+00     5.20234e+01
    1.12639e+00     5.13316e+01
    1.13289e+00     5.06487e+01
    1.13944e+00     4.99745e+01
    1.14602e+00     4.93090e+01
    1.15264e+00     4.86520e+01
    1.15929e+00     4.80034e+01
    1.16599e+00     4.73632e+01
    1.17272e+00     4.67312e+01
    1.17950e+00     4.61073e+01
    1.18631e+00     4.54915e+01
    1.19316e+00     4.48835e+01
    1.20005e+00     4.42834e+01
    1.20698e+00     4.36911e+01
    1.21395e+00     4.31063e+01
    1.22096e+00     4.25292e+01
    1.22802e+00     4.19594e+01
    1.23511e+00     4.13971e+01
    1.24224e+00     4.08420e+01
    1.24942e+00     4.02941e+01
    1.25663e+00     3.97532e+01
    1.26389e+00     3.92194e+01
    1.27119e+00     3.86925e+01
    1.27853e+00     3.81725e+01
    1.28591e+00     3.76592e+01
    1.29334e+00     3.71525e+01
    1.30081e+00     3.66525e+01
    1.30832e+00     3.61589e+01
    1.31588e+00     3.56718e+01
    1.32348e+00     3.51910e+01
    1.33112e+00     3.47164e+01
    1.33881e+00     3.42481e+01
    1.34654e+00     3.37858e+01
    1.35432e+00     3.33296e+01
    1.36214e+00     3.28793e+01
    1.37001e+00     3.24349e+01
    1.37792e+00     3.19964e+01
    1.38588e+00     3.15635e+01
    1.39388e+00     3.11363e+01
    1.40193e+00     3.07148e+01
    1.41003e+00     3.02987e+01
    1.41818e+00     2.98881e+01
    1.42637e+00     2.94829e+01
    1.43460e+00     2.90830e+01
    1.44289e+00     2.86883e+01
    1.45122e+00     2.82988e+01
    1.45960e+00     2.79145e+01
    1.46803e+00     2.75352e+01
    1.47651e+00     2.71609e+01
    1.48504e+00     2.67915e+01
    1.49362e+00     2.64270e+01
    1.50224e+00     2.60673e+01
    1.51092e+00     2.57123e+01
    1.51965e+00     2.53620e+01
    1.52842e+00     2.50164e+01
    1.53725e+00     2.46753e+01
    1.54613e+00     2.43387e+01
    1.55506e+00     2.40066e+01
    1.56404e+00     2.36788e+01
    1.57307e+00     2.33554e+01
    1.58216e+00     2.30363e+01
    1.59130e+00     2.27214e+01
    1.60049e+00     2.24107e+01
    1.60973e+00     2.21041e+01
    1.61903e+00     2.18016e+01
    1.62838e+00     2.15031e+01
    1.63778e+00     2.12085e+01
    1.64724e+00     2.09179e+01
    1.65675e+00     2.06312e+01
    1.66632e+00     2.03482e+01
    1.67595e+00     2.00691e+01
    1.68563e+00     1.97936e+01
    1.69536e+00     1.95218e+01
    1.70515e+00     1.92537e+01
    1.71500e+00     1.89891e+01
    1.72491e+00     1.87280e+01
    1.73487e+00     1.84705e+01
    1.74489e+00     1.82163e+01
    1.75496e+00     1.79656e+01
    1.76510e+00     1.77183e+01
    1.77529e+00     1.74742e+01
    1.78555e+00     1.72334e+01
    1.79586e+00     1.69958e+01
    1.80623e+00     1.67614e+01
    1.81666e+00     1.65302e+01
    1.82716e+00     1.63020e+01
    1.83771e+00     1.60770e+01
    1.84832e+00     1.58549e+01
    1.85900e+00     1.56358e+01
    1.86973e+00     1.54197e+01
    1.88053e+00     1.52065e+01
    1.89139e+00     1.49961e+01
    1.90232e+00     1.47886e+01
    1.91330e+00     1.45838e+01
    1.92435e+00     1.43819e+01
    1.93547e+00     1.41826e+01
    1.94665e+00     1.39860e+01
    1.95789e+00     1.37921e+01
    1.96920e+00     1.36008e+01
    1.98057e+00     1.34121e+01
    1.99201e+00     1.32259e+01
    2.00351e+00     1.30423e+01
    2.01509e+00     1.28611e+01
    2.02672e+00     1.26824e+01
    2.03843e+00     1.25061e+01
    2.05020e+00     1.23322e+01
    2.06204e+00     1.21606e+01
    2.07395e+00     1.19914e+01
    2.08593e+00     1.18244e+01
    2.09798e+00     1.16597e+01
    2.11009e+00     1.14973e+01
    2.12228e+00     1.13371e+01
    2.13454e+00     1.11790e+01
    2.14687e+00     1.10231e+01
    2.15927e+00     1.08693e+01
    2.17174e+00     1.07176e+01
    2.18428e+00     1.05679e+01
    2.19689e+00     1.04203e+01
    2.20958e+00     1.02747e+01
    2.22234e+00     1.01311e+01
    2.23518e+00     9.98948e+00
    2.24809e+00     9.84976e+00
    2.26107e+00     9.71194e+00
    2.27413e+00     9.57600e+00
    2.28726e+00     9.44192e+00
    2.30047e+00     9.30968e+00
    2.31376e+00     9.17924e+00
    2.32712e+00     9.05058e+00
    2.34056e+00     8.92368e+00
    2.35408e+00     8.79852e+00
    2.36768e+00     8.67507e+00
    2.38135e+00     8.55331e+00
    2.39511e+00     8.43322e+00
    2.40894e+00     8.31478e+00
    2.42285e+00     8.19796e+00
    2.43684e+00     8.08274e+00
    2.45092e+00     7.96910e+00
    2.46507e+00     7.85702e+00
    2.47931e+00     7.74649e+00
    2.49363e+00     7.63747e+00
    2.50803e+00     7.52995e+00
    2.52252e+00     7.42391e+00
    2.53709e+00     7.31933e+00
    2.55174e+00     7.21618e+00
    2.56648e+00     7.11446e+00
    2.58130e+00     7.01414e+00
    2.59621e+00     6.91520e+00
    2.61120e+00     6.81763e+00
    2.62628e+00     6.72140e+00
    2.64145e+00     6.62649e+00
    2.65671e+00     6.53290e+00
    2.67205e+00     6.44060e+00
    2.68748e+00     6.34958e+00
    2.70300e+00     6.25981e+00
    2.71861e+00     6.17129e+00
    2.73432e+00     6.08399e+00
    2.75011e+00     5.99789e+00
    2.76599e+00     5.91299e+00
    2.78197e+00     5.82926e+00
    2.79803e+00     5.74669e+00
    2.81419e+00     5.66527e+00
    2.83045e+00     5.58498e+00
    2.84679e+00     5.50579e+00
    2.86324e+00     5.42771e+00
    2.87977e+00     5.35071e+00
    2.89640e+00     5.27478e+00
    2.91313e+00     5.19990e+00
    2.92996e+00     5.12607e+00
    2.94688e+00     5.05326e+00
    2.96390e+00     4.98146e+00
    2.98102e+00     4.91066e+00
    2.99823e+00     4.84084e+00
    3.01555e+00     4.77200e+00
    3.03297e+00     4.70411e+00
    3.05048e+00     4.63717e+00
    3.06810e+00     4.57117e+00
    3.08582e+00     4.50608e+00
    3.10364e+00     4.44190e+00
    3.12157e+00     4.37861e+00
    3.13960e+00     4.31621e+00
    3.15773e+00     4.25468e+00
    3.17597e+00     4.19401e+00
    3.19431e+00     4.13418e+00
    3.21276e+00     4.07519e+00
    3.23131e+00     4.01703e+00
    3.24997e+00     3.95968e+00
    3.26874e+00     3.90313e+00
    3.28762e+00     3.84737e+00
    3.30661e+00     3.79239e+00
    3.32571e+00     3.73819e+00
    3.34492e+00     3.68474e+00
    3.36423e+00     3.63204e+00
    3.38366e+00     3.58008e+00
    3.40321e+00     3.52884e+00
    3.42286e+00     3.47833e+00
    3.44263e+00     3.42853e+00
    3.46251e+00     3.37942e+00
    3.48251e+00     3.33100e+00
    3.50262e+00     3.28327e+00
    3.52285e+00     3.23620e+00
    3.54320e+00     3.18980e+00
    3.56366e+00     3.14404e+00
    3.58424e+00     3.09893e+00
    3.60495e+00     3.05446e+00
    3.62577e+00     3.01061e+00
    3.64671e+00     2.96738e+00
    3.66777e+00     2.92476e+00
    3.68895e+00     2.88274e+00
    3.71026e+00     2.84131e+00
    3.73168e+00     2.80046e+00
    3.75324e+00     2.76020e+00
    3.77491e+00     2.72050e+00
    3.79672e+00     2.68135e+00
    3.81864e+00     2.64277e+00
    3.84070e+00     2.60472e+00
    3.86288e+00     2.56722e+00
    3.88519e+00     2.53024e+00
    3.90763e+00     2.49379e+00
    3.93020e+00     2.45785e+00
    3.95290e+00     2.42242e+00
    3.97573e+00     2.38749e+00
    3.99869e+00     2.35306e+00
    4.02178e+00     2.31912e+00
    4.04501e+00     2.28565e+00
    4.06837e+00     2.25266e+00
    4.09187e+00     2.22014e+00
    4.11550e+00     2.18807e+00
    4.13927e+00     2.15647e+00
    4.16318e+00     2.12531e+00
    4.18722e+00     2.09459e+00
    4.21140e+00     2.06431e+00
    4.23573e+00     2.03446e+00
    4.26019e+00     2.00503e+00
    4.28479e+00     1.97602e+00
    4.30954e+00     1.94743e+00
    4.33443e+00     1.91924e+00
    4.35946e+00     1.89145e+00
    4.38464e+00     1.86405e+00
    4.40997e+00     1.83705e+00
    4.43544e+00     1.81043e+00
    4.46105e+00     1.78419e+00
    4.48682e+00     1.75832e+00
    4.51273e+00     1.73283e+00
    4.53879e+00     1.70769e+00
    4.56501e+00     1.68291e+00
    4.59137e+00     1.65849e+00
    4.61789e+00     1.63442e+00
    4.64456e+00     1.61069e+00
    4.67138e+00     1.58729e+00
    4.69836e+00     1.56424e+00
    4.72550e+00     1.54151e+00
    4.75279e+00     1.51910e+00
    4.78024e+00     1.49702e+00
    4.80785e+00     1.47525e+00
    4.83562e+00     1.45379e+00
    4.86354e+00     1.43264e+00
    4.89163e+00     1.41179e+00
    4.91989e+00     1.39124e+00
    4.94830e+00     1.37099e+00
    4.97688e+00     1.35102e+00
    5.00562e+00     1.33134e+00
    5.03453e+00     1.31195e+00
    5.06361e+00     1.29283e+00
    5.09285e+00     1.27398e+00
    5.12227e+00     1.25541e+00
    5.15185e+00     1.23710e+00
    5.18161e+00     1.21905e+00
    5.21153e+00     1.20127e+00
    5.24163e+00     1.18374e+00
    5.27190e+00     1.16646e+00
    5.30235e+00     1.14942e+00
    5.33298e+00     1.13264e+00
    5.36378e+00     1.11609e+00
    5.39475e+00     1.09978e+00
    5.42591e+00     1.08371e+00
    5.45725e+00     1.06787e+00
    5.48877e+00     1.05226e+00
    5.52047e+00     1.03687e+00
    5.55235e+00     1.02170e+00
    5.58442e+00     1.00675e+00
    5.61667e+00     9.92015e-01
    5.64911e+00     9.77494e-01
    5.68174e+00     9.63181e-01
    5.71455e+00     9.49075e-01
    5.74755e+00     9.35173e-01
    5.78075e+00     9.21470e-01
    5.81414e+00     9.07966e-01
    5.84772e+00     8.94656e-01
    5.88149e+00     8.81539e-01
    5.91546e+00     8.68611e-01
    5.94962e+00     8.55870e-01
    5.98398e+00     8.43312e-01
    6.01854e+00     8.30937e-01
    6.05330e+00     8.18740e-01
    6.08826e+00     8.06719e-01
    6.12343e+00     7.94872e-01
    6.15879e+00     7.83197e-01
    6.19436e+00     7.71691e-01
    6.23014e+00     7.60351e-01
    6.26612e+00     7.49175e-01
    6.30231e+00     7.38161e-01
    6.33871e+00     7.27307e-01
    6.37532e+00     7.16610e-01
    6.41214e+00     7.06068e-01
    6.44917e+00     6.95678e-01
    6.48642e+00     6.85440e-01
    6.52388e+00     6.75350e-01
    6.56156e+00     6.65406e-01
    6.59946e+00     6.55606e-01
    6.63757e+00     6.45949e-01
    6.67591e+00     6.36432e-01
    6.71446e+00     6.27053e-01
    6.75324e+00     6.17811e-01
    6.79224e+00     6.08703e-01
    6.83147e+00     5.99727e-01
    6.87093e+00     5.90881e-01
    6.91061e+00     5.82164e-01
    6.95052e+00     5.73574e-01
    6.99067e+00     5.65109e-01
    7.03104e+00     5.56767e-01
    7.07165e+00     5.48547e-01
    7.11249e+00     5.40446e-01
    7.15357e+00     5.32463e-01
    7.19488e+00     5.24596e-01
    7.23644e+00     5.16844e-01
    7.27823e+00     5.09205e-01
    7.32027e+00     5.01678e-01
    7.36254e+00     4.94260e-01
    7.40507e+00     4.86950e-01
    7.44783e+00     4.79747e-01
    7.49085e+00     4.72649e-01
    7.53411e+00     4.65654e-01
    7.57763e+00     4.58762e-01
    7.62139e+00     4.51970e-01
    7.66541e+00     4.45277e-01
    7.70968e+00     4.38683e-01
    7.75421e+00     4.32184e-01
    7.79899e+00     4.25781e-01
    7.84403e+00     4.19471e-01
    7.88934e+00     4.13253e-01
    7.93490e+00     4.07126e-01
    7.98073e+00     4.01089e-01
    8.02682e+00     3.95141e-01
    8.07318e+00     3.89279e-01
    8.11981e+00     3.83503e-01
    8.16670e+00     3.77812e-01
    8.21387e+00     3.72204e-01
    8.26131e+00     3.66678e-01
    8.30902e+00     3.61233e-01
    8.35701e+00     3.55868e-01
    8.40527e+00     3.50582e-01
    8.45382e+00     3.45373e-01
    8.50264e+00     3.40240e-01
    8.55175e+00     3.35183e-01
    8.60114e+00     3.30200e-01
    8.65082e+00     3.25290e-01
    8.70078e+00     3.20452e-01
    8.75103e+00     3.15685e-01
    8.80157e+00     3.10989e-01
    8.85241e+00     3.06361e-01
    8.90353e+00     3.01801e-01
    8.95495e+00     2.97308e-01
    9.00667e+00     2.92881e-01
    9.05869e+00     2.88520e-01
    9.11101e+00     2.84222e-01
    9.16363e+00     2.79988e-01
    9.21655e+00     2.75816e-01
    9.26978e+00     2.71705e-01
    9.32332e+00     2.67655e-01
    9.37717e+00     2.63664e-01
    9.43133e+00     2.59732e-01
    9.48580e+00     2.55859e-01
    9.54058e+00     2.52042e-01
    9.59568e+00     2.48281e-01
    9.65110e+00     2.44576e-01
    9.70684e+00     2.40925e-01
    9.76290e+00     2.37329e-01
    9.81929e+00     2.33785e-01
    9.87600e+00     2.30294e-01
    9.93304e+00     2.26854e-01
    9.99041e+00     2.23465e-01
    1.00481e+01     2.20125e-01
    1.01061e+01     2.16836e-01
    1.01645e+01     2.13594e-01
    1.02232e+01     2.10401e-01
    1.02823e+01     2.07255e-01
    1.03416e+01     2.04155e-01
    1.04014e+01     2.01101e-01
    1.04614e+01     1.98092e-01
    1.05219e+01     1.95128e-01
    1.05826e+01     1.92207e-01
    1.06437e+01     1.89330e-01
    1.07052e+01     1.86495e-01
    1.07670e+01     1.83703e-01
    1.08292e+01     1.80951e-01
    1.08918e+01     1.78241e-01
    1.09547e+01     1.75570e-01
    1.10180e+01     1.72939e-01
    1.10816e+01     1.70347e-01
    1.11456e+01     1.67793e-01
    1.12100e+01     1.65277e-01
    1.12747e+01     1.62799e-01
    1.13398e+01     1.60357e-01
    1.14053e+01     1.57951e-01
    1.14712e+01     1.55582e-01
    1.15374e+01     1.53247e-01
    1.16041e+01     1.50947e-01
    1.16711e+01     1.48681e-01
    1.17385e+01     1.46448e-01
    1.18063e+01     1.44249e-01
    1.18745e+01     1.42082e-01
    1.19431e+01     1.39948e-01
    1.20120e+01     1.37845e-01
    1.20814e+01     1.35774e-01
    1.21512e+01     1.33733e-01
    1.22214e+01     1.31723e-01
    1.22919e+01     1.29742e-01
    1.23629e+01     1.27791e-01
    1.24343e+01     1.25869e-01
    1.25062e+01     1.23976e-01
    1.25784e+01     1.22110e-01
    1.26510e+01     1.20273e-01
    1.27241e+01     1.18463e-01
    1.27976e+01     1.16679e-01
    1.28715e+01     1.14923e-01
    1.29458e+01     1.13192e-01
    1.30206e+01     1.11487e-01
    1.30958e+01     1.09808e-01
    1.31714e+01     1.08153e-01
    1.32475e+01     1.06524e-01
    1.33240e+01     1.04918e-01
    1.34010e+01     1.03337e-01
    1.34784e+01     1.01779e-01
    1.35562e+01     1.00244e-01
    1.36345e+01     9.87324e-02
    1.37133e+01     9.72431e-02
    1.37925e+01     9.57761e-02
    1.38721e+01     9.43310e-02
    1.39522e+01     9.29074e-02
    1.40328e+01     9.15051e-02
    1.41139e+01     9.01237e-02
    1.41954e+01     8.87630e-02
    1.42774e+01     8.74226e-02
    1.43598e+01     8.61022e-02
    1.44427e+01     8.48016e-02
    1.45262e+01     8.35203e-02
    1.46101e+01     8.22583e-02
    1.46944e+01     8.10151e-02
    1.47793e+01     7.97905e-02
    1.48647e+01     7.85842e-02
    1.49505e+01     7.73959e-02
    1.50369e+01     7.62255e-02
    1.51237e+01     7.50725e-02
    1.52111e+01     7.39368e-02
    1.52989e+01     7.28182e-02
    1.53873e+01     7.17162e-02
    1.54761e+01     7.06308e-02
    1.55655e+01     6.95616e-02
    1.56554e+01     6.85085e-02
    1.57458e+01     6.74711e-02
    1.58368e+01     6.64492e-02
    1.59282e+01     6.54427e-02
    1.60202e+01     6.44513e-02
    1.61127e+01     6.34748e-02
    1.62058e+01     6.25128e-02
    1.62994e+01     6.15654e-02
    1.63935e+01     6.06321e-02
    1.64882e+01     5.97128e-02
    1.65834e+01     5.88074e-02
    1.66792e+01     5.79155e-02
    1.67756e+01     5.70370e-02
    1.68724e+01     5.61717e-02
    1.69699e+01     5.53194e-02
    1.70679e+01     5.44799e-02
    1.71665e+01     5.36531e-02
    1.72656e+01     5.28386e-02
    1.73653e+01     5.20364e-02
    1.74656e+01     5.12462e-02
    1.75665e+01     5.04680e-02
    1.76680e+01     4.97014e-02
    1.77700e+01     4.89463e-02
    1.78726e+01     4.82027e-02
    1.79759e+01     4.74702e-02
    1.80797e+01     4.67487e-02
    1.81841e+01     4.60381e-02
    1.82891e+01     4.53381e-02
    1.83947e+01     4.46487e-02
    1.85010e+01     4.39697e-02
    1.86078e+01     4.33010e-02
    1.87153e+01     4.26422e-02
    1.88234e+01     4.19935e-02
    1.89321e+01     4.13544e-02
    1.90414e+01     4.07251e-02
    1.91514e+01     4.01052e-02
    1.92620e+01     3.94946e-02
    1.93733e+01     3.88933e-02
    1.94852e+01     3.83010e-02
    1.95977e+01     3.77176e-02
    1.97109e+01     3.71431e-02
    1.98247e+01     3.65772e-02
    1.99392e+01     3.60199e-02
    2.00544e+01     3.54709e-02
    2.01702e+01     3.49303e-02
    2.02867e+01     3.43978e-02
    2.04039e+01     3.38734e-02
    2.05217e+01     3.33568e-02
    2.06402e+01     3.28481e-02
    2.07594e+01     3.23471e-02
    2.08793e+01     3.18536e-02
    2.09999e+01     3.13676e-02
    2.11212e+01     3.08889e-02
    2.12432e+01     3.04175e-02
    2.13659e+01     2.99532e-02
    2.14893e+01     2.94959e-02
    2.16134e+01     2.90455e-02
    2.17382e+01     2.86020e-02
    2.18638e+01     2.81651e-02
    2.19900e+01     2.77349e-02
    2.21170e+01     2.73112e-02
    2.22448e+01     2.68938e-02
    2.23732e+01     2.64828e-02
    2.25025e+01     2.60781e-02
    2.26324e+01     2.56794e-02
    2.27631e+01     2.52868e-02
    2.28946e+01     2.49001e-02
    2.30268e+01     2.45193e-02
    2.31598e+01     2.41443e-02
    2.32936e+01     2.37749e-02
    2.34281e+01     2.34112e-02
    2.35634e+01     2.30530e-02
    2.36995e+01     2.27001e-02
    2.38364e+01     2.23527e-02
    2.39741e+01     2.20105e-02
    2.41125e+01     2.16735e-02
    2.42518e+01     2.13416e-02
    2.43918e+01     2.10147e-02
    2.45327e+01     2.06928e-02
    2.46744e+01     2.03758e-02
    2.48169e+01     2.00636e-02
    2.49602e+01     1.97562e-02
    2.51044e+01     1.94534e-02
    2.52494e+01     1.91552e-02
    2.53952e+01     1.88615e-02
    2.55419e+01     1.85723e-02
    2.56894e+01     1.82875e-02
    2.58378e+01     1.80070e-02
    2.59870e+01     1.77308e-02
    2.61371e+01     1.74588e-02
    2.62880e+01     1.71909e-02
    2.64399e+01     1.69271e-02
    2.65926e+01     1.66673e-02
    2.67462e+01     1.64115e-02
    2.69006e+01     1.61595e-02
    2.70560e+01     1.59114e-02
    2.72123e+01     1.56670e-02
    2.73694e+01     1.54264e-02
    2.75275e+01     1.51894e-02
    2.76865e+01     1.49561e-02
    2.78464e+01     1.47263e-02
    2.80072e+01     1.45000e-02
    2.81690e+01     1.42771e-02
    2.83316e+01     1.40576e-02
    2.84953e+01     1.38415e-02
    2.86598e+01     1.36287e-02
    2.88254e+01     1.34191e-02
    2.89919e+01     1.32127e-02
    2.91593e+01     1.30094e-02
    2.93277e+01     1.28093e-02
    2.94971e+01     1.26122e-02
    2.96674e+01     1.24181e-02
    2.98388e+01     1.22270e-02
    3.00111e+01     1.20388e-02
    3.01844e+01     1.18534e-02
    3.03588e+01     1.16709e-02
    3.05341e+01     1.14912e-02
    3.07105e+01     1.13142e-02
    3.08878e+01     1.11399e-02
    3.10662e+01     1.09683e-02
    3.12456e+01     1.07993e-02
    3.14261e+01     1.06328e-02
    3.16076e+01     1.04690e-02
    3.17902e+01     1.03076e-02
    3.19738e+01     1.01487e-02
    3.21584e+01     9.99218e-03
    3.23442e+01     9.83808e-03
    3.25310e+01     9.68634e-03
    3.27188e+01     9.53693e-03
    3.29078e+01     9.38979e-03
    3.30979e+01     9.24491e-03
    3.32890e+01     9.10224e-03
    3.34813e+01     8.96175e-03
    3.36746e+01     8.82341e-03
    3.38691e+01     8.68719e-03
    3.40647e+01     8.55306e-03
    3.42615e+01     8.42097e-03
    3.44594e+01     8.29091e-03
    3.46584e+01     8.16284e-03
    3.48585e+01     8.03673e-03
    3.50599e+01     7.91255e-03
    3.52624e+01     7.79027e-03
    3.54660e+01     7.66987e-03
    3.56709e+01     7.55131e-03
    3.58769e+01     7.43456e-03
    3.60841e+01     7.31961e-03
    3.62925e+01     7.20641e-03
    3.65021e+01     7.09495e-03
    3.67129e+01     6.98520e-03
    3.69249e+01     6.87713e-03
    3.71382e+01     6.77072e-03
    3.73527e+01     6.66594e-03
    3.75684e+01     6.56277e-03
    3.77854e+01     6.46118e-03
    3.80036e+01     6.36115e-03
    3.82231e+01     6.26265e-03
    3.84439e+01     6.16566e-03
    3.86659e+01     6.07016e-03
    3.88892e+01     5.97613e-03
    3.91138e+01     5.88354e-03
    3.93397e+01     5.79237e-03
    3.95669e+01     5.70261e-03
    3.97954e+01     5.61422e-03
    4.00253e+01     5.52719e-03
    4.02564e+01     5.44149e-03
    4.04889e+01     5.35711e-03
    4.07228e+01     5.27403e-03
    4.09580e+01     5.19222e-03
    4.11945e+01     5.11168e-03
    4.14324e+01     5.03237e-03
    4.16717e+01     4.95428e-03
    4.19124e+01     4.87739e-03
    4.21545e+01     4.80168e-03
    4.23979e+01     4.72713e-03
    4.26428e+01     4.65374e-03
    4.28891e+01     4.58147e-03
    4.31368e+01     4.51031e-03
    4.33859e+01     4.44025e-03
    4.36365e+01     4.37127e-03
    4.38885e+01     4.30335e-03
    4.41420e+01     4.23647e-03
    4.43969e+01     4.17062e-03
    4.46534e+01     4.10579e-03
    4.49113e+01     4.04196e-03
    4.51706e+01     3.97911e-03
    4.54315e+01     3.91723e-03
    4.56939e+01     3.85630e-03
    4.59578e+01     3.79631e-03
    4.62232e+01     3.73724e-03
    4.64902e+01     3.67908e-03
    4.67587e+01     3.62182e-03
    4.70288e+01     3.56545e-03
    4.73004e+01     3.50994e-03
    4.75736e+01     3.45529e-03
    4.78483e+01     3.40148e-03
    4.81247e+01     3.34850e-03
    4.84026e+01     3.29634e-03
    4.86821e+01     3.24498e-03
    4.89633e+01     3.19442e-03
    4.92461e+01     3.14464e-03
    4.95305e+01     3.09562e-03
    4.98166e+01     3.04736e-03
    5.01043e+01     2.99985e-03
    5.03937e+01     2.95307e-03
    5.06847e+01     2.90701e-03
    5.09774e+01     2.86167e-03
    5.12719e+01     2.81702e-03
    5.15680e+01     2.77307e-03
    5.18658e+01     2.72979e-03
    5.21654e+01     2.68718e-03
    5.24666e+01     2.64524e-03
    5.27697e+01     2.60394e-03
    5.30744e+01     2.56327e-03
    5.33810e+01     2.52324e-03
    5.36893e+01     2.48383e-03
    5.39993e+01     2.44502e-03
    5.43112e+01     2.40682e-03
    5.46249e+01     2.36921e-03
    5.49404e+01     2.33218e-03
    5.52577e+01     2.29572e-03
    5.55768e+01     2.25982e-03
    5.58978e+01     2.22449e-03
    5.62206e+01     2.18969e-03
    5.65453e+01     2.15544e-03
    5.68719e+01     2.12172e-03
    5.72004e+01     2.08852e-03
    5.75307e+01     2.05583e-03
    5.78630e+01     2.02365e-03
    5.81972e+01     1.99197e-03
    5.85333e+01     1.96078e-03
    5.88714e+01     1.93008e-03
    5.92114e+01     1.89984e-03
    5.95534e+01     1.87008e-03
    5.98973e+01     1.84078e-03
    6.02432e+01     1.81193e-03
    6.05912e+01     1.78353e-03
    6.09411e+01     1.75558e-03
    6.12931e+01     1.72805e-03
    6.16471e+01     1.70095e-03
    6.20031e+01     1.67427e-03
    6.23612e+01     1.64801e-03
    6.27214e+01     1.62215e-03
    6.30836e+01     1.59670e-03
    6.34480e+01     1.57164e-03
    6.38144e+01     1.54696e-03
    6.41830e+01     1.52268e-03
    6.45536e+01     1.49877e-03
    6.49265e+01     1.47523e-03
    6.53015e+01     1.45205e-03
    6.56786e+01     1.42924e-03
    6.60579e+01     1.40678e-03
    6.64394e+01     1.38467e-03
    6.68232e+01     1.36290e-03
    6.72091e+01     1.34147e-03
    6.75973e+01     1.32037e-03
    6.79877e+01     1.29961e-03
    6.83803e+01     1.27916e-03
    6.87753e+01     1.25904e-03
    6.91725e+01     1.23922e-03
    6.95720e+01     1.21972e-03
    6.99738e+01     1.20051e-03
    7.03779e+01     1.18161e-03
    7.07844e+01     1.16300e-03
    7.11932e+01     1.14468e-03
    7.16044e+01     1.12665e-03
    7.20179e+01     1.10889e-03
    7.24339e+01     1.09141e-03
    7.28522e+01     1.07421e-03
    7.32730e+01     1.05727e-03
    7.36961e+01     1.04060e-03
    7.41218e+01     1.02418e-03
    7.45499e+01     1.00802e-03
    7.49804e+01     9.92118e-04
    7.54135e+01     9.76460e-04
    7.58490e+01     9.61045e-04
    7.62871e+01     9.45871e-04
    7.67277e+01     9.30933e-04
    7.71708e+01     9.16228e-04
    7.76165e+01     9.01752e-04
    7.80648e+01     8.87502e-04
    7.85157e+01     8.73475e-04
    7.89691e+01     8.59666e-04
    7.94252e+01     8.46073e-04
    7.98839e+01     8.32692e-04
    8.03453e+01     8.19520e-04
    8.08093e+01     8.06553e-04
    8.12760e+01     7.93789e-04
    8.17454e+01     7.81224e-04
    8.22176e+01     7.68855e-04
    8.26924e+01     7.56680e-04
    8.31700e+01     7.44694e-04
    8.36503e+01     7.32896e-04
    8.41335e+01     7.21283e-04
    8.46194e+01     7.09851e-04
    8.51081e+01     6.98597e-04
    8.55996e+01     6.87520e-04
    8.60940e+01     6.76616e-04
    8.65912e+01     6.65882e-04
    8.70913e+01     6.55316e-04
    8.75943e+01     6.44915e-04
    8.81002e+01     6.34677e-04
    8.86091e+01     6.24599e-04
    8.91208e+01     6.14679e-04
    8.96355e+01     6.04914e-04
    9.01532e+01     5.95302e-04
    9.06739e+01     5.85840e-04
    9.11976e+01     5.76527e-04
    9.17243e+01     5.67359e-04
    9.22540e+01     5.58335e-04
    9.27869e+01     5.49452e-04
    9.33227e+01     5.40709e-04
    9.38617e+01     5.32102e-04
    9.44038e+01     5.23630e-04
    9.49490e+01     5.15291e-04
    9.54974e+01     5.07083e-04
    9.60490e+01     4.99004e-04
    9.66037e+01     4.91051e-04
    9.71616e+01     4.83222e-04
    9.77228e+01     4.75517e-04
    9.82872e+01     4.67932e-04
    9.88548e+01     4.60467e-04
    9.94258e+01     4.53119e-04
    1.00000e+02     4.45885e-04
