# The (real space) HaloFit power spectrum from CLASS.
#      k[h/Mpc]            P(k)
    1.00000e-04     4.21840e+02
    1.00578e-04     4.24193e+02
    1.01158e-04     4.26559e+02
    1.01743e-04     4.28939e+02
    1.02330e-04     4.31332e+02
    1.02921e-04     4.33738e+02
    1.03516e-04     4.36157e+02
    1.04114e-04     4.38590e+02
    1.04715e-04     4.41037e+02
    1.05320e-04     4.43497e+02
    1.05928e-04     4.45971e+02
    1.06540e-04     4.48459e+02
    1.07155e-04     4.50961e+02
    1.07774e-04     4.53476e+02
    1.08396e-04     4.56006e+02
    1.09022e-04     4.58550e+02
    1.09652e-04     4.61107e+02
    1.10285e-04     4.63679e+02
    1.10922e-04     4.66266e+02
    1.11563e-04     4.68867e+02
    1.12207e-04     4.71482e+02
    1.12855e-04     4.74112e+02
    1.13507e-04     4.76756e+02
    1.14163e-04     4.79416e+02
    1.14822e-04     4.82090e+02
    1.15485e-04     4.84779e+02
    1.16152e-04     4.87483e+02
    1.16823e-04     4.90202e+02
    1.17498e-04     4.92936e+02
    1.18176e-04     4.95685e+02
    1.18859e-04     4.98450e+02
    1.19545e-04     5.01230e+02
    1.20236e-04     5.04026e+02
    1.20930e-04     5.06837e+02
    1.21629e-04     5.09664e+02
    1.22331e-04     5.12506e+02
    1.23038e-04     5.15364e+02
    1.23748e-04     5.18239e+02
    1.24463e-04     5.21129e+02
    1.25182e-04     5.24035e+02
    1.25905e-04     5.26958e+02
    1.26632e-04     5.29897e+02
    1.27363e-04     5.32852e+02
    1.28099e-04     5.35824e+02
    1.28839e-04     5.38812e+02
    1.29583e-04     5.41817e+02
    1.30331e-04     5.44838e+02
    1.31084e-04     5.47877e+02
    1.31841e-04     5.50932e+02
    1.32602e-04     5.54004e+02
    1.33368e-04     5.57094e+02
    1.34138e-04     5.60200e+02
    1.34913e-04     5.63324e+02
    1.35692e-04     5.66466e+02
    1.36476e-04     5.69624e+02
    1.37264e-04     5.72801e+02
    1.38057e-04     5.75995e+02
    1.38854e-04     5.79207e+02
    1.39656e-04     5.82436e+02
    1.40463e-04     5.85684e+02
    1.41274e-04     5.88950e+02
    1.42090e-04     5.92233e+02
    1.42911e-04     5.95536e+02
    1.43736e-04     5.98856e+02
    1.44566e-04     6.02195e+02
    1.45401e-04     6.05553e+02
    1.46241e-04     6.08929e+02
    1.47085e-04     6.12324e+02
    1.47935e-04     6.15738e+02
    1.48789e-04     6.19171e+02
    1.49649e-04     6.22623e+02
    1.50513e-04     6.26094e+02
    1.51382e-04     6.29585e+02
    1.52257e-04     6.33095e+02
    1.53136e-04     6.36624e+02
    1.54020e-04     6.40173e+02
    1.54910e-04     6.43742e+02
    1.55805e-04     6.47331e+02
    1.56704e-04     6.50940e+02
    1.57609e-04     6.54568e+02
    1.58520e-04     6.58217e+02
    1.59435e-04     6.61886e+02
    1.60356e-04     6.65576e+02
    1.61282e-04     6.69286e+02
    1.62214e-04     6.73017e+02
    1.63151e-04     6.76768e+02
    1.64093e-04     6.80540e+02
    1.65041e-04     6.84334e+02
    1.65994e-04     6.88148e+02
    1.66952e-04     6.91984e+02
    1.67917e-04     6.95841e+02
    1.68886e-04     6.99719e+02
    1.69862e-04     7.03619e+02
    1.70843e-04     7.07540e+02
    1.71830e-04     7.11484e+02
    1.72822e-04     7.15449e+02
    1.73820e-04     7.19436e+02
    1.74824e-04     7.23446e+02
    1.75834e-04     7.27477e+02
    1.76849e-04     7.31531e+02
    1.77871e-04     7.35608e+02
    1.78898e-04     7.39707e+02
    1.79931e-04     7.43829e+02
    1.80970e-04     7.47974e+02
    1.82016e-04     7.52142e+02
    1.83067e-04     7.56333e+02
    1.84124e-04     7.60548e+02
    1.85187e-04     7.64785e+02
    1.86257e-04     7.69047e+02
    1.87333e-04     7.73332e+02
    1.88415e-04     7.77641e+02
    1.89503e-04     7.81973e+02
    1.90597e-04     7.86330e+02
    1.91698e-04     7.90711e+02
    1.92805e-04     7.95116e+02
    1.93919e-04     7.99546e+02
    1.95039e-04     8.04000e+02
    1.96165e-04     8.08479e+02
    1.97298e-04     8.12983e+02
    1.98438e-04     8.17512e+02
    1.99584e-04     8.22066e+02
    2.00736e-04     8.26645e+02
    2.01896e-04     8.31249e+02
    2.03062e-04     8.35880e+02
    2.04235e-04     8.40535e+02
    2.05414e-04     8.45217e+02
    2.06600e-04     8.49925e+02
    2.07794e-04     8.54659e+02
    2.08994e-04     8.59419e+02
    2.10201e-04     8.64205e+02
    2.11415e-04     8.69018e+02
    2.12636e-04     8.73858e+02
    2.13864e-04     8.78724e+02
    2.15099e-04     8.83617e+02
    2.16341e-04     8.88538e+02
    2.17591e-04     8.93486e+02
    2.18848e-04     8.98461e+02
    2.20112e-04     9.03464e+02
    2.21383e-04     9.08494e+02
    2.22661e-04     9.13553e+02
    2.23947e-04     9.18639e+02
    2.25241e-04     9.23754e+02
    2.26542e-04     9.28897e+02
    2.27850e-04     9.34068e+02
    2.29166e-04     9.39268e+02
    2.30489e-04     9.44497e+02
    2.31821e-04     9.49755e+02
    2.33160e-04     9.55042e+02
    2.34506e-04     9.60358e+02
    2.35861e-04     9.65704e+02
    2.37223e-04     9.71079e+02
    2.38593e-04     9.76484e+02
    2.39971e-04     9.81919e+02
    2.41357e-04     9.87384e+02
    2.42751e-04     9.92879e+02
    2.44153e-04     9.98405e+02
    2.45563e-04     1.00396e+03
    2.46981e-04     1.00955e+03
    2.48407e-04     1.01517e+03
    2.49842e-04     1.02081e+03
    2.51285e-04     1.02649e+03
    2.52736e-04     1.03221e+03
    2.54196e-04     1.03795e+03
    2.55664e-04     1.04372e+03
    2.57141e-04     1.04953e+03
    2.58626e-04     1.05537e+03
    2.60120e-04     1.06124e+03
    2.61622e-04     1.06714e+03
    2.63133e-04     1.07308e+03
    2.64653e-04     1.07905e+03
    2.66181e-04     1.08505e+03
    2.67718e-04     1.09109e+03
    2.69265e-04     1.09716e+03
    2.70820e-04     1.10326e+03
    2.72384e-04     1.10939e+03
    2.73957e-04     1.11556e+03
    2.75539e-04     1.12177e+03
    2.77131e-04     1.12800e+03
    2.78731e-04     1.13428e+03
    2.80341e-04     1.14058e+03
    2.81960e-04     1.14693e+03
    2.83589e-04     1.15330e+03
    2.85226e-04     1.15971e+03
    2.86874e-04     1.16616e+03
    2.88531e-04     1.17264e+03
    2.90197e-04     1.17916e+03
    2.91873e-04     1.18572e+03
    2.93559e-04     1.19231e+03
    2.95254e-04     1.19893e+03
    2.96959e-04     1.20560e+03
    2.98674e-04     1.21230e+03
    3.00399e-04     1.21904e+03
    3.02134e-04     1.22581e+03
    3.03879e-04     1.23262e+03
    3.05634e-04     1.23947e+03
    3.07400e-04     1.24636e+03
    3.09175e-04     1.25328e+03
    3.10961e-04     1.26024e+03
    3.12756e-04     1.26725e+03
    3.14563e-04     1.27429e+03
    3.16380e-04     1.28136e+03
    3.18207e-04     1.28848e+03
    3.20045e-04     1.29564e+03
    3.21893e-04     1.30283e+03
    3.23752e-04     1.31007e+03
    3.25622e-04     1.31734e+03
    3.27503e-04     1.32466e+03
    3.29394e-04     1.33201e+03
    3.31296e-04     1.33941e+03
    3.33210e-04     1.34685e+03
    3.35134e-04     1.35432e+03
    3.37070e-04     1.36184e+03
    3.39017e-04     1.36940e+03
    3.40975e-04     1.37700e+03
    3.42944e-04     1.38465e+03
    3.44925e-04     1.39233e+03
    3.46917e-04     1.40006e+03
    3.48920e-04     1.40783e+03
    3.50935e-04     1.41564e+03
    3.52962e-04     1.42349e+03
    3.55001e-04     1.43139e+03
    3.57051e-04     1.43933e+03
    3.59113e-04     1.44732e+03
    3.61187e-04     1.45535e+03
    3.63273e-04     1.46342e+03
    3.65371e-04     1.47154e+03
    3.67482e-04     1.47970e+03
    3.69604e-04     1.48790e+03
    3.71739e-04     1.49616e+03
    3.73886e-04     1.50445e+03
    3.76045e-04     1.51279e+03
    3.78217e-04     1.52118e+03
    3.80401e-04     1.52961e+03
    3.82598e-04     1.53809e+03
    3.84808e-04     1.54662e+03
    3.87030e-04     1.55519e+03
    3.89266e-04     1.56381e+03
    3.91514e-04     1.57247e+03
    3.93775e-04     1.58119e+03
    3.96049e-04     1.58995e+03
    3.98337e-04     1.59876e+03
    4.00637e-04     1.60761e+03
    4.02951e-04     1.61652e+03
    4.05278e-04     1.62547e+03
    4.07619e-04     1.63448e+03
    4.09973e-04     1.64353e+03
    4.12341e-04     1.65263e+03
    4.14722e-04     1.66178e+03
    4.17118e-04     1.67098e+03
    4.19527e-04     1.68023e+03
    4.21950e-04     1.68953e+03
    4.24387e-04     1.69889e+03
    4.26838e-04     1.70829e+03
    4.29303e-04     1.71774e+03
    4.31782e-04     1.72725e+03
    4.34276e-04     1.73681e+03
    4.36784e-04     1.74642e+03
    4.39307e-04     1.75608e+03
    4.41844e-04     1.76579e+03
    4.44396e-04     1.77556e+03
    4.46962e-04     1.78538e+03
    4.49544e-04     1.79525e+03
    4.52140e-04     1.80518e+03
    4.54751e-04     1.81516e+03
    4.57378e-04     1.82520e+03
    4.60019e-04     1.83529e+03
    4.62676e-04     1.84543e+03
    4.65348e-04     1.85563e+03
    4.68036e-04     1.86589e+03
    4.70739e-04     1.87620e+03
    4.73458e-04     1.88656e+03
    4.76192e-04     1.89698e+03
    4.78943e-04     1.90746e+03
    4.81709e-04     1.91800e+03
    4.84491e-04     1.92859e+03
    4.87289e-04     1.93924e+03
    4.90103e-04     1.94995e+03
    4.92934e-04     1.96071e+03
    4.95781e-04     1.97154e+03
    4.98644e-04     1.98242e+03
    5.01524e-04     1.99336e+03
    5.04421e-04     2.00436e+03
    5.07334e-04     2.01542e+03
    5.10264e-04     2.02654e+03
    5.13211e-04     2.03772e+03
    5.16175e-04     2.04896e+03
    5.19156e-04     2.06026e+03
    5.22155e-04     2.07162e+03
    5.25170e-04     2.08304e+03
    5.28203e-04     2.09453e+03
    5.31254e-04     2.10607e+03
    5.34322e-04     2.11768e+03
    5.37408e-04     2.12935e+03
    5.40512e-04     2.14108e+03
    5.43634e-04     2.15288e+03
    5.46773e-04     2.16474e+03
    5.49931e-04     2.17666e+03
    5.53107e-04     2.18865e+03
    5.56302e-04     2.20070e+03
    5.59515e-04     2.21282e+03
    5.62746e-04     2.22500e+03
    5.65996e-04     2.23725e+03
    5.69265e-04     2.24956e+03
    5.72553e-04     2.26194e+03
    5.75860e-04     2.27438e+03
    5.79186e-04     2.28690e+03
    5.82531e-04     2.29947e+03
    5.85895e-04     2.31212e+03
    5.89279e-04     2.32483e+03
    5.92682e-04     2.33761e+03
    5.96105e-04     2.35046e+03
    5.99548e-04     2.36338e+03
    6.03011e-04     2.37637e+03
    6.06494e-04     2.38943e+03
    6.09996e-04     2.40255e+03
    6.13519e-04     2.41575e+03
    6.17063e-04     2.42902e+03
    6.20627e-04     2.44235e+03
    6.24211e-04     2.45576e+03
    6.27816e-04     2.46924e+03
    6.31442e-04     2.48279e+03
    6.35089e-04     2.49642e+03
    6.38757e-04     2.51012e+03
    6.42446e-04     2.52388e+03
    6.46156e-04     2.53773e+03
    6.49888e-04     2.55164e+03
    6.53642e-04     2.56563e+03
    6.57417e-04     2.57970e+03
    6.61214e-04     2.59383e+03
    6.65032e-04     2.60805e+03
    6.68873e-04     2.62234e+03
    6.72736e-04     2.63670e+03
    6.76622e-04     2.65114e+03
    6.80530e-04     2.66566e+03
    6.84460e-04     2.68025e+03
    6.88413e-04     2.69492e+03
    6.92389e-04     2.70967e+03
    6.96388e-04     2.72450e+03
    7.00410e-04     2.73940e+03
    7.04455e-04     2.75439e+03
    7.08524e-04     2.76945e+03
    7.12616e-04     2.78459e+03
    7.16731e-04     2.79981e+03
    7.20871e-04     2.81511e+03
    7.25034e-04     2.83050e+03
    7.29222e-04     2.84596e+03
    7.33433e-04     2.86150e+03
    7.37669e-04     2.87713e+03
    7.41930e-04     2.89284e+03
    7.46215e-04     2.90863e+03
    7.50524e-04     2.92450e+03
    7.54859e-04     2.94046e+03
    7.59219e-04     2.95650e+03
    7.63603e-04     2.97262e+03
    7.68014e-04     2.98883e+03
    7.72449e-04     3.00512e+03
    7.76910e-04     3.02150e+03
    7.81398e-04     3.03796e+03
    7.85910e-04     3.05451e+03
    7.90449e-04     3.07115e+03
    7.95015e-04     3.08787e+03
    7.99606e-04     3.10468e+03
    8.04224e-04     3.12158e+03
    8.08869e-04     3.13856e+03
    8.13541e-04     3.15563e+03
    8.18239e-04     3.17280e+03
    8.22965e-04     3.19005e+03
    8.27718e-04     3.20739e+03
    8.32499e-04     3.22482e+03
    8.37307e-04     3.24234e+03
    8.42142e-04     3.25995e+03
    8.47006e-04     3.27766e+03
    8.51898e-04     3.29545e+03
    8.56818e-04     3.31334e+03
    8.61767e-04     3.33132e+03
    8.66744e-04     3.34939e+03
    8.71750e-04     3.36756e+03
    8.76785e-04     3.38582e+03
    8.81848e-04     3.40417e+03
    8.86941e-04     3.42262e+03
    8.92064e-04     3.44116e+03
    8.97216e-04     3.45980e+03
    9.02398e-04     3.47853e+03
    9.07610e-04     3.49736e+03
    9.12852e-04     3.51629e+03
    9.18124e-04     3.53531e+03
    9.23426e-04     3.55444e+03
    9.28760e-04     3.57365e+03
    9.34124e-04     3.59297e+03
    9.39519e-04     3.61239e+03
    9.44945e-04     3.63190e+03
    9.50402e-04     3.65152e+03
    9.55891e-04     3.67123e+03
    9.61412e-04     3.69105e+03
    9.66965e-04     3.71097e+03
    9.72549e-04     3.73098e+03
    9.78166e-04     3.75110e+03
    9.83816e-04     3.77132e+03
    9.89498e-04     3.79165e+03
    9.95212e-04     3.81208e+03
    1.00096e-03     3.83261e+03
    1.00674e-03     3.85324e+03
    1.01256e-03     3.87398e+03
    1.01840e-03     3.89482e+03
    1.02429e-03     3.91577e+03
    1.03020e-03     3.93683e+03
    1.03615e-03     3.95799e+03
    1.04214e-03     3.97926e+03
    1.04815e-03     4.00063e+03
    1.05421e-03     4.02211e+03
    1.06030e-03     4.04371e+03
    1.06642e-03     4.06540e+03
    1.07258e-03     4.08721e+03
    1.07877e-03     4.10913e+03
    1.08500e-03     4.13115e+03
    1.09127e-03     4.15329e+03
    1.09757e-03     4.17554e+03
    1.10391e-03     4.19790e+03
    1.11029e-03     4.22037e+03
    1.11670e-03     4.24295e+03
    1.12315e-03     4.26564e+03
    1.12964e-03     4.28845e+03
    1.13616e-03     4.31137e+03
    1.14272e-03     4.33440e+03
    1.14932e-03     4.35755e+03
    1.15596e-03     4.38081e+03
    1.16264e-03     4.40418e+03
    1.16935e-03     4.42767e+03
    1.17610e-03     4.45128e+03
    1.18290e-03     4.47501e+03
    1.18973e-03     4.49885e+03
    1.19660e-03     4.52280e+03
    1.20351e-03     4.54688e+03
    1.21046e-03     4.57107e+03
    1.21745e-03     4.59538e+03
    1.22448e-03     4.61982e+03
    1.23156e-03     4.64437e+03
    1.23867e-03     4.66904e+03
    1.24582e-03     4.69383e+03
    1.25302e-03     4.71874e+03
    1.26026e-03     4.74377e+03
    1.26753e-03     4.76892e+03
    1.27485e-03     4.79420e+03
    1.28222e-03     4.81959e+03
    1.28962e-03     4.84512e+03
    1.29707e-03     4.87076e+03
    1.30456e-03     4.89653e+03
    1.31210e-03     4.92242e+03
    1.31967e-03     4.94844e+03
    1.32730e-03     4.97458e+03
    1.33496e-03     5.00085e+03
    1.34267e-03     5.02724e+03
    1.35043e-03     5.05376e+03
    1.35823e-03     5.08041e+03
    1.36607e-03     5.10718e+03
    1.37396e-03     5.13409e+03
    1.38190e-03     5.16112e+03
    1.38988e-03     5.18827e+03
    1.39790e-03     5.21556e+03
    1.40598e-03     5.24298e+03
    1.41410e-03     5.27053e+03
    1.42226e-03     5.29820e+03
    1.43048e-03     5.32601e+03
    1.43874e-03     5.35395e+03
    1.44705e-03     5.38202e+03
    1.45541e-03     5.41022e+03
    1.46381e-03     5.43856e+03
    1.47227e-03     5.46703e+03
    1.48077e-03     5.49563e+03
    1.48932e-03     5.52436e+03
    1.49792e-03     5.55323e+03
    1.50658e-03     5.58223e+03
    1.51528e-03     5.61137e+03
    1.52403e-03     5.64064e+03
    1.53283e-03     5.67005e+03
    1.54168e-03     5.69960e+03
    1.55059e-03     5.72928e+03
    1.55954e-03     5.75910e+03
    1.56855e-03     5.78905e+03
    1.57761e-03     5.81915e+03
    1.58672e-03     5.84938e+03
    1.59588e-03     5.87975e+03
    1.60510e-03     5.91026e+03
    1.61437e-03     5.94091e+03
    1.62369e-03     5.97169e+03
    1.63307e-03     6.00262e+03
    1.64250e-03     6.03369e+03
    1.65199e-03     6.06490e+03
    1.66153e-03     6.09625e+03
    1.67113e-03     6.12775e+03
    1.68078e-03     6.15938e+03
    1.69049e-03     6.19116e+03
    1.70025e-03     6.22308e+03
    1.71007e-03     6.25515e+03
    1.71995e-03     6.28735e+03
    1.72988e-03     6.31971e+03
    1.73987e-03     6.35220e+03
    1.74992e-03     6.38484e+03
    1.76003e-03     6.41763e+03
    1.77019e-03     6.45056e+03
    1.78041e-03     6.48363e+03
    1.79070e-03     6.51686e+03
    1.80104e-03     6.55022e+03
    1.81144e-03     6.58374e+03
    1.82190e-03     6.61740e+03
    1.83243e-03     6.65121e+03
    1.84301e-03     6.68517e+03
    1.85365e-03     6.71927e+03
    1.86436e-03     6.75353e+03
    1.87513e-03     6.78793e+03
    1.88596e-03     6.82248e+03
    1.89685e-03     6.85718e+03
    1.90780e-03     6.89203e+03
    1.91882e-03     6.92703e+03
    1.92990e-03     6.96218e+03
    1.94105e-03     6.99748e+03
    1.95226e-03     7.03293e+03
    1.96354e-03     7.06854e+03
    1.97488e-03     7.10429e+03
    1.98628e-03     7.14020e+03
    1.99775e-03     7.17625e+03
    2.00929e-03     7.21246e+03
    2.02090e-03     7.24883e+03
    2.03257e-03     7.28534e+03
    2.04431e-03     7.32201e+03
    2.05611e-03     7.35883e+03
    2.06799e-03     7.39581e+03
    2.07993e-03     7.43294e+03
    2.09194e-03     7.47022e+03
    2.10403e-03     7.50766e+03
    2.11618e-03     7.54525e+03
    2.12840e-03     7.58300e+03
    2.14069e-03     7.62090e+03
    2.15306e-03     7.65896e+03
    2.16549e-03     7.69717e+03
    2.17800e-03     7.73554e+03
    2.19058e-03     7.77406e+03
    2.20323e-03     7.81274e+03
    2.21595e-03     7.85158e+03
    2.22875e-03     7.89057e+03
    2.24162e-03     7.92972e+03
    2.25457e-03     7.96903e+03
    2.26759e-03     8.00849e+03
    2.28069e-03     8.04811e+03
    2.29386e-03     8.08789e+03
    2.30711e-03     8.12782e+03
    2.32043e-03     8.16791e+03
    2.33383e-03     8.20816e+03
    2.34731e-03     8.24857e+03
    2.36087e-03     8.28914e+03
    2.37451e-03     8.32986e+03
    2.38822e-03     8.37074e+03
    2.40201e-03     8.41178e+03
    2.41589e-03     8.45298e+03
    2.42984e-03     8.49433e+03
    2.44387e-03     8.53585e+03
    2.45799e-03     8.57752e+03
    2.47218e-03     8.61935e+03
    2.48646e-03     8.66134e+03
    2.50082e-03     8.70349e+03
    2.51526e-03     8.74580e+03
    2.52979e-03     8.78826e+03
    2.54440e-03     8.83089e+03
    2.55910e-03     8.87367e+03
    2.57388e-03     8.91662e+03
    2.58874e-03     8.95972e+03
    2.60369e-03     9.00298e+03
    2.61873e-03     9.04640e+03
    2.63386e-03     9.08998e+03
    2.64907e-03     9.13372e+03
    2.66437e-03     9.17762e+03
    2.67975e-03     9.22167e+03
    2.69523e-03     9.26589e+03
    2.71080e-03     9.31026e+03
    2.72645e-03     9.35480e+03
    2.74220e-03     9.39949e+03
    2.75804e-03     9.44434e+03
    2.77397e-03     9.48935e+03
    2.78999e-03     9.53452e+03
    2.80610e-03     9.57984e+03
    2.82231e-03     9.62532e+03
    2.83861e-03     9.67097e+03
    2.85500e-03     9.71677e+03
    2.87149e-03     9.76272e+03
    2.88808e-03     9.80884e+03
    2.90476e-03     9.85511e+03
    2.92153e-03     9.90154e+03
    2.93841e-03     9.94813e+03
    2.95538e-03     9.99487e+03
    2.97244e-03     1.00418e+04
    2.98961e-03     1.00888e+04
    3.00688e-03     1.01360e+04
    3.02424e-03     1.01834e+04
    3.04171e-03     1.02309e+04
    3.05928e-03     1.02786e+04
    3.07695e-03     1.03264e+04
    3.09472e-03     1.03744e+04
    3.11259e-03     1.04226e+04
    3.13057e-03     1.04709e+04
    3.14865e-03     1.05193e+04
    3.16683e-03     1.05679e+04
    3.18512e-03     1.06167e+04
    3.20352e-03     1.06656e+04
    3.22202e-03     1.07147e+04
    3.24063e-03     1.07639e+04
    3.25935e-03     1.08133e+04
    3.27817e-03     1.08628e+04
    3.29710e-03     1.09125e+04
    3.31615e-03     1.09623e+04
    3.33530e-03     1.10123e+04
    3.35456e-03     1.10624e+04
    3.37394e-03     1.11127e+04
    3.39342e-03     1.11631e+04
    3.41302e-03     1.12137e+04
    3.43273e-03     1.12644e+04
    3.45256e-03     1.13153e+04
    3.47250e-03     1.13663e+04
    3.49255e-03     1.14175e+04
    3.51272e-03     1.14688e+04
    3.53301e-03     1.15202e+04
    3.55342e-03     1.15718e+04
    3.57394e-03     1.16236e+04
    3.59458e-03     1.16755e+04
    3.61534e-03     1.17275e+04
    3.63622e-03     1.17797e+04
    3.65722e-03     1.18320e+04
    3.67834e-03     1.18845e+04
    3.69959e-03     1.19371e+04
    3.72096e-03     1.19898e+04
    3.74245e-03     1.20427e+04
    3.76406e-03     1.20957e+04
    3.78580e-03     1.21489e+04
    3.80766e-03     1.22021e+04
    3.82965e-03     1.22556e+04
    3.85177e-03     1.23091e+04
    3.87402e-03     1.23628e+04
    3.89639e-03     1.24167e+04
    3.91890e-03     1.24706e+04
    3.94153e-03     1.25247e+04
    3.96429e-03     1.25789e+04
    3.98719e-03     1.26333e+04
    4.01022e-03     1.26878e+04
    4.03338e-03     1.27424e+04
    4.05667e-03     1.27971e+04
    4.08010e-03     1.28520e+04
    4.10367e-03     1.29070e+04
    4.12737e-03     1.29621e+04
    4.15121e-03     1.30174e+04
    4.17518e-03     1.30728e+04
    4.19929e-03     1.31283e+04
    4.22355e-03     1.31839e+04
    4.24794e-03     1.32396e+04
    4.27247e-03     1.32954e+04
    4.29715e-03     1.33514e+04
    4.32197e-03     1.34075e+04
    4.34693e-03     1.34637e+04
    4.37203e-03     1.35200e+04
    4.39729e-03     1.35765e+04
    4.42268e-03     1.36330e+04
    4.44822e-03     1.36896e+04
    4.47392e-03     1.37464e+04
    4.49975e-03     1.38033e+04
    4.52574e-03     1.38603e+04
    4.55188e-03     1.39173e+04
    4.57817e-03     1.39745e+04
    4.60461e-03     1.40318e+04
    4.63121e-03     1.40892e+04
    4.65795e-03     1.41467e+04
    4.68485e-03     1.42043e+04
    4.71191e-03     1.42620e+04
    4.73913e-03     1.43197e+04
    4.76650e-03     1.43776e+04
    4.79402e-03     1.44356e+04
    4.82171e-03     1.44937e+04
    4.84956e-03     1.45518e+04
    4.87757e-03     1.46100e+04
    4.90574e-03     1.46684e+04
    4.93407e-03     1.47268e+04
    4.96257e-03     1.47853e+04
    4.99123e-03     1.48439e+04
    5.02006e-03     1.49025e+04
    5.04905e-03     1.49613e+04
    5.07821e-03     1.50201e+04
    5.10754e-03     1.50790e+04
    5.13704e-03     1.51379e+04
    5.16671e-03     1.51970e+04
    5.19655e-03     1.52561e+04
    5.22656e-03     1.53153e+04
    5.25675e-03     1.53745e+04
    5.28711e-03     1.54338e+04
    5.31764e-03     1.54932e+04
    5.34835e-03     1.55527e+04
    5.37924e-03     1.56122e+04
    5.41031e-03     1.56717e+04
    5.44156e-03     1.57313e+04
    5.47299e-03     1.57910e+04
    5.50459e-03     1.58507e+04
    5.53639e-03     1.59105e+04
    5.56836e-03     1.59703e+04
    5.60052e-03     1.60301e+04
    5.63287e-03     1.60900e+04
    5.66540e-03     1.61500e+04
    5.69812e-03     1.62100e+04
    5.73103e-03     1.62700e+04
    5.76413e-03     1.63300e+04
    5.79742e-03     1.63901e+04
    5.83090e-03     1.64502e+04
    5.86458e-03     1.65104e+04
    5.89845e-03     1.65705e+04
    5.93252e-03     1.66307e+04
    5.96678e-03     1.66909e+04
    6.00124e-03     1.67511e+04
    6.03590e-03     1.68114e+04
    6.07076e-03     1.68716e+04
    6.10582e-03     1.69319e+04
    6.14108e-03     1.69921e+04
    6.17655e-03     1.70524e+04
    6.21223e-03     1.71127e+04
    6.24810e-03     1.71730e+04
    6.28419e-03     1.72332e+04
    6.32048e-03     1.72935e+04
    6.35699e-03     1.73538e+04
    6.39370e-03     1.74140e+04
    6.43063e-03     1.74742e+04
    6.46777e-03     1.75345e+04
    6.50512e-03     1.75947e+04
    6.54269e-03     1.76548e+04
    6.58048e-03     1.77150e+04
    6.61849e-03     1.77751e+04
    6.65671e-03     1.78352e+04
    6.69516e-03     1.78953e+04
    6.73382e-03     1.79553e+04
    6.77272e-03     1.80153e+04
    6.81183e-03     1.80753e+04
    6.85117e-03     1.81352e+04
    6.89074e-03     1.81950e+04
    6.93054e-03     1.82549e+04
    6.97057e-03     1.83146e+04
    7.01082e-03     1.83743e+04
    7.05131e-03     1.84339e+04
    7.09204e-03     1.84935e+04
    7.13300e-03     1.85530e+04
    7.17420e-03     1.86124e+04
    7.21563e-03     1.86718e+04
    7.25730e-03     1.87310e+04
    7.29922e-03     1.87902e+04
    7.34137e-03     1.88493e+04
    7.38377e-03     1.89084e+04
    7.42642e-03     1.89673e+04
    7.46931e-03     1.90261e+04
    7.51245e-03     1.90848e+04
    7.55584e-03     1.91435e+04
    7.59948e-03     1.92020e+04
    7.64337e-03     1.92604e+04
    7.68751e-03     1.93187e+04
    7.73191e-03     1.93769e+04
    7.77657e-03     1.94349e+04
    7.82148e-03     1.94929e+04
    7.86665e-03     1.95507e+04
    7.91209e-03     1.96084e+04
    7.95778e-03     1.96659e+04
    8.00374e-03     1.97233e+04
    8.04997e-03     1.97806e+04
    8.09646e-03     1.98377e+04
    8.14322e-03     1.98947e+04
    8.19025e-03     1.99515e+04
    8.23755e-03     2.00081e+04
    8.28513e-03     2.00646e+04
    8.33298e-03     2.01209e+04
    8.38111e-03     2.01771e+04
    8.42951e-03     2.02331e+04
    8.47820e-03     2.02889e+04
    8.52716e-03     2.03445e+04
    8.57641e-03     2.03999e+04
    8.62594e-03     2.04551e+04
    8.67576e-03     2.05102e+04
    8.72587e-03     2.05650e+04
    8.77626e-03     2.06196e+04
    8.82695e-03     2.06740e+04
    8.87793e-03     2.07282e+04
    8.92921e-03     2.07822e+04
    8.98078e-03     2.08359e+04
    9.03264e-03     2.08895e+04
    9.08481e-03     2.09427e+04
    9.13728e-03     2.09958e+04
    9.19005e-03     2.10486e+04
    9.24313e-03     2.11011e+04
    9.29651e-03     2.11534e+04
    9.35021e-03     2.12055e+04
    9.40421e-03     2.12572e+04
    9.45852e-03     2.13088e+04
    9.51315e-03     2.13600e+04
    9.56809e-03     2.14109e+04
    9.62335e-03     2.14616e+04
    9.67893e-03     2.15120e+04
    9.73483e-03     2.15621e+04
    9.79106e-03     2.16119e+04
    9.84760e-03     2.16614e+04
    9.90448e-03     2.17105e+04
    9.96168e-03     2.17594e+04
    1.00192e-02     2.18080e+04
    1.00771e-02     2.18562e+04
    1.01353e-02     2.19041e+04
    1.01938e-02     2.19517e+04
    1.02527e-02     2.19989e+04
    1.03119e-02     2.20458e+04
    1.03715e-02     2.20923e+04
    1.04314e-02     2.21385e+04
    1.04916e-02     2.21844e+04
    1.05522e-02     2.22298e+04
    1.06131e-02     2.22749e+04
    1.06744e-02     2.23197e+04
    1.07361e-02     2.23640e+04
    1.07981e-02     2.24080e+04
    1.08605e-02     2.24515e+04
    1.09232e-02     2.24947e+04
    1.09863e-02     2.25374e+04
    1.10497e-02     2.25798e+04
    1.11135e-02     2.26217e+04
    1.11777e-02     2.26632e+04
    1.12423e-02     2.27043e+04
    1.13072e-02     2.27450e+04
    1.13725e-02     2.27852e+04
    1.14382e-02     2.28250e+04
    1.15043e-02     2.28643e+04
    1.15707e-02     2.29031e+04
    1.16375e-02     2.29415e+04
    1.17047e-02     2.29795e+04
    1.17723e-02     2.30169e+04
    1.18403e-02     2.30539e+04
    1.19087e-02     2.30904e+04
    1.19775e-02     2.31264e+04
    1.20467e-02     2.31619e+04
    1.21162e-02     2.31969e+04
    1.21862e-02     2.32313e+04
    1.22566e-02     2.32653e+04
    1.23274e-02     2.32988e+04
    1.23986e-02     2.33317e+04
    1.24702e-02     2.33641e+04
    1.25422e-02     2.33959e+04
    1.26147e-02     2.34272e+04
    1.26875e-02     2.34580e+04
    1.27608e-02     2.34882e+04
    1.28345e-02     2.35179e+04
    1.29086e-02     2.35470e+04
    1.29832e-02     2.35755e+04
    1.30581e-02     2.36034e+04
    1.31336e-02     2.36308e+04
    1.32094e-02     2.36575e+04
    1.32857e-02     2.36837e+04
    1.33624e-02     2.37093e+04
    1.34396e-02     2.37342e+04
    1.35172e-02     2.37586e+04
    1.35953e-02     2.37823e+04
    1.36738e-02     2.38054e+04
    1.37528e-02     2.38278e+04
    1.38322e-02     2.38497e+04
    1.39121e-02     2.38708e+04
    1.39925e-02     2.38914e+04
    1.40733e-02     2.39112e+04
    1.41546e-02     2.39304e+04
    1.42363e-02     2.39489e+04
    1.43185e-02     2.39668e+04
    1.44012e-02     2.39840e+04
    1.44844e-02     2.40004e+04
    1.45680e-02     2.40162e+04
    1.46522e-02     2.40313e+04
    1.47368e-02     2.40457e+04
    1.48219e-02     2.40593e+04
    1.49075e-02     2.40723e+04
    1.49936e-02     2.40845e+04
    1.50802e-02     2.40959e+04
    1.51673e-02     2.41067e+04
    1.52549e-02     2.41167e+04
    1.53430e-02     2.41260e+04
    1.54316e-02     2.41345e+04
    1.55208e-02     2.41422e+04
    1.56104e-02     2.41492e+04
    1.57006e-02     2.41554e+04
    1.57912e-02     2.41608e+04
    1.58824e-02     2.41655e+04
    1.59742e-02     2.41694e+04
    1.60664e-02     2.41725e+04
    1.61592e-02     2.41748e+04
    1.62525e-02     2.41763e+04
    1.63464e-02     2.41770e+04
    1.64408e-02     2.41769e+04
    1.65358e-02     2.41759e+04
    1.66313e-02     2.41742e+04
    1.67273e-02     2.41716e+04
    1.68239e-02     2.41682e+04
    1.69211e-02     2.41640e+04
    1.70188e-02     2.41590e+04
    1.71171e-02     2.41531e+04
    1.72160e-02     2.41463e+04
    1.73154e-02     2.41387e+04
    1.74154e-02     2.41303e+04
    1.75160e-02     2.41210e+04
    1.76172e-02     2.41108e+04
    1.77189e-02     2.40997e+04
    1.78212e-02     2.40878e+04
    1.79242e-02     2.40750e+04
    1.80277e-02     2.40613e+04
    1.81318e-02     2.40468e+04
    1.82365e-02     2.40314e+04
    1.83418e-02     2.40150e+04
    1.84478e-02     2.39978e+04
    1.85543e-02     2.39797e+04
    1.86615e-02     2.39606e+04
    1.87693e-02     2.39407e+04
    1.88777e-02     2.39199e+04
    1.89867e-02     2.38981e+04
    1.90964e-02     2.38755e+04
    1.92066e-02     2.38519e+04
    1.93176e-02     2.38275e+04
    1.94291e-02     2.38021e+04
    1.95414e-02     2.37757e+04
    1.96542e-02     2.37485e+04
    1.97677e-02     2.37203e+04
    1.98819e-02     2.36912e+04
    1.99967e-02     2.36612e+04
    2.01122e-02     2.36303e+04
    2.02284e-02     2.35984e+04
    2.03452e-02     2.35656e+04
    2.04627e-02     2.35318e+04
    2.05809e-02     2.34971e+04
    2.06997e-02     2.34615e+04
    2.08193e-02     2.34250e+04
    2.09395e-02     2.33875e+04
    2.10605e-02     2.33491e+04
    2.11821e-02     2.33097e+04
    2.13044e-02     2.32695e+04
    2.14275e-02     2.32283e+04
    2.15512e-02     2.31861e+04
    2.16757e-02     2.31431e+04
    2.18009e-02     2.30991e+04
    2.19268e-02     2.30543e+04
    2.20534e-02     2.30085e+04
    2.21808e-02     2.29618e+04
    2.23089e-02     2.29142e+04
    2.24378e-02     2.28657e+04
    2.25674e-02     2.28163e+04
    2.26977e-02     2.27660e+04
    2.28288e-02     2.27148e+04
    2.29606e-02     2.26628e+04
    2.30932e-02     2.26098e+04
    2.32266e-02     2.25560e+04
    2.33608e-02     2.25013e+04
    2.34957e-02     2.24457e+04
    2.36314e-02     2.23893e+04
    2.37679e-02     2.23320e+04
    2.39051e-02     2.22738e+04
    2.40432e-02     2.22148e+04
    2.41821e-02     2.21549e+04
    2.43217e-02     2.20942e+04
    2.44622e-02     2.20327e+04
    2.46035e-02     2.19703e+04
    2.47456e-02     2.19071e+04
    2.48885e-02     2.18431e+04
    2.50322e-02     2.17783e+04
    2.51768e-02     2.17126e+04
    2.53222e-02     2.16462e+04
    2.54684e-02     2.15790e+04
    2.56155e-02     2.15109e+04
    2.57635e-02     2.14421e+04
    2.59123e-02     2.13725e+04
    2.60619e-02     2.13022e+04
    2.62125e-02     2.12310e+04
    2.63638e-02     2.11592e+04
    2.65161e-02     2.10866e+04
    2.66693e-02     2.10132e+04
    2.68233e-02     2.09392e+04
    2.69782e-02     2.08645e+04
    2.71340e-02     2.07891e+04
    2.72907e-02     2.07131e+04
    2.74483e-02     2.06365e+04
    2.76069e-02     2.05592e+04
    2.77663e-02     2.04813e+04
    2.79267e-02     2.04029e+04
    2.80880e-02     2.03238e+04
    2.82502e-02     2.02442e+04
    2.84133e-02     2.01641e+04
    2.85774e-02     2.00835e+04
    2.87425e-02     2.00023e+04
    2.89085e-02     1.99206e+04
    2.90755e-02     1.98385e+04
    2.92434e-02     1.97559e+04
    2.94123e-02     1.96729e+04
    2.95821e-02     1.95894e+04
    2.97530e-02     1.95055e+04
    2.99248e-02     1.94212e+04
    3.00977e-02     1.93365e+04
    3.02715e-02     1.92514e+04
    3.04463e-02     1.91660e+04
    3.06222e-02     1.90803e+04
    3.07990e-02     1.89942e+04
    3.09769e-02     1.89078e+04
    3.11558e-02     1.88210e+04
    3.13357e-02     1.87340e+04
    3.15167e-02     1.86468e+04
    3.16987e-02     1.85592e+04
    3.18818e-02     1.84714e+04
    3.20660e-02     1.83834e+04
    3.22512e-02     1.82952e+04
    3.24374e-02     1.82067e+04
    3.26248e-02     1.81181e+04
    3.28132e-02     1.80293e+04
    3.30027e-02     1.79403e+04
    3.31933e-02     1.78512e+04
    3.33850e-02     1.77619e+04
    3.35778e-02     1.76726e+04
    3.37717e-02     1.75832e+04
    3.39668e-02     1.74938e+04
    3.41630e-02     1.74044e+04
    3.43603e-02     1.73150e+04
    3.45587e-02     1.72257e+04
    3.47583e-02     1.71364e+04
    3.49591e-02     1.70471e+04
    3.51610e-02     1.69580e+04
    3.53640e-02     1.68691e+04
    3.55683e-02     1.67803e+04
    3.57737e-02     1.66916e+04
    3.59803e-02     1.66032e+04
    3.61881e-02     1.65149e+04
    3.63971e-02     1.64269e+04
    3.66073e-02     1.63392e+04
    3.68188e-02     1.62517e+04
    3.70314e-02     1.61645e+04
    3.72453e-02     1.60777e+04
    3.74604e-02     1.59911e+04
    3.76767e-02     1.59050e+04
    3.78943e-02     1.58191e+04
    3.81132e-02     1.57337e+04
    3.83333e-02     1.56487e+04
    3.85547e-02     1.55641e+04
    3.87774e-02     1.54799e+04
    3.90013e-02     1.53961e+04
    3.92266e-02     1.53128e+04
    3.94532e-02     1.52300e+04
    3.96810e-02     1.51477e+04
    3.99102e-02     1.50659e+04
    4.01407e-02     1.49846e+04
    4.03725e-02     1.49038e+04
    4.06057e-02     1.48236e+04
    4.08402e-02     1.47440e+04
    4.10761e-02     1.46649e+04
    4.13133e-02     1.45863e+04
    4.15519e-02     1.45084e+04
    4.17919e-02     1.44311e+04
    4.20333e-02     1.43544e+04
    4.22760e-02     1.42783e+04
    4.25202e-02     1.42028e+04
    4.27658e-02     1.41280e+04
    4.30128e-02     1.40538e+04
    4.32612e-02     1.39803e+04
    4.35110e-02     1.39075e+04
    4.37623e-02     1.38353e+04
    4.40151e-02     1.37638e+04
    4.42693e-02     1.36930e+04
    4.45250e-02     1.36229e+04
    4.47821e-02     1.35535e+04
    4.50408e-02     1.34849e+04
    4.53009e-02     1.34169e+04
    4.55625e-02     1.33497e+04
    4.58257e-02     1.32832e+04
    4.60903e-02     1.32175e+04
    4.63565e-02     1.31525e+04
    4.66243e-02     1.30882e+04
    4.68935e-02     1.30248e+04
    4.71644e-02     1.29620e+04
    4.74368e-02     1.29001e+04
    4.77107e-02     1.28389e+04
    4.79863e-02     1.27785e+04
    4.82634e-02     1.27189e+04
    4.85422e-02     1.26599e+04
    4.88225e-02     1.26017e+04
    4.91045e-02     1.25442e+04
    4.93881e-02     1.24874e+04
    4.96733e-02     1.24313e+04
    4.99602e-02     1.23758e+04
    5.02488e-02     1.23210e+04
    5.05390e-02     1.22669e+04
    5.08309e-02     1.22135e+04
    5.11244e-02     1.21606e+04
    5.14197e-02     1.21084e+04
    5.17167e-02     1.20569e+04
    5.20154e-02     1.20059e+04
    5.23158e-02     1.19555e+04
    5.26179e-02     1.19057e+04
    5.29218e-02     1.18565e+04
    5.32275e-02     1.18078e+04
    5.35349e-02     1.17596e+04
    5.38441e-02     1.17118e+04
    5.41551e-02     1.16646e+04
    5.44678e-02     1.16177e+04
    5.47824e-02     1.15713e+04
    5.50988e-02     1.15253e+04
    5.54170e-02     1.14796e+04
    5.57371e-02     1.14343e+04
    5.60590e-02     1.13893e+04
    5.63828e-02     1.13446e+04
    5.67084e-02     1.13002e+04
    5.70359e-02     1.12560e+04
    5.73653e-02     1.12120e+04
    5.76966e-02     1.11682e+04
    5.80299e-02     1.11245e+04
    5.83650e-02     1.10809e+04
    5.87021e-02     1.10374e+04
    5.90411e-02     1.09940e+04
    5.93821e-02     1.09506e+04
    5.97251e-02     1.09072e+04
    6.00700e-02     1.08637e+04
    6.04170e-02     1.08201e+04
    6.07659e-02     1.07765e+04
    6.11168e-02     1.07327e+04
    6.14698e-02     1.06887e+04
    6.18248e-02     1.06445e+04
    6.21819e-02     1.06000e+04
    6.25410e-02     1.05553e+04
    6.29022e-02     1.05102e+04
    6.32655e-02     1.04648e+04
    6.36309e-02     1.04190e+04
    6.39984e-02     1.03729e+04
    6.43680e-02     1.03262e+04
    6.47398e-02     1.02792e+04
    6.51137e-02     1.02316e+04
    6.54898e-02     1.01834e+04
    6.58680e-02     1.01348e+04
    6.62484e-02     1.00855e+04
    6.66310e-02     1.00356e+04
    6.70159e-02     9.98511e+03
    6.74029e-02     9.93395e+03
    6.77922e-02     9.88211e+03
    6.81837e-02     9.82957e+03
    6.85775e-02     9.77631e+03
    6.89736e-02     9.72232e+03
    6.93719e-02     9.66757e+03
    6.97726e-02     9.61205e+03
    7.01756e-02     9.55576e+03
    7.05809e-02     9.49869e+03
    7.09885e-02     9.44082e+03
    7.13985e-02     9.38216e+03
    7.18109e-02     9.32269e+03
    7.22256e-02     9.26241e+03
    7.26427e-02     9.20132e+03
    7.30623e-02     9.13943e+03
    7.34842e-02     9.07675e+03
    7.39087e-02     9.01328e+03
    7.43355e-02     8.94904e+03
    7.47648e-02     8.88403e+03
    7.51966e-02     8.81827e+03
    7.56309e-02     8.75177e+03
    7.60677e-02     8.68456e+03
    7.65071e-02     8.61666e+03
    7.69489e-02     8.54810e+03
    7.73933e-02     8.47891e+03
    7.78403e-02     8.40911e+03
    7.82899e-02     8.33873e+03
    7.87421e-02     8.26781e+03
    7.91968e-02     8.19639e+03
    7.96542e-02     8.12450e+03
    8.01143e-02     8.05220e+03
    8.05770e-02     7.97953e+03
    8.10423e-02     7.90652e+03
    8.15104e-02     7.83321e+03
    8.19812e-02     7.75967e+03
    8.24546e-02     7.68593e+03
    8.29309e-02     7.61207e+03
    8.34098e-02     7.53812e+03
    8.38915e-02     7.46415e+03
    8.43761e-02     7.39021e+03
    8.48634e-02     7.31634e+03
    8.53535e-02     7.24260e+03
    8.58465e-02     7.16907e+03
    8.63423e-02     7.09580e+03
    8.68409e-02     7.02284e+03
    8.73425e-02     6.95026e+03
    8.78469e-02     6.87810e+03
    8.83543e-02     6.80643e+03
    8.88646e-02     6.73530e+03
    8.93778e-02     6.66477e+03
    8.98940e-02     6.59490e+03
    9.04132e-02     6.52574e+03
    9.09354e-02     6.45734e+03
    9.14606e-02     6.38976e+03
    9.19888e-02     6.32304e+03
    9.25201e-02     6.25723e+03
    9.30544e-02     6.19238e+03
    9.35918e-02     6.12854e+03
    9.41324e-02     6.06574e+03
    9.46760e-02     6.00403e+03
    9.52228e-02     5.94344e+03
    9.57728e-02     5.88401e+03
    9.63259e-02     5.82576e+03
    9.68823e-02     5.76872e+03
    9.74418e-02     5.71293e+03
    9.80046e-02     5.65840e+03
    9.85706e-02     5.60515e+03
    9.91399e-02     5.55319e+03
    9.97125e-02     5.50253e+03
    1.00288e-01     5.45318e+03
    1.00868e-01     5.40516e+03
    1.01450e-01     5.35846e+03
    1.02036e-01     5.31308e+03
    1.02625e-01     5.26900e+03
    1.03218e-01     5.22621e+03
    1.03814e-01     5.18470e+03
    1.04414e-01     5.14446e+03
    1.05017e-01     5.10547e+03
    1.05623e-01     5.06769e+03
    1.06233e-01     5.03109e+03
    1.06847e-01     4.99564e+03
    1.07464e-01     4.96130e+03
    1.08085e-01     4.92804e+03
    1.08709e-01     4.89581e+03
    1.09337e-01     4.86456e+03
    1.09968e-01     4.83424e+03
    1.10603e-01     4.80478e+03
    1.11242e-01     4.77614e+03
    1.11885e-01     4.74826e+03
    1.12531e-01     4.72108e+03
    1.13181e-01     4.69452e+03
    1.13834e-01     4.66853e+03
    1.14492e-01     4.64302e+03
    1.15153e-01     4.61793e+03
    1.15818e-01     4.59319e+03
    1.16487e-01     4.56872e+03
    1.17160e-01     4.54446e+03
    1.17836e-01     4.52032e+03
    1.18517e-01     4.49623e+03
    1.19202e-01     4.47211e+03
    1.19890e-01     4.44789e+03
    1.20582e-01     4.42351e+03
    1.21279e-01     4.39889e+03
    1.21979e-01     4.37395e+03
    1.22684e-01     4.34865e+03
    1.23392e-01     4.32290e+03
    1.24105e-01     4.29666e+03
    1.24822e-01     4.26986e+03
    1.25543e-01     4.24246e+03
    1.26268e-01     4.21442e+03
    1.26997e-01     4.18569e+03
    1.27730e-01     4.15622e+03
    1.28468e-01     4.12599e+03
    1.29210e-01     4.09498e+03
    1.29956e-01     4.06318e+03
    1.30707e-01     4.03058e+03
    1.31462e-01     3.99717e+03
    1.32221e-01     3.96293e+03
    1.32985e-01     3.92788e+03
    1.33753e-01     3.89206e+03
    1.34525e-01     3.85548e+03
    1.35302e-01     3.81818e+03
    1.36084e-01     3.78018e+03
    1.36870e-01     3.74152e+03
    1.37660e-01     3.70225e+03
    1.38455e-01     3.66243e+03
    1.39255e-01     3.62214e+03
    1.40059e-01     3.58143e+03
    1.40868e-01     3.54036e+03
    1.41681e-01     3.49900e+03
    1.42500e-01     3.45743e+03
    1.43323e-01     3.41574e+03
    1.44151e-01     3.37401e+03
    1.44983e-01     3.33233e+03
    1.45820e-01     3.29076e+03
    1.46663e-01     3.24938e+03
    1.47510e-01     3.20830e+03
    1.48362e-01     3.16759e+03
    1.49218e-01     3.12733e+03
    1.50080e-01     3.08759e+03
    1.50947e-01     3.04847e+03
    1.51819e-01     3.01001e+03
    1.52696e-01     2.97229e+03
    1.53578e-01     2.93537e+03
    1.54464e-01     2.89930e+03
    1.55357e-01     2.86416e+03
    1.56254e-01     2.82997e+03
    1.57156e-01     2.79678e+03
    1.58064e-01     2.76461e+03
    1.58977e-01     2.73349e+03
    1.59895e-01     2.70343e+03
    1.60818e-01     2.67447e+03
    1.61747e-01     2.64660e+03
    1.62681e-01     2.61981e+03
    1.63621e-01     2.59407e+03
    1.64566e-01     2.56938e+03
    1.65516e-01     2.54571e+03
    1.66472e-01     2.52305e+03
    1.67434e-01     2.50135e+03
    1.68401e-01     2.48054e+03
    1.69373e-01     2.46058e+03
    1.70352e-01     2.44140e+03
    1.71336e-01     2.42295e+03
    1.72325e-01     2.40516e+03
    1.73320e-01     2.38797e+03
    1.74321e-01     2.37129e+03
    1.75328e-01     2.35504e+03
    1.76341e-01     2.33914e+03
    1.77359e-01     2.32352e+03
    1.78384e-01     2.30809e+03
    1.79414e-01     2.29278e+03
    1.80450e-01     2.27752e+03
    1.81492e-01     2.26222e+03
    1.82540e-01     2.24682e+03
    1.83595e-01     2.23125e+03
    1.84655e-01     2.21543e+03
    1.85721e-01     2.19930e+03
    1.86794e-01     2.18280e+03
    1.87873e-01     2.16587e+03
    1.88958e-01     2.14845e+03
    1.90049e-01     2.13049e+03
    1.91147e-01     2.11197e+03
    1.92251e-01     2.09289e+03
    1.93361e-01     2.07325e+03
    1.94478e-01     2.05306e+03
    1.95601e-01     2.03232e+03
    1.96731e-01     2.01105e+03
    1.97867e-01     1.98929e+03
    1.99010e-01     1.96709e+03
    2.00159e-01     1.94452e+03
    2.01315e-01     1.92163e+03
    2.02478e-01     1.89845e+03
    2.03647e-01     1.87507e+03
    2.04823e-01     1.85156e+03
    2.06006e-01     1.82800e+03
    2.07196e-01     1.80447e+03
    2.08393e-01     1.78105e+03
    2.09596e-01     1.75779e+03
    2.10807e-01     1.73478e+03
    2.12024e-01     1.71208e+03
    2.13249e-01     1.68976e+03
    2.14481e-01     1.66786e+03
    2.15719e-01     1.64645e+03
    2.16965e-01     1.62559e+03
    2.18218e-01     1.60529e+03
    2.19479e-01     1.58559e+03
    2.20746e-01     1.56651e+03
    2.22021e-01     1.54808e+03
    2.23303e-01     1.53031e+03
    2.24593e-01     1.51321e+03
    2.25890e-01     1.49677e+03
    2.27195e-01     1.48096e+03
    2.28507e-01     1.46578e+03
    2.29827e-01     1.45119e+03
    2.31154e-01     1.43719e+03
    2.32489e-01     1.42374e+03
    2.33832e-01     1.41077e+03
    2.35182e-01     1.39824e+03
    2.36541e-01     1.38608e+03
    2.37907e-01     1.37425e+03
    2.39281e-01     1.36268e+03
    2.40663e-01     1.35132e+03
    2.42053e-01     1.34010e+03
    2.43451e-01     1.32896e+03
    2.44857e-01     1.31783e+03
    2.46271e-01     1.30665e+03
    2.47693e-01     1.29536e+03
    2.49124e-01     1.28394e+03
    2.50563e-01     1.27234e+03
    2.52010e-01     1.26054e+03
    2.53465e-01     1.24851e+03
    2.54929e-01     1.23621e+03
    2.56401e-01     1.22365e+03
    2.57882e-01     1.21083e+03
    2.59372e-01     1.19777e+03
    2.60870e-01     1.18449e+03
    2.62376e-01     1.17100e+03
    2.63892e-01     1.15732e+03
    2.65416e-01     1.14349e+03
    2.66949e-01     1.12955e+03
    2.68490e-01     1.11556e+03
    2.70041e-01     1.10157e+03
    2.71601e-01     1.08761e+03
    2.73169e-01     1.07373e+03
    2.74747e-01     1.05998e+03
    2.76334e-01     1.04642e+03
    2.77930e-01     1.03308e+03
    2.79535e-01     1.02001e+03
    2.81149e-01     1.00726e+03
    2.82773e-01     9.94854e+02
    2.84406e-01     9.82808e+02
    2.86049e-01     9.71125e+02
    2.87701e-01     9.59812e+02
    2.89363e-01     9.48875e+02
    2.91034e-01     9.38319e+02
    2.92715e-01     9.28129e+02
    2.94405e-01     9.18273e+02
    2.96105e-01     9.08716e+02
    2.97816e-01     8.99425e+02
    2.99536e-01     8.90368e+02
    3.01266e-01     8.81514e+02
    3.03006e-01     8.72827e+02
    3.04756e-01     8.64269e+02
    3.06516e-01     8.55802e+02
    3.08286e-01     8.47390e+02
    3.10066e-01     8.38999e+02
    3.11857e-01     8.30596e+02
    3.13658e-01     8.22161e+02
    3.15470e-01     8.13676e+02
    3.17292e-01     8.05125e+02
    3.19124e-01     7.96493e+02
    3.20967e-01     7.87766e+02
    3.22821e-01     7.78937e+02
    3.24686e-01     7.70024e+02
    3.26561e-01     7.61050e+02
    3.28447e-01     7.52034e+02
    3.30344e-01     7.42998e+02
    3.32252e-01     7.33961e+02
    3.34171e-01     7.24945e+02
    3.36101e-01     7.15980e+02
    3.38042e-01     7.07093e+02
    3.39994e-01     6.98311e+02
    3.41958e-01     6.89660e+02
    3.43933e-01     6.81164e+02
    3.45919e-01     6.72838e+02
    3.47917e-01     6.64691e+02
    3.49926e-01     6.56727e+02
    3.51947e-01     6.48955e+02
    3.53980e-01     6.41378e+02
    3.56024e-01     6.34003e+02
    3.58081e-01     6.26819e+02
    3.60149e-01     6.19805e+02
    3.62229e-01     6.12942e+02
    3.64321e-01     6.06211e+02
    3.66425e-01     5.99592e+02
    3.68541e-01     5.93069e+02
    3.70670e-01     5.86622e+02
    3.72810e-01     5.80233e+02
    3.74964e-01     5.73886e+02
    3.77129e-01     5.67564e+02
    3.79307e-01     5.61249e+02
    3.81498e-01     5.54929e+02
    3.83701e-01     5.48601e+02
    3.85917e-01     5.42271e+02
    3.88146e-01     5.35943e+02
    3.90388e-01     5.29624e+02
    3.92643e-01     5.23317e+02
    3.94910e-01     5.17029e+02
    3.97191e-01     5.10769e+02
    3.99485e-01     5.04552e+02
    4.01792e-01     4.98391e+02
    4.04113e-01     4.92299e+02
    4.06447e-01     4.86287e+02
    4.08794e-01     4.80368e+02
    4.11155e-01     4.74545e+02
    4.13530e-01     4.68820e+02
    4.15918e-01     4.63193e+02
    4.18320e-01     4.57663e+02
    4.20736e-01     4.52231e+02
    4.23166e-01     4.46897e+02
    4.25610e-01     4.41657e+02
    4.28068e-01     4.36502e+02
    4.30541e-01     4.31425e+02
    4.33027e-01     4.26417e+02
    4.35528e-01     4.21471e+02
    4.38044e-01     4.16579e+02
    4.40573e-01     4.11735e+02
    4.43118e-01     4.06934e+02
    4.45677e-01     4.02170e+02
    4.48251e-01     3.97440e+02
    4.50840e-01     3.92740e+02
    4.53444e-01     3.88065e+02
    4.56063e-01     3.83413e+02
    4.58697e-01     3.78785e+02
    4.61346e-01     3.74188e+02
    4.64010e-01     3.69628e+02
    4.66690e-01     3.65110e+02
    4.69386e-01     3.60640e+02
    4.72097e-01     3.56222e+02
    4.74823e-01     3.51862e+02
    4.77565e-01     3.47561e+02
    4.80324e-01     3.43319e+02
    4.83098e-01     3.39139e+02
    4.85888e-01     3.35020e+02
    4.88694e-01     3.30965e+02
    4.91517e-01     3.26972e+02
    4.94355e-01     3.23042e+02
    4.97210e-01     3.19167e+02
    5.00082e-01     3.15344e+02
    5.02970e-01     3.11566e+02
    5.05875e-01     3.07828e+02
    5.08797e-01     3.04124e+02
    5.11735e-01     3.00451e+02
    5.14691e-01     2.96805e+02
    5.17663e-01     2.93188e+02
    5.20653e-01     2.89604e+02
    5.23660e-01     2.86052e+02
    5.26685e-01     2.82537e+02
    5.29726e-01     2.79059e+02
    5.32786e-01     2.75621e+02
    5.35863e-01     2.72223e+02
    5.38958e-01     2.68866e+02
    5.42071e-01     2.65551e+02
    5.45201e-01     2.62277e+02
    5.48350e-01     2.59043e+02
    5.51517e-01     2.55851e+02
    5.54702e-01     2.52700e+02
    5.57906e-01     2.49589e+02
    5.61128e-01     2.46519e+02
    5.64369e-01     2.43487e+02
    5.67629e-01     2.40492e+02
    5.70907e-01     2.37533e+02
    5.74204e-01     2.34607e+02
    5.77520e-01     2.31714e+02
    5.80856e-01     2.28851e+02
    5.84211e-01     2.26018e+02
    5.87585e-01     2.23214e+02
    5.90978e-01     2.20439e+02
    5.94391e-01     2.17694e+02
    5.97824e-01     2.14980e+02
    6.01277e-01     2.12296e+02
    6.04750e-01     2.09645e+02
    6.08242e-01     2.07025e+02
    6.11755e-01     2.04437e+02
    6.15288e-01     2.01882e+02
    6.18842e-01     1.99360e+02
    6.22416e-01     1.96870e+02
    6.26011e-01     1.94411e+02
    6.29626e-01     1.91981e+02
    6.33263e-01     1.89581e+02
    6.36920e-01     1.87210e+02
    6.40599e-01     1.84867e+02
    6.44298e-01     1.82551e+02
    6.48020e-01     1.80261e+02
    6.51762e-01     1.77997e+02
    6.55526e-01     1.75759e+02
    6.59312e-01     1.73547e+02
    6.63120e-01     1.71360e+02
    6.66950e-01     1.69199e+02
    6.70802e-01     1.67063e+02
    6.74676e-01     1.64952e+02
    6.78573e-01     1.62867e+02
    6.82492e-01     1.60806e+02
    6.86434e-01     1.58771e+02
    6.90398e-01     1.56760e+02
    6.94386e-01     1.54774e+02
    6.98396e-01     1.52813e+02
    7.02430e-01     1.50875e+02
    7.06486e-01     1.48961e+02
    7.10567e-01     1.47070e+02
    7.14671e-01     1.45203e+02
    7.18798e-01     1.43358e+02
    7.22949e-01     1.41535e+02
    7.27125e-01     1.39735e+02
    7.31324e-01     1.37956e+02
    7.35548e-01     1.36199e+02
    7.39796e-01     1.34463e+02
    7.44069e-01     1.32748e+02
    7.48366e-01     1.31053e+02
    7.52688e-01     1.29379e+02
    7.57036e-01     1.27726e+02
    7.61408e-01     1.26092e+02
    7.65805e-01     1.24478e+02
    7.70228e-01     1.22884e+02
    7.74677e-01     1.21309e+02
    7.79151e-01     1.19753e+02
    7.83651e-01     1.18217e+02
    7.88177e-01     1.16699e+02
    7.92729e-01     1.15199e+02
    7.97307e-01     1.13718e+02
    8.01912e-01     1.12255e+02
    8.06543e-01     1.10810e+02
    8.11202e-01     1.09382e+02
    8.15887e-01     1.07972e+02
    8.20599e-01     1.06580e+02
    8.25338e-01     1.05204e+02
    8.30105e-01     1.03846e+02
    8.34899e-01     1.02504e+02
    8.39721e-01     1.01179e+02
    8.44571e-01     9.98698e+01
    8.49449e-01     9.85771e+01
    8.54355e-01     9.73003e+01
    8.59289e-01     9.60393e+01
    8.64252e-01     9.47940e+01
    8.69243e-01     9.35640e+01
    8.74264e-01     9.23494e+01
    8.79313e-01     9.11497e+01
    8.84391e-01     8.99650e+01
    8.89499e-01     8.87951e+01
    8.94636e-01     8.76397e+01
    8.99803e-01     8.64986e+01
    9.05000e-01     8.53718e+01
    9.10227e-01     8.42591e+01
    9.15484e-01     8.31602e+01
    9.20771e-01     8.20751e+01
    9.26089e-01     8.10035e+01
    9.31438e-01     7.99453e+01
    9.36817e-01     7.89004e+01
    9.42228e-01     7.78686e+01
    9.47670e-01     7.68496e+01
    9.53143e-01     7.58435e+01
    9.58648e-01     7.48500e+01
    9.64184e-01     7.38690e+01
    9.69753e-01     7.29003e+01
    9.75354e-01     7.19438e+01
    9.80987e-01     7.09993e+01
    9.86653e-01     7.00667e+01
    9.92351e-01     6.91459e+01
    9.98082e-01     6.82367e+01
    1.00385e+00     6.73389e+01
    1.00964e+00     6.64525e+01
    1.01548e+00     6.55773e+01
    1.02134e+00     6.47132e+01
    1.02724e+00     6.38599e+01
    1.03317e+00     6.30175e+01
    1.03914e+00     6.21858e+01
    1.04514e+00     6.13646e+01
    1.05118e+00     6.05538e+01
    1.05725e+00     5.97533e+01
    1.06335e+00     5.89630e+01
    1.06950e+00     5.81827e+01
    1.07567e+00     5.74123e+01
    1.08188e+00     5.66518e+01
    1.08813e+00     5.59009e+01
    1.09442e+00     5.51596e+01
    1.10074e+00     5.44278e+01
    1.10710e+00     5.37053e+01
    1.11349e+00     5.29920e+01
    1.11992e+00     5.22878e+01
    1.12639e+00     5.15926e+01
    1.13289e+00     5.09064e+01
    1.13944e+00     5.02289e+01
    1.14602e+00     4.95601e+01
    1.15264e+00     4.88999e+01
    1.15929e+00     4.82481e+01
    1.16599e+00     4.76047e+01
    1.17272e+00     4.69696e+01
    1.17950e+00     4.63426e+01
    1.18631e+00     4.57237e+01
    1.19316e+00     4.51128e+01
    1.20005e+00     4.45097e+01
    1.20698e+00     4.39144e+01
    1.21395e+00     4.33268e+01
    1.22096e+00     4.27467e+01
    1.22802e+00     4.21742e+01
    1.23511e+00     4.16090e+01
    1.24224e+00     4.10512e+01
    1.24942e+00     4.05005e+01
    1.25663e+00     3.99570e+01
    1.26389e+00     3.94205e+01
    1.27119e+00     3.88910e+01
    1.27853e+00     3.83684e+01
    1.28591e+00     3.78525e+01
    1.29334e+00     3.73433e+01
    1.30081e+00     3.68408e+01
    1.30832e+00     3.63447e+01
    1.31588e+00     3.58552e+01
    1.32348e+00     3.53720e+01
    1.33112e+00     3.48950e+01
    1.33881e+00     3.44243e+01
    1.34654e+00     3.39598e+01
    1.35432e+00     3.35013e+01
    1.36214e+00     3.30488e+01
    1.37001e+00     3.26022e+01
    1.37792e+00     3.21614e+01
    1.38588e+00     3.17264e+01
    1.39388e+00     3.12971e+01
    1.40193e+00     3.08734e+01
    1.41003e+00     3.04552e+01
    1.41818e+00     3.00425e+01
    1.42637e+00     2.96353e+01
    1.43460e+00     2.92334e+01
    1.44289e+00     2.88367e+01
    1.45122e+00     2.84453e+01
    1.45960e+00     2.80590e+01
    1.46803e+00     2.76778e+01
    1.47651e+00     2.73016e+01
    1.48504e+00     2.69304e+01
    1.49362e+00     2.65640e+01
    1.50224e+00     2.62025e+01
    1.51092e+00     2.58457e+01
    1.51965e+00     2.54937e+01
    1.52842e+00     2.51463e+01
    1.53725e+00     2.48035e+01
    1.54613e+00     2.44652e+01
    1.55506e+00     2.41314e+01
    1.56404e+00     2.38020e+01
    1.57307e+00     2.34769e+01
    1.58216e+00     2.31562e+01
    1.59130e+00     2.28397e+01
    1.60049e+00     2.25274e+01
    1.60973e+00     2.22193e+01
    1.61903e+00     2.19152e+01
    1.62838e+00     2.16152e+01
    1.63778e+00     2.13192e+01
    1.64724e+00     2.10271e+01
    1.65675e+00     2.07388e+01
    1.66632e+00     2.04545e+01
    1.67595e+00     2.01739e+01
    1.68563e+00     1.98970e+01
    1.69536e+00     1.96238e+01
    1.70515e+00     1.93543e+01
    1.71500e+00     1.90884e+01
    1.72491e+00     1.88260e+01
    1.73487e+00     1.85671e+01
    1.74489e+00     1.83117e+01
    1.75496e+00     1.80597e+01
    1.76510e+00     1.78110e+01
    1.77529e+00     1.75657e+01
    1.78555e+00     1.73237e+01
    1.79586e+00     1.70849e+01
    1.80623e+00     1.68493e+01
    1.81666e+00     1.66168e+01
    1.82716e+00     1.63875e+01
    1.83771e+00     1.61613e+01
    1.84832e+00     1.59381e+01
    1.85900e+00     1.57179e+01
    1.86973e+00     1.55006e+01
    1.88053e+00     1.52863e+01
    1.89139e+00     1.50748e+01
    1.90232e+00     1.48662e+01
    1.91330e+00     1.46604e+01
    1.92435e+00     1.44574e+01
    1.93547e+00     1.42571e+01
    1.94665e+00     1.40596e+01
    1.95789e+00     1.38646e+01
    1.96920e+00     1.36723e+01
    1.98057e+00     1.34826e+01
    1.99201e+00     1.32955e+01
    2.00351e+00     1.31109e+01
    2.01509e+00     1.29288e+01
    2.02672e+00     1.27491e+01
    2.03843e+00     1.25719e+01
    2.05020e+00     1.23971e+01
    2.06204e+00     1.22246e+01
    2.07395e+00     1.20545e+01
    2.08593e+00     1.18867e+01
    2.09798e+00     1.17212e+01
    2.11009e+00     1.15579e+01
    2.12228e+00     1.13968e+01
    2.13454e+00     1.12379e+01
    2.14687e+00     1.10812e+01
    2.15927e+00     1.09266e+01
    2.17174e+00     1.07741e+01
    2.18428e+00     1.06237e+01
    2.19689e+00     1.04753e+01
    2.20958e+00     1.03290e+01
    2.22234e+00     1.01846e+01
    2.23518e+00     1.00422e+01
    2.24809e+00     9.90179e+00
    2.26107e+00     9.76325e+00
    2.27413e+00     9.62661e+00
    2.28726e+00     9.49183e+00
    2.30047e+00     9.35889e+00
    2.31376e+00     9.22777e+00
    2.32712e+00     9.09844e+00
    2.34056e+00     8.97087e+00
    2.35408e+00     8.84506e+00
    2.36768e+00     8.72096e+00
    2.38135e+00     8.59857e+00
    2.39511e+00     8.47785e+00
    2.40894e+00     8.35878e+00
    2.42285e+00     8.24135e+00
    2.43684e+00     8.12553e+00
    2.45092e+00     8.01130e+00
    2.46507e+00     7.89863e+00
    2.47931e+00     7.78752e+00
    2.49363e+00     7.67793e+00
    2.50803e+00     7.56984e+00
    2.52252e+00     7.46324e+00
    2.53709e+00     7.35811e+00
    2.55174e+00     7.25442e+00
    2.56648e+00     7.15217e+00
    2.58130e+00     7.05132e+00
    2.59621e+00     6.95186e+00
    2.61120e+00     6.85377e+00
    2.62628e+00     6.75703e+00
    2.64145e+00     6.66163e+00
    2.65671e+00     6.56754e+00
    2.67205e+00     6.47475e+00
    2.68748e+00     6.38325e+00
    2.70300e+00     6.29301e+00
    2.71861e+00     6.20401e+00
    2.73432e+00     6.11625e+00
    2.75011e+00     6.02970e+00
    2.76599e+00     5.94435e+00
    2.78197e+00     5.86018e+00
    2.79803e+00     5.77717e+00
    2.81419e+00     5.69532e+00
    2.83045e+00     5.61460e+00
    2.84679e+00     5.53500e+00
    2.86324e+00     5.45650e+00
    2.87977e+00     5.37909e+00
    2.89640e+00     5.30276e+00
    2.91313e+00     5.22748e+00
    2.92996e+00     5.15325e+00
    2.94688e+00     5.08006e+00
    2.96390e+00     5.00788e+00
    2.98102e+00     4.93670e+00
    2.99823e+00     4.86652e+00
    3.01555e+00     4.79731e+00
    3.03297e+00     4.72906e+00
    3.05048e+00     4.66177e+00
    3.06810e+00     4.59541e+00
    3.08582e+00     4.52998e+00
    3.10364e+00     4.46546e+00
    3.12157e+00     4.40184e+00
    3.13960e+00     4.33910e+00
    3.15773e+00     4.27725e+00
    3.17597e+00     4.21625e+00
    3.19431e+00     4.15611e+00
    3.21276e+00     4.09681e+00
    3.23131e+00     4.03834e+00
    3.24997e+00     3.98068e+00
    3.26874e+00     3.92384e+00
    3.28762e+00     3.86778e+00
    3.30661e+00     3.81252e+00
    3.32571e+00     3.75802e+00
    3.34492e+00     3.70429e+00
    3.36423e+00     3.65131e+00
    3.38366e+00     3.59908e+00
    3.40321e+00     3.54757e+00
    3.42286e+00     3.49679e+00
    3.44263e+00     3.44673e+00
    3.46251e+00     3.39736e+00
    3.48251e+00     3.34869e+00
    3.50262e+00     3.30070e+00
    3.52285e+00     3.25339e+00
    3.54320e+00     3.20674e+00
    3.56366e+00     3.16074e+00
    3.58424e+00     3.11540e+00
    3.60495e+00     3.07069e+00
    3.62577e+00     3.02661e+00
    3.64671e+00     2.98315e+00
    3.66777e+00     2.94030e+00
    3.68895e+00     2.89806e+00
    3.71026e+00     2.85641e+00
    3.73168e+00     2.81535e+00
    3.75324e+00     2.77487e+00
    3.77491e+00     2.73496e+00
    3.79672e+00     2.69562e+00
    3.81864e+00     2.65682e+00
    3.84070e+00     2.61858e+00
    3.86288e+00     2.58088e+00
    3.88519e+00     2.54371e+00
    3.90763e+00     2.50706e+00
    3.93020e+00     2.47093e+00
    3.95290e+00     2.43532e+00
    3.97573e+00     2.40020e+00
    3.99869e+00     2.36559e+00
    4.02178e+00     2.33146e+00
    4.04501e+00     2.29782e+00
    4.06837e+00     2.26466e+00
    4.09187e+00     2.23196e+00
    4.11550e+00     2.19973e+00
    4.13927e+00     2.16795e+00
    4.16318e+00     2.13663e+00
    4.18722e+00     2.10575e+00
    4.21140e+00     2.07531e+00
    4.23573e+00     2.04530e+00
    4.26019e+00     2.01571e+00
    4.28479e+00     1.98655e+00
    4.30954e+00     1.95780e+00
    4.33443e+00     1.92946e+00
    4.35946e+00     1.90153e+00
    4.38464e+00     1.87399e+00
    4.40997e+00     1.84684e+00
    4.43544e+00     1.82008e+00
    4.46105e+00     1.79370e+00
    4.48682e+00     1.76770e+00
    4.51273e+00     1.74206e+00
    4.53879e+00     1.71679e+00
    4.56501e+00     1.69188e+00
    4.59137e+00     1.66733e+00
    4.61789e+00     1.64313e+00
    4.64456e+00     1.61927e+00
    4.67138e+00     1.59575e+00
    4.69836e+00     1.57257e+00
    4.72550e+00     1.54972e+00
    4.75279e+00     1.52720e+00
    4.78024e+00     1.50500e+00
    4.80785e+00     1.48311e+00
    4.83562e+00     1.46154e+00
    4.86354e+00     1.44028e+00
    4.89163e+00     1.41932e+00
    4.91989e+00     1.39866e+00
    4.94830e+00     1.37830e+00
    4.97688e+00     1.35823e+00
    5.00562e+00     1.33844e+00
    5.03453e+00     1.31894e+00
    5.06361e+00     1.29972e+00
    5.09285e+00     1.28077e+00
    5.12227e+00     1.26210e+00
    5.15185e+00     1.24369e+00
    5.18161e+00     1.22555e+00
    5.21153e+00     1.20767e+00
    5.24163e+00     1.19005e+00
    5.27190e+00     1.17267e+00
    5.30235e+00     1.15555e+00
    5.33298e+00     1.13868e+00
    5.36378e+00     1.12204e+00
    5.39475e+00     1.10565e+00
    5.42591e+00     1.08949e+00
    5.45725e+00     1.07356e+00
    5.48877e+00     1.05787e+00
    5.52047e+00     1.04239e+00
    5.55235e+00     1.02715e+00
    5.58442e+00     1.01212e+00
    5.61667e+00     9.97305e-01
    5.64911e+00     9.82706e-01
    5.68174e+00     9.68318e-01
    5.71455e+00     9.54137e-01
    5.74755e+00     9.40160e-01
    5.78075e+00     9.26385e-01
    5.81414e+00     9.12809e-01
    5.84772e+00     8.99428e-01
    5.88149e+00     8.86241e-01
    5.91546e+00     8.73244e-01
    5.94962e+00     8.60435e-01
    5.98398e+00     8.47811e-01
    6.01854e+00     8.35369e-01
    6.05330e+00     8.23107e-01
    6.08826e+00     8.11023e-01
    6.12343e+00     7.99113e-01
    6.15879e+00     7.87376e-01
    6.19436e+00     7.75808e-01
    6.23014e+00     7.64408e-01
    6.26612e+00     7.53172e-01
    6.30231e+00     7.42100e-01
    6.33871e+00     7.31188e-01
    6.37532e+00     7.20434e-01
    6.41214e+00     7.09835e-01
    6.44917e+00     6.99391e-01
    6.48642e+00     6.89098e-01
    6.52388e+00     6.78954e-01
    6.56156e+00     6.68957e-01
    6.59946e+00     6.59105e-01
    6.63757e+00     6.49397e-01
    6.67591e+00     6.39829e-01
    6.71446e+00     6.30400e-01
    6.75324e+00     6.21108e-01
    6.79224e+00     6.11951e-01
    6.83147e+00     6.02927e-01
    6.87093e+00     5.94035e-01
    6.91061e+00     5.85271e-01
    6.95052e+00     5.76635e-01
    6.99067e+00     5.68125e-01
    7.03104e+00     5.59739e-01
    7.07165e+00     5.51474e-01
    7.11249e+00     5.43330e-01
    7.15357e+00     5.35305e-01
    7.19488e+00     5.27396e-01
    7.23644e+00     5.19603e-01
    7.27823e+00     5.11923e-01
    7.32027e+00     5.04355e-01
    7.36254e+00     4.96897e-01
    7.40507e+00     4.89548e-01
    7.44783e+00     4.82307e-01
    7.49085e+00     4.75171e-01
    7.53411e+00     4.68139e-01
    7.57763e+00     4.61210e-01
    7.62139e+00     4.54382e-01
    7.66541e+00     4.47653e-01
    7.70968e+00     4.41023e-01
    7.75421e+00     4.34490e-01
    7.79899e+00     4.28052e-01
    7.84403e+00     4.21709e-01
    7.88934e+00     4.15458e-01
    7.93490e+00     4.09298e-01
    7.98073e+00     4.03229e-01
    8.02682e+00     3.97248e-01
    8.07318e+00     3.91355e-01
    8.11981e+00     3.85549e-01
    8.16670e+00     3.79827e-01
    8.21387e+00     3.74189e-01
    8.26131e+00     3.68634e-01
    8.30902e+00     3.63160e-01
    8.35701e+00     3.57766e-01
    8.40527e+00     3.52451e-01
    8.45382e+00     3.47215e-01
    8.50264e+00     3.42055e-01
    8.55175e+00     3.36970e-01
    8.60114e+00     3.31961e-01
    8.65082e+00     3.27025e-01
    8.70078e+00     3.22161e-01
    8.75103e+00     3.17369e-01
    8.80157e+00     3.12647e-01
    8.85241e+00     3.07994e-01
    8.90353e+00     3.03410e-01
    8.95495e+00     2.98893e-01
    9.00667e+00     2.94443e-01
    9.05869e+00     2.90058e-01
    9.11101e+00     2.85737e-01
    9.16363e+00     2.81480e-01
    9.21655e+00     2.77286e-01
    9.26978e+00     2.73153e-01
    9.32332e+00     2.69082e-01
    9.37717e+00     2.65070e-01
    9.43133e+00     2.61117e-01
    9.48580e+00     2.57222e-01
    9.54058e+00     2.53385e-01
    9.59568e+00     2.49604e-01
    9.65110e+00     2.45879e-01
    9.70684e+00     2.42209e-01
    9.76290e+00     2.38593e-01
    9.81929e+00     2.35031e-01
    9.87600e+00     2.31521e-01
    9.93304e+00     2.28062e-01
    9.99041e+00     2.24655e-01
    1.00481e+01     2.21298e-01
    1.01061e+01     2.17991e-01
    1.01645e+01     2.14732e-01
    1.02232e+01     2.11522e-01
    1.02823e+01     2.08359e-01
    1.03416e+01     2.05243e-01
    1.04014e+01     2.02172e-01
    1.04614e+01     1.99147e-01
    1.05219e+01     1.96167e-01
    1.05826e+01     1.93231e-01
    1.06437e+01     1.90339e-01
    1.07052e+01     1.87489e-01
    1.07670e+01     1.84681e-01
    1.08292e+01     1.81915e-01
    1.08918e+01     1.79190e-01
    1.09547e+01     1.76505e-01
    1.10180e+01     1.73860e-01
    1.10816e+01     1.71254e-01
    1.11456e+01     1.68687e-01
    1.12100e+01     1.66157e-01
    1.12747e+01     1.63666e-01
    1.13398e+01     1.61211e-01
    1.14053e+01     1.58792e-01
    1.14712e+01     1.56410e-01
    1.15374e+01     1.54063e-01
    1.16041e+01     1.51750e-01
    1.16711e+01     1.49472e-01
    1.17385e+01     1.47228e-01
    1.18063e+01     1.45017e-01
    1.18745e+01     1.42839e-01
    1.19431e+01     1.40693e-01
    1.20120e+01     1.38579e-01
    1.20814e+01     1.36496e-01
    1.21512e+01     1.34445e-01
    1.22214e+01     1.32424e-01
    1.22919e+01     1.30433e-01
    1.23629e+01     1.28471e-01
    1.24343e+01     1.26539e-01
    1.25062e+01     1.24635e-01
    1.25784e+01     1.22760e-01
    1.26510e+01     1.20913e-01
    1.27241e+01     1.19093e-01
    1.27976e+01     1.17300e-01
    1.28715e+01     1.15534e-01
    1.29458e+01     1.13794e-01
    1.30206e+01     1.12080e-01
    1.30958e+01     1.10392e-01
    1.31714e+01     1.08729e-01
    1.32475e+01     1.07091e-01
    1.33240e+01     1.05477e-01
    1.34010e+01     1.03887e-01
    1.34784e+01     1.02320e-01
    1.35562e+01     1.00778e-01
    1.36345e+01     9.92577e-02
    1.37133e+01     9.77606e-02
    1.37925e+01     9.62858e-02
    1.38721e+01     9.48329e-02
    1.39522e+01     9.34018e-02
    1.40328e+01     9.19921e-02
    1.41139e+01     9.06034e-02
    1.41954e+01     8.92354e-02
    1.42774e+01     8.78878e-02
    1.43598e+01     8.65604e-02
    1.44427e+01     8.52529e-02
    1.45262e+01     8.39648e-02
    1.46101e+01     8.26961e-02
    1.46944e+01     8.14463e-02
    1.47793e+01     8.02152e-02
    1.48647e+01     7.90025e-02
    1.49505e+01     7.78079e-02
    1.50369e+01     7.66312e-02
    1.51237e+01     7.54721e-02
    1.52111e+01     7.43304e-02
    1.52989e+01     7.32058e-02
    1.53873e+01     7.20980e-02
    1.54761e+01     7.10068e-02
    1.55655e+01     6.99319e-02
    1.56554e+01     6.88731e-02
    1.57458e+01     6.78302e-02
    1.58368e+01     6.68030e-02
    1.59282e+01     6.57911e-02
    1.60202e+01     6.47944e-02
    1.61127e+01     6.38126e-02
    1.62058e+01     6.28456e-02
    1.62994e+01     6.18931e-02
    1.63935e+01     6.09548e-02
    1.64882e+01     6.00306e-02
    1.65834e+01     5.91204e-02
    1.66792e+01     5.82237e-02
    1.67756e+01     5.73406e-02
    1.68724e+01     5.64706e-02
    1.69699e+01     5.56138e-02
    1.70679e+01     5.47698e-02
    1.71665e+01     5.39385e-02
    1.72656e+01     5.31197e-02
    1.73653e+01     5.23132e-02
    1.74656e+01     5.15188e-02
    1.75665e+01     5.07364e-02
    1.76680e+01     4.99657e-02
    1.77700e+01     4.92067e-02
    1.78726e+01     4.84590e-02
    1.79759e+01     4.77226e-02
    1.80797e+01     4.69972e-02
    1.81841e+01     4.62828e-02
    1.82891e+01     4.55792e-02
    1.83947e+01     4.48861e-02
    1.85010e+01     4.42035e-02
    1.86078e+01     4.35311e-02
    1.87153e+01     4.28689e-02
    1.88234e+01     4.22166e-02
    1.89321e+01     4.15742e-02
    1.90414e+01     4.09414e-02
    1.91514e+01     4.03182e-02
    1.92620e+01     3.97044e-02
    1.93733e+01     3.90998e-02
    1.94852e+01     3.85044e-02
    1.95977e+01     3.79179e-02
    1.97109e+01     3.73403e-02
    1.98247e+01     3.67714e-02
    1.99392e+01     3.62111e-02
    2.00544e+01     3.56592e-02
    2.01702e+01     3.51157e-02
    2.02867e+01     3.45804e-02
    2.04039e+01     3.40531e-02
    2.05217e+01     3.35339e-02
    2.06402e+01     3.30224e-02
    2.07594e+01     3.25187e-02
    2.08793e+01     3.20226e-02
    2.09999e+01     3.15340e-02
    2.11212e+01     3.10528e-02
    2.12432e+01     3.05788e-02
    2.13659e+01     3.01121e-02
    2.14893e+01     2.96524e-02
    2.16134e+01     2.91996e-02
    2.17382e+01     2.87537e-02
    2.18638e+01     2.83145e-02
    2.19900e+01     2.78820e-02
    2.21170e+01     2.74560e-02
    2.22448e+01     2.70365e-02
    2.23732e+01     2.66233e-02
    2.25025e+01     2.62163e-02
    2.26324e+01     2.58156e-02
    2.27631e+01     2.54209e-02
    2.28946e+01     2.50322e-02
    2.30268e+01     2.46493e-02
    2.31598e+01     2.42723e-02
    2.32936e+01     2.39010e-02
    2.34281e+01     2.35353e-02
    2.35634e+01     2.31752e-02
    2.36995e+01     2.28205e-02
    2.38364e+01     2.24712e-02
    2.39741e+01     2.21272e-02
    2.41125e+01     2.17884e-02
    2.42518e+01     2.14547e-02
    2.43918e+01     2.11261e-02
    2.45327e+01     2.08025e-02
    2.46744e+01     2.04839e-02
    2.48169e+01     2.01700e-02
    2.49602e+01     1.98609e-02
    2.51044e+01     1.95565e-02
    2.52494e+01     1.92567e-02
    2.53952e+01     1.89615e-02
    2.55419e+01     1.86708e-02
    2.56894e+01     1.83845e-02
    2.58378e+01     1.81025e-02
    2.59870e+01     1.78248e-02
    2.61371e+01     1.75514e-02
    2.62880e+01     1.72821e-02
    2.64399e+01     1.70169e-02
    2.65926e+01     1.67557e-02
    2.67462e+01     1.64985e-02
    2.69006e+01     1.62452e-02
    2.70560e+01     1.59958e-02
    2.72123e+01     1.57501e-02
    2.73694e+01     1.55082e-02
    2.75275e+01     1.52700e-02
    2.76865e+01     1.50354e-02
    2.78464e+01     1.48044e-02
    2.80072e+01     1.45769e-02
    2.81690e+01     1.43528e-02
    2.83316e+01     1.41322e-02
    2.84953e+01     1.39150e-02
    2.86598e+01     1.37010e-02
    2.88254e+01     1.34903e-02
    2.89919e+01     1.32828e-02
    2.91593e+01     1.30785e-02
    2.93277e+01     1.28773e-02
    2.94971e+01     1.26791e-02
    2.96674e+01     1.24840e-02
    2.98388e+01     1.22919e-02
    3.00111e+01     1.21027e-02
    3.01844e+01     1.19163e-02
    3.03588e+01     1.17329e-02
    3.05341e+01     1.15522e-02
    3.07105e+01     1.13743e-02
    3.08878e+01     1.11990e-02
    3.10662e+01     1.10265e-02
    3.12456e+01     1.08566e-02
    3.14261e+01     1.06893e-02
    3.16076e+01     1.05246e-02
    3.17902e+01     1.03623e-02
    3.19738e+01     1.02026e-02
    3.21584e+01     1.00452e-02
    3.23442e+01     9.89034e-03
    3.25310e+01     9.73780e-03
    3.27188e+01     9.58759e-03
    3.29078e+01     9.43967e-03
    3.30979e+01     9.29402e-03
    3.32890e+01     9.15059e-03
    3.34813e+01     9.00936e-03
    3.36746e+01     8.87029e-03
    3.38691e+01     8.73335e-03
    3.40647e+01     8.59850e-03
    3.42615e+01     8.46571e-03
    3.44594e+01     8.33496e-03
    3.46584e+01     8.20621e-03
    3.48585e+01     8.07943e-03
    3.50599e+01     7.95459e-03
    3.52624e+01     7.83166e-03
    3.54660e+01     7.71062e-03
    3.56709e+01     7.59143e-03
    3.58769e+01     7.47407e-03
    3.60841e+01     7.35850e-03
    3.62925e+01     7.24470e-03
    3.65021e+01     7.13265e-03
    3.67129e+01     7.02232e-03
    3.69249e+01     6.91368e-03
    3.71382e+01     6.80670e-03
    3.73527e+01     6.70136e-03
    3.75684e+01     6.59764e-03
    3.77854e+01     6.49551e-03
    3.80036e+01     6.39495e-03
    3.82231e+01     6.29593e-03
    3.84439e+01     6.19843e-03
    3.86659e+01     6.10242e-03
    3.88892e+01     6.00789e-03
    3.91138e+01     5.91481e-03
    3.93397e+01     5.82316e-03
    3.95669e+01     5.73292e-03
    3.97954e+01     5.64406e-03
    4.00253e+01     5.55656e-03
    4.02564e+01     5.47041e-03
    4.04889e+01     5.38559e-03
    4.07228e+01     5.30207e-03
    4.09580e+01     5.21983e-03
    4.11945e+01     5.13885e-03
    4.14324e+01     5.05912e-03
    4.16717e+01     4.98062e-03
    4.19124e+01     4.90332e-03
    4.21545e+01     4.82721e-03
    4.23979e+01     4.75228e-03
    4.26428e+01     4.67849e-03
    4.28891e+01     4.60584e-03
    4.31368e+01     4.53431e-03
    4.33859e+01     4.46388e-03
    4.36365e+01     4.39453e-03
    4.38885e+01     4.32625e-03
    4.41420e+01     4.25902e-03
    4.43969e+01     4.19282e-03
    4.46534e+01     4.12765e-03
    4.49113e+01     4.06348e-03
    4.51706e+01     4.00029e-03
    4.54315e+01     3.93809e-03
    4.56939e+01     3.87683e-03
    4.59578e+01     3.81653e-03
    4.62232e+01     3.75715e-03
    4.64902e+01     3.69869e-03
    4.67587e+01     3.64112e-03
    4.70288e+01     3.58445e-03
    4.73004e+01     3.52865e-03
    4.75736e+01     3.47371e-03
    4.78483e+01     3.41962e-03
    4.81247e+01     3.36636e-03
    4.84026e+01     3.31392e-03
    4.86821e+01     3.26229e-03
    4.89633e+01     3.21146e-03
    4.92461e+01     3.16141e-03
    4.95305e+01     3.11214e-03
    4.98166e+01     3.06363e-03
    5.01043e+01     3.01586e-03
    5.03937e+01     2.96884e-03
    5.06847e+01     2.92253e-03
    5.09774e+01     2.87695e-03
    5.12719e+01     2.83207e-03
    5.15680e+01     2.78788e-03
    5.18658e+01     2.74437e-03
    5.21654e+01     2.70154e-03
    5.24666e+01     2.65937e-03
    5.27697e+01     2.61785e-03
    5.30744e+01     2.57698e-03
    5.33810e+01     2.53673e-03
    5.36893e+01     2.49711e-03
    5.39993e+01     2.45810e-03
    5.43112e+01     2.41969e-03
    5.46249e+01     2.38188e-03
    5.49404e+01     2.34465e-03
    5.52577e+01     2.30800e-03
    5.55768e+01     2.27192e-03
    5.58978e+01     2.23639e-03
    5.62206e+01     2.20141e-03
    5.65453e+01     2.16698e-03
    5.68719e+01     2.13308e-03
    5.72004e+01     2.09970e-03
    5.75307e+01     2.06684e-03
    5.78630e+01     2.03449e-03
    5.81972e+01     2.00264e-03
    5.85333e+01     1.97129e-03
    5.88714e+01     1.94042e-03
    5.92114e+01     1.91003e-03
    5.95534e+01     1.88011e-03
    5.98973e+01     1.85065e-03
    6.02432e+01     1.82165e-03
    6.05912e+01     1.79310e-03
    6.09411e+01     1.76499e-03
    6.12931e+01     1.73732e-03
    6.16471e+01     1.71008e-03
    6.20031e+01     1.68326e-03
    6.23612e+01     1.65685e-03
    6.27214e+01     1.63086e-03
    6.30836e+01     1.60527e-03
    6.34480e+01     1.58007e-03
    6.38144e+01     1.55527e-03
    6.41830e+01     1.53085e-03
    6.45536e+01     1.50682e-03
    6.49265e+01     1.48315e-03
    6.53015e+01     1.45985e-03
    6.56786e+01     1.43692e-03
    6.60579e+01     1.41434e-03
    6.64394e+01     1.39211e-03
    6.68232e+01     1.37023e-03
    6.72091e+01     1.34869e-03
    6.75973e+01     1.32748e-03
    6.79877e+01     1.30660e-03
    6.83803e+01     1.28605e-03
    6.87753e+01     1.26581e-03
    6.91725e+01     1.24590e-03
    6.95720e+01     1.22629e-03
    6.99738e+01     1.20698e-03
    7.03779e+01     1.18798e-03
    7.07844e+01     1.16927e-03
    7.11932e+01     1.15085e-03
    7.16044e+01     1.13272e-03
    7.20179e+01     1.11487e-03
    7.24339e+01     1.09730e-03
    7.28522e+01     1.08001e-03
    7.32730e+01     1.06298e-03
    7.36961e+01     1.04622e-03
    7.41218e+01     1.02972e-03
    7.45499e+01     1.01347e-03
    7.49804e+01     9.97482e-04
    7.54135e+01     9.81740e-04
    7.58490e+01     9.66243e-04
    7.62871e+01     9.50989e-04
    7.67277e+01     9.35972e-04
    7.71708e+01     9.21189e-04
    7.76165e+01     9.06637e-04
    7.80648e+01     8.92311e-04
    7.85157e+01     8.78209e-04
    7.89691e+01     8.64327e-04
    7.94252e+01     8.50662e-04
    7.98839e+01     8.37210e-04
    8.03453e+01     8.23968e-04
    8.08093e+01     8.10933e-04
    8.12760e+01     7.98101e-04
    8.17454e+01     7.85470e-04
    8.22176e+01     7.73035e-04
    8.26924e+01     7.60796e-04
    8.31700e+01     7.48747e-04
    8.36503e+01     7.36886e-04
    8.41335e+01     7.25211e-04
    8.46194e+01     7.13719e-04
    8.51081e+01     7.02406e-04
    8.55996e+01     6.91269e-04
    8.60940e+01     6.80307e-04
    8.65912e+01     6.69517e-04
    8.70913e+01     6.58895e-04
    8.75943e+01     6.48439e-04
    8.81002e+01     6.38147e-04
    8.86091e+01     6.28016e-04
    8.91208e+01     6.18043e-04
    8.96355e+01     6.08226e-04
    9.01532e+01     5.98563e-04
    9.06739e+01     5.89052e-04
    9.11976e+01     5.79689e-04
    9.17243e+01     5.70473e-04
    9.22540e+01     5.61401e-04
    9.27869e+01     5.52471e-04
    9.33227e+01     5.43681e-04
    9.38617e+01     5.35029e-04
    9.44038e+01     5.26512e-04
    9.49490e+01     5.18129e-04
    9.54974e+01     5.09878e-04
    9.60490e+01     5.01755e-04
    9.66037e+01     4.93760e-04
    9.71616e+01     4.85891e-04
    9.77228e+01     4.78144e-04
    9.82872e+01     4.70520e-04
    9.88548e+01     4.63015e-04
    9.94258e+01     4.55627e-04
    1.00000e+02     4.48356e-04
