# The (real space) HaloFit power spectrum from CLASS.
#      k[h/Mpc]            P(k)
    1.00000e-04     3.29130e+02
    1.00578e-04     3.30966e+02
    1.01158e-04     3.32813e+02
    1.01743e-04     3.34670e+02
    1.02330e-04     3.36537e+02
    1.02921e-04     3.38414e+02
    1.03516e-04     3.40302e+02
    1.04114e-04     3.42201e+02
    1.04715e-04     3.44110e+02
    1.05320e-04     3.46030e+02
    1.05928e-04     3.47960e+02
    1.06540e-04     3.49901e+02
    1.07155e-04     3.51853e+02
    1.07774e-04     3.53816e+02
    1.08396e-04     3.55790e+02
    1.09022e-04     3.57775e+02
    1.09652e-04     3.59771e+02
    1.10285e-04     3.61778e+02
    1.10922e-04     3.63796e+02
    1.11563e-04     3.65826e+02
    1.12207e-04     3.67866e+02
    1.12855e-04     3.69918e+02
    1.13507e-04     3.71982e+02
    1.14163e-04     3.74057e+02
    1.14822e-04     3.76144e+02
    1.15485e-04     3.78242e+02
    1.16152e-04     3.80352e+02
    1.16823e-04     3.82474e+02
    1.17498e-04     3.84607e+02
    1.18176e-04     3.86753e+02
    1.18859e-04     3.88910e+02
    1.19545e-04     3.91079e+02
    1.20236e-04     3.93261e+02
    1.20930e-04     3.95455e+02
    1.21629e-04     3.97660e+02
    1.22331e-04     3.99879e+02
    1.23038e-04     4.02109e+02
    1.23748e-04     4.04352e+02
    1.24463e-04     4.06607e+02
    1.25182e-04     4.08875e+02
    1.25905e-04     4.11156e+02
    1.26632e-04     4.13449e+02
    1.27363e-04     4.15755e+02
    1.28099e-04     4.18074e+02
    1.28839e-04     4.20406e+02
    1.29583e-04     4.22751e+02
    1.30331e-04     4.25109e+02
    1.31084e-04     4.27480e+02
    1.31841e-04     4.29864e+02
    1.32602e-04     4.32262e+02
    1.33368e-04     4.34673e+02
    1.34138e-04     4.37097e+02
    1.34913e-04     4.39535e+02
    1.35692e-04     4.41986e+02
    1.36476e-04     4.44451e+02
    1.37264e-04     4.46930e+02
    1.38057e-04     4.49422e+02
    1.38854e-04     4.51929e+02
    1.39656e-04     4.54449e+02
    1.40463e-04     4.56984e+02
    1.41274e-04     4.59532e+02
    1.42090e-04     4.62095e+02
    1.42911e-04     4.64672e+02
    1.43736e-04     4.67263e+02
    1.44566e-04     4.69869e+02
    1.45401e-04     4.72489e+02
    1.46241e-04     4.75124e+02
    1.47085e-04     4.77773e+02
    1.47935e-04     4.80438e+02
    1.48789e-04     4.83117e+02
    1.49649e-04     4.85811e+02
    1.50513e-04     4.88520e+02
    1.51382e-04     4.91244e+02
    1.52257e-04     4.93983e+02
    1.53136e-04     4.96737e+02
    1.54020e-04     4.99507e+02
    1.54910e-04     5.02292e+02
    1.55805e-04     5.05093e+02
    1.56704e-04     5.07909e+02
    1.57609e-04     5.10741e+02
    1.58520e-04     5.13589e+02
    1.59435e-04     5.16453e+02
    1.60356e-04     5.19332e+02
    1.61282e-04     5.22228e+02
    1.62214e-04     5.25139e+02
    1.63151e-04     5.28067e+02
    1.64093e-04     5.31011e+02
    1.65041e-04     5.33972e+02
    1.65994e-04     5.36949e+02
    1.66952e-04     5.39942e+02
    1.67917e-04     5.42952e+02
    1.68886e-04     5.45979e+02
    1.69862e-04     5.49023e+02
    1.70843e-04     5.52083e+02
    1.71830e-04     5.55161e+02
    1.72822e-04     5.58256e+02
    1.73820e-04     5.61368e+02
    1.74824e-04     5.64497e+02
    1.75834e-04     5.67644e+02
    1.76849e-04     5.70808e+02
    1.77871e-04     5.73990e+02
    1.78898e-04     5.77189e+02
    1.79931e-04     5.80407e+02
    1.80970e-04     5.83642e+02
    1.82016e-04     5.86895e+02
    1.83067e-04     5.90166e+02
    1.84124e-04     5.93455e+02
    1.85187e-04     5.96763e+02
    1.86257e-04     6.00089e+02
    1.87333e-04     6.03434e+02
    1.88415e-04     6.06797e+02
    1.89503e-04     6.10179e+02
    1.90597e-04     6.13579e+02
    1.91698e-04     6.16999e+02
    1.92805e-04     6.20437e+02
    1.93919e-04     6.23895e+02
    1.95039e-04     6.27372e+02
    1.96165e-04     6.30868e+02
    1.97298e-04     6.34383e+02
    1.98438e-04     6.37918e+02
    1.99584e-04     6.41473e+02
    2.00736e-04     6.45047e+02
    2.01896e-04     6.48642e+02
    2.03062e-04     6.52256e+02
    2.04235e-04     6.55890e+02
    2.05414e-04     6.59545e+02
    2.06600e-04     6.63219e+02
    2.07794e-04     6.66914e+02
    2.08994e-04     6.70630e+02
    2.10201e-04     6.74366e+02
    2.11415e-04     6.78123e+02
    2.12636e-04     6.81901e+02
    2.13864e-04     6.85700e+02
    2.15099e-04     6.89520e+02
    2.16341e-04     6.93361e+02
    2.17591e-04     6.97224e+02
    2.18848e-04     7.01108e+02
    2.20112e-04     7.05013e+02
    2.21383e-04     7.08940e+02
    2.22661e-04     7.12889e+02
    2.23947e-04     7.16860e+02
    2.25241e-04     7.20853e+02
    2.26542e-04     7.24868e+02
    2.27850e-04     7.28905e+02
    2.29166e-04     7.32965e+02
    2.30489e-04     7.37047e+02
    2.31821e-04     7.41151e+02
    2.33160e-04     7.45279e+02
    2.34506e-04     7.49429e+02
    2.35861e-04     7.53603e+02
    2.37223e-04     7.57799e+02
    2.38593e-04     7.62019e+02
    2.39971e-04     7.66262e+02
    2.41357e-04     7.70529e+02
    2.42751e-04     7.74819e+02
    2.44153e-04     7.79133e+02
    2.45563e-04     7.83471e+02
    2.46981e-04     7.87834e+02
    2.48407e-04     7.92220e+02
    2.49842e-04     7.96630e+02
    2.51285e-04     8.01065e+02
    2.52736e-04     8.05525e+02
    2.54196e-04     8.10009e+02
    2.55664e-04     8.14518e+02
    2.57141e-04     8.19052e+02
    2.58626e-04     8.23611e+02
    2.60120e-04     8.28195e+02
    2.61622e-04     8.32805e+02
    2.63133e-04     8.37440e+02
    2.64653e-04     8.42101e+02
    2.66181e-04     8.46788e+02
    2.67718e-04     8.51500e+02
    2.69265e-04     8.56239e+02
    2.70820e-04     8.61004e+02
    2.72384e-04     8.65795e+02
    2.73957e-04     8.70613e+02
    2.75539e-04     8.75457e+02
    2.77131e-04     8.80328e+02
    2.78731e-04     8.85226e+02
    2.80341e-04     8.90152e+02
    2.81960e-04     8.95104e+02
    2.83589e-04     9.00084e+02
    2.85226e-04     9.05091e+02
    2.86874e-04     9.10126e+02
    2.88531e-04     9.15189e+02
    2.90197e-04     9.20280e+02
    2.91873e-04     9.25398e+02
    2.93559e-04     9.30546e+02
    2.95254e-04     9.35721e+02
    2.96959e-04     9.40925e+02
    2.98674e-04     9.46158e+02
    3.00399e-04     9.51420e+02
    3.02134e-04     9.56711e+02
    3.03879e-04     9.62031e+02
    3.05634e-04     9.67380e+02
    3.07400e-04     9.72759e+02
    3.09175e-04     9.78168e+02
    3.10961e-04     9.83606e+02
    3.12756e-04     9.89075e+02
    3.14563e-04     9.94574e+02
    3.16380e-04     1.00010e+03
    3.18207e-04     1.00566e+03
    3.20045e-04     1.01125e+03
    3.21893e-04     1.01687e+03
    3.23752e-04     1.02252e+03
    3.25622e-04     1.02821e+03
    3.27503e-04     1.03392e+03
    3.29394e-04     1.03967e+03
    3.31296e-04     1.04545e+03
    3.33210e-04     1.05125e+03
    3.35134e-04     1.05710e+03
    3.37070e-04     1.06297e+03
    3.39017e-04     1.06888e+03
    3.40975e-04     1.07481e+03
    3.42944e-04     1.08078e+03
    3.44925e-04     1.08679e+03
    3.46917e-04     1.09283e+03
    3.48920e-04     1.09890e+03
    3.50935e-04     1.10500e+03
    3.52962e-04     1.11114e+03
    3.55001e-04     1.11731e+03
    3.57051e-04     1.12351e+03
    3.59113e-04     1.12975e+03
    3.61187e-04     1.13602e+03
    3.63273e-04     1.14233e+03
    3.65371e-04     1.14867e+03
    3.67482e-04     1.15505e+03
    3.69604e-04     1.16146e+03
    3.71739e-04     1.16791e+03
    3.73886e-04     1.17439e+03
    3.76045e-04     1.18091e+03
    3.78217e-04     1.18747e+03
    3.80401e-04     1.19406e+03
    3.82598e-04     1.20068e+03
    3.84808e-04     1.20735e+03
    3.87030e-04     1.21405e+03
    3.89266e-04     1.22078e+03
    3.91514e-04     1.22755e+03
    3.93775e-04     1.23436e+03
    3.96049e-04     1.24121e+03
    3.98337e-04     1.24810e+03
    4.00637e-04     1.25502e+03
    4.02951e-04     1.26198e+03
    4.05278e-04     1.26898e+03
    4.07619e-04     1.27602e+03
    4.09973e-04     1.28309e+03
    4.12341e-04     1.29021e+03
    4.14722e-04     1.29736e+03
    4.17118e-04     1.30455e+03
    4.19527e-04     1.31178e+03
    4.21950e-04     1.31905e+03
    4.24387e-04     1.32637e+03
    4.26838e-04     1.33372e+03
    4.29303e-04     1.34111e+03
    4.31782e-04     1.34854e+03
    4.34276e-04     1.35601e+03
    4.36784e-04     1.36352e+03
    4.39307e-04     1.37108e+03
    4.41844e-04     1.37867e+03
    4.44396e-04     1.38631e+03
    4.46962e-04     1.39399e+03
    4.49544e-04     1.40171e+03
    4.52140e-04     1.40947e+03
    4.54751e-04     1.41728e+03
    4.57378e-04     1.42512e+03
    4.60019e-04     1.43302e+03
    4.62676e-04     1.44095e+03
    4.65348e-04     1.44892e+03
    4.68036e-04     1.45694e+03
    4.70739e-04     1.46501e+03
    4.73458e-04     1.47312e+03
    4.76192e-04     1.48127e+03
    4.78943e-04     1.48946e+03
    4.81709e-04     1.49770e+03
    4.84491e-04     1.50599e+03
    4.87289e-04     1.51432e+03
    4.90103e-04     1.52270e+03
    4.92934e-04     1.53112e+03
    4.95781e-04     1.53958e+03
    4.98644e-04     1.54810e+03
    5.01524e-04     1.55666e+03
    5.04421e-04     1.56526e+03
    5.07334e-04     1.57391e+03
    5.10264e-04     1.58261e+03
    5.13211e-04     1.59136e+03
    5.16175e-04     1.60015e+03
    5.19156e-04     1.60899e+03
    5.22155e-04     1.61788e+03
    5.25170e-04     1.62682e+03
    5.28203e-04     1.63581e+03
    5.31254e-04     1.64484e+03
    5.34322e-04     1.65393e+03
    5.37408e-04     1.66306e+03
    5.40512e-04     1.67224e+03
    5.43634e-04     1.68147e+03
    5.46773e-04     1.69076e+03
    5.49931e-04     1.70009e+03
    5.53107e-04     1.70947e+03
    5.56302e-04     1.71890e+03
    5.59515e-04     1.72839e+03
    5.62746e-04     1.73792e+03
    5.65996e-04     1.74751e+03
    5.69265e-04     1.75715e+03
    5.72553e-04     1.76684e+03
    5.75860e-04     1.77658e+03
    5.79186e-04     1.78638e+03
    5.82531e-04     1.79623e+03
    5.85895e-04     1.80613e+03
    5.89279e-04     1.81608e+03
    5.92682e-04     1.82609e+03
    5.96105e-04     1.83615e+03
    5.99548e-04     1.84627e+03
    6.03011e-04     1.85644e+03
    6.06494e-04     1.86666e+03
    6.09996e-04     1.87694e+03
    6.13519e-04     1.88728e+03
    6.17063e-04     1.89767e+03
    6.20627e-04     1.90811e+03
    6.24211e-04     1.91862e+03
    6.27816e-04     1.92918e+03
    6.31442e-04     1.93979e+03
    6.35089e-04     1.95046e+03
    6.38757e-04     1.96119e+03
    6.42446e-04     1.97198e+03
    6.46156e-04     1.98283e+03
    6.49888e-04     1.99373e+03
    6.53642e-04     2.00469e+03
    6.57417e-04     2.01571e+03
    6.61214e-04     2.02679e+03
    6.65032e-04     2.03793e+03
    6.68873e-04     2.04912e+03
    6.72736e-04     2.06038e+03
    6.76622e-04     2.07170e+03
    6.80530e-04     2.08307e+03
    6.84460e-04     2.09451e+03
    6.88413e-04     2.10601e+03
    6.92389e-04     2.11757e+03
    6.96388e-04     2.12919e+03
    7.00410e-04     2.14088e+03
    7.04455e-04     2.15262e+03
    7.08524e-04     2.16443e+03
    7.12616e-04     2.17630e+03
    7.16731e-04     2.18824e+03
    7.20871e-04     2.20024e+03
    7.25034e-04     2.21230e+03
    7.29222e-04     2.22442e+03
    7.33433e-04     2.23661e+03
    7.37669e-04     2.24887e+03
    7.41930e-04     2.26119e+03
    7.46215e-04     2.27357e+03
    7.50524e-04     2.28602e+03
    7.54859e-04     2.29854e+03
    7.59219e-04     2.31112e+03
    7.63603e-04     2.32377e+03
    7.68014e-04     2.33648e+03
    7.72449e-04     2.34926e+03
    7.76910e-04     2.36211e+03
    7.81398e-04     2.37503e+03
    7.85910e-04     2.38802e+03
    7.90449e-04     2.40107e+03
    7.95015e-04     2.41420e+03
    7.99606e-04     2.42739e+03
    8.04224e-04     2.44065e+03
    8.08869e-04     2.45398e+03
    8.13541e-04     2.46738e+03
    8.18239e-04     2.48085e+03
    8.22965e-04     2.49440e+03
    8.27718e-04     2.50801e+03
    8.32499e-04     2.52169e+03
    8.37307e-04     2.53545e+03
    8.42142e-04     2.54928e+03
    8.47006e-04     2.56318e+03
    8.51898e-04     2.57715e+03
    8.56818e-04     2.59120e+03
    8.61767e-04     2.60532e+03
    8.66744e-04     2.61952e+03
    8.71750e-04     2.63378e+03
    8.76785e-04     2.64813e+03
    8.81848e-04     2.66254e+03
    8.86941e-04     2.67704e+03
    8.92064e-04     2.69161e+03
    8.97216e-04     2.70625e+03
    9.02398e-04     2.72097e+03
    9.07610e-04     2.73577e+03
    9.12852e-04     2.75064e+03
    9.18124e-04     2.76559e+03
    9.23426e-04     2.78062e+03
    9.28760e-04     2.79573e+03
    9.34124e-04     2.81091e+03
    9.39519e-04     2.82617e+03
    9.44945e-04     2.84152e+03
    9.50402e-04     2.85694e+03
    9.55891e-04     2.87244e+03
    9.61412e-04     2.88802e+03
    9.66965e-04     2.90368e+03
    9.72549e-04     2.91942e+03
    9.78166e-04     2.93525e+03
    9.83816e-04     2.95115e+03
    9.89498e-04     2.96714e+03
    9.95212e-04     2.98321e+03
    1.00096e-03     2.99936e+03
    1.00674e-03     3.01560e+03
    1.01256e-03     3.03191e+03
    1.01840e-03     3.04832e+03
    1.02429e-03     3.06480e+03
    1.03020e-03     3.08137e+03
    1.03615e-03     3.09803e+03
    1.04214e-03     3.11477e+03
    1.04815e-03     3.13159e+03
    1.05421e-03     3.14850e+03
    1.06030e-03     3.16550e+03
    1.06642e-03     3.18259e+03
    1.07258e-03     3.19976e+03
    1.07877e-03     3.21702e+03
    1.08500e-03     3.23437e+03
    1.09127e-03     3.25180e+03
    1.09757e-03     3.26932e+03
    1.10391e-03     3.28694e+03
    1.11029e-03     3.30464e+03
    1.11670e-03     3.32243e+03
    1.12315e-03     3.34031e+03
    1.12964e-03     3.35828e+03
    1.13616e-03     3.37635e+03
    1.14272e-03     3.39450e+03
    1.14932e-03     3.41275e+03
    1.15596e-03     3.43108e+03
    1.16264e-03     3.44951e+03
    1.16935e-03     3.46804e+03
    1.17610e-03     3.48665e+03
    1.18290e-03     3.50536e+03
    1.18973e-03     3.52416e+03
    1.19660e-03     3.54306e+03
    1.20351e-03     3.56205e+03
    1.21046e-03     3.58114e+03
    1.21745e-03     3.60032e+03
    1.22448e-03     3.61959e+03
    1.23156e-03     3.63897e+03
    1.23867e-03     3.65843e+03
    1.24582e-03     3.67800e+03
    1.25302e-03     3.69766e+03
    1.26026e-03     3.71742e+03
    1.26753e-03     3.73728e+03
    1.27485e-03     3.75724e+03
    1.28222e-03     3.77729e+03
    1.28962e-03     3.79745e+03
    1.29707e-03     3.81770e+03
    1.30456e-03     3.83806e+03
    1.31210e-03     3.85851e+03
    1.31967e-03     3.87907e+03
    1.32730e-03     3.89972e+03
    1.33496e-03     3.92048e+03
    1.34267e-03     3.94134e+03
    1.35043e-03     3.96230e+03
    1.35823e-03     3.98336e+03
    1.36607e-03     4.00453e+03
    1.37396e-03     4.02580e+03
    1.38190e-03     4.04717e+03
    1.38988e-03     4.06865e+03
    1.39790e-03     4.09023e+03
    1.40598e-03     4.11191e+03
    1.41410e-03     4.13370e+03
    1.42226e-03     4.15560e+03
    1.43048e-03     4.17760e+03
    1.43874e-03     4.19971e+03
    1.44705e-03     4.22193e+03
    1.45541e-03     4.24425e+03
    1.46381e-03     4.26668e+03
    1.47227e-03     4.28922e+03
    1.48077e-03     4.31187e+03
    1.48932e-03     4.33462e+03
    1.49792e-03     4.35748e+03
    1.50658e-03     4.38046e+03
    1.51528e-03     4.40354e+03
    1.52403e-03     4.42673e+03
    1.53283e-03     4.45004e+03
    1.54168e-03     4.47345e+03
    1.55059e-03     4.49698e+03
    1.55954e-03     4.52061e+03
    1.56855e-03     4.54436e+03
    1.57761e-03     4.56822e+03
    1.58672e-03     4.59220e+03
    1.59588e-03     4.61628e+03
    1.60510e-03     4.64048e+03
    1.61437e-03     4.66480e+03
    1.62369e-03     4.68922e+03
    1.63307e-03     4.71377e+03
    1.64250e-03     4.73843e+03
    1.65199e-03     4.76320e+03
    1.66153e-03     4.78809e+03
    1.67113e-03     4.81309e+03
    1.68078e-03     4.83821e+03
    1.69049e-03     4.86345e+03
    1.70025e-03     4.88881e+03
    1.71007e-03     4.91428e+03
    1.71995e-03     4.93987e+03
    1.72988e-03     4.96558e+03
    1.73987e-03     4.99141e+03
    1.74992e-03     5.01735e+03
    1.76003e-03     5.04342e+03
    1.77019e-03     5.06960e+03
    1.78041e-03     5.09591e+03
    1.79070e-03     5.12233e+03
    1.80104e-03     5.14888e+03
    1.81144e-03     5.17555e+03
    1.82190e-03     5.20234e+03
    1.83243e-03     5.22924e+03
    1.84301e-03     5.25628e+03
    1.85365e-03     5.28343e+03
    1.86436e-03     5.31071e+03
    1.87513e-03     5.33811e+03
    1.88596e-03     5.36563e+03
    1.89685e-03     5.39327e+03
    1.90780e-03     5.42104e+03
    1.91882e-03     5.44894e+03
    1.92990e-03     5.47696e+03
    1.94105e-03     5.50510e+03
    1.95226e-03     5.53337e+03
    1.96354e-03     5.56176e+03
    1.97488e-03     5.59028e+03
    1.98628e-03     5.61893e+03
    1.99775e-03     5.64770e+03
    2.00929e-03     5.67659e+03
    2.02090e-03     5.70562e+03
    2.03257e-03     5.73477e+03
    2.04431e-03     5.76405e+03
    2.05611e-03     5.79346e+03
    2.06799e-03     5.82299e+03
    2.07993e-03     5.85266e+03
    2.09194e-03     5.88245e+03
    2.10403e-03     5.91237e+03
    2.11618e-03     5.94242e+03
    2.12840e-03     5.97260e+03
    2.14069e-03     6.00291e+03
    2.15306e-03     6.03335e+03
    2.16549e-03     6.06392e+03
    2.17800e-03     6.09462e+03
    2.19058e-03     6.12545e+03
    2.20323e-03     6.15641e+03
    2.21595e-03     6.18750e+03
    2.22875e-03     6.21873e+03
    2.24162e-03     6.25008e+03
    2.25457e-03     6.28157e+03
    2.26759e-03     6.31319e+03
    2.28069e-03     6.34494e+03
    2.29386e-03     6.37683e+03
    2.30711e-03     6.40884e+03
    2.32043e-03     6.44099e+03
    2.33383e-03     6.47328e+03
    2.34731e-03     6.50569e+03
    2.36087e-03     6.53825e+03
    2.37451e-03     6.57093e+03
    2.38822e-03     6.60375e+03
    2.40201e-03     6.63670e+03
    2.41589e-03     6.66979e+03
    2.42984e-03     6.70301e+03
    2.44387e-03     6.73636e+03
    2.45799e-03     6.76985e+03
    2.47218e-03     6.80348e+03
    2.48646e-03     6.83724e+03
    2.50082e-03     6.87113e+03
    2.51526e-03     6.90517e+03
    2.52979e-03     6.93933e+03
    2.54440e-03     6.97363e+03
    2.55910e-03     7.00807e+03
    2.57388e-03     7.04265e+03
    2.58874e-03     7.07736e+03
    2.60369e-03     7.11220e+03
    2.61873e-03     7.14719e+03
    2.63386e-03     7.18231e+03
    2.64907e-03     7.21756e+03
    2.66437e-03     7.25296e+03
    2.67975e-03     7.28849e+03
    2.69523e-03     7.32415e+03
    2.71080e-03     7.35996e+03
    2.72645e-03     7.39590e+03
    2.74220e-03     7.43198e+03
    2.75804e-03     7.46819e+03
    2.77397e-03     7.50454e+03
    2.78999e-03     7.54103e+03
    2.80610e-03     7.57766e+03
    2.82231e-03     7.61443e+03
    2.83861e-03     7.65133e+03
    2.85500e-03     7.68837e+03
    2.87149e-03     7.72554e+03
    2.88808e-03     7.76286e+03
    2.90476e-03     7.80031e+03
    2.92153e-03     7.83790e+03
    2.93841e-03     7.87563e+03
    2.95538e-03     7.91349e+03
    2.97244e-03     7.95149e+03
    2.98961e-03     7.98963e+03
    3.00688e-03     8.02790e+03
    3.02424e-03     8.06632e+03
    3.04171e-03     8.10487e+03
    3.05928e-03     8.14355e+03
    3.07695e-03     8.18238e+03
    3.09472e-03     8.22134e+03
    3.11259e-03     8.26044e+03
    3.13057e-03     8.29967e+03
    3.14865e-03     8.33904e+03
    3.16683e-03     8.37855e+03
    3.18512e-03     8.41819e+03
    3.20352e-03     8.45797e+03
    3.22202e-03     8.49789e+03
    3.24063e-03     8.53794e+03
    3.25935e-03     8.57813e+03
    3.27817e-03     8.61846e+03
    3.29710e-03     8.65892e+03
    3.31615e-03     8.69951e+03
    3.33530e-03     8.74024e+03
    3.35456e-03     8.78111e+03
    3.37394e-03     8.82211e+03
    3.39342e-03     8.86325e+03
    3.41302e-03     8.90452e+03
    3.43273e-03     8.94592e+03
    3.45256e-03     8.98746e+03
    3.47250e-03     9.02913e+03
    3.49255e-03     9.07094e+03
    3.51272e-03     9.11288e+03
    3.53301e-03     9.15495e+03
    3.55342e-03     9.19716e+03
    3.57394e-03     9.23949e+03
    3.59458e-03     9.28196e+03
    3.61534e-03     9.32456e+03
    3.63622e-03     9.36730e+03
    3.65722e-03     9.41016e+03
    3.67834e-03     9.45315e+03
    3.69959e-03     9.49628e+03
    3.72096e-03     9.53953e+03
    3.74245e-03     9.58291e+03
    3.76406e-03     9.62642e+03
    3.78580e-03     9.67006e+03
    3.80766e-03     9.71383e+03
    3.82965e-03     9.75773e+03
    3.85177e-03     9.80175e+03
    3.87402e-03     9.84590e+03
    3.89639e-03     9.89018e+03
    3.91890e-03     9.93458e+03
    3.94153e-03     9.97911e+03
    3.96429e-03     1.00238e+04
    3.98719e-03     1.00685e+04
    4.01022e-03     1.01134e+04
    4.03338e-03     1.01585e+04
    4.05667e-03     1.02036e+04
    4.08010e-03     1.02489e+04
    4.10367e-03     1.02943e+04
    4.12737e-03     1.03398e+04
    4.15121e-03     1.03854e+04
    4.17518e-03     1.04312e+04
    4.19929e-03     1.04770e+04
    4.22355e-03     1.05230e+04
    4.24794e-03     1.05691e+04
    4.27247e-03     1.06154e+04
    4.29715e-03     1.06617e+04
    4.32197e-03     1.07082e+04
    4.34693e-03     1.07547e+04
    4.37203e-03     1.08014e+04
    4.39729e-03     1.08482e+04
    4.42268e-03     1.08952e+04
    4.44822e-03     1.09422e+04
    4.47392e-03     1.09893e+04
    4.49975e-03     1.10366e+04
    4.52574e-03     1.10839e+04
    4.55188e-03     1.11314e+04
    4.57817e-03     1.11790e+04
    4.60461e-03     1.12267e+04
    4.63121e-03     1.12744e+04
    4.65795e-03     1.13223e+04
    4.68485e-03     1.13703e+04
    4.71191e-03     1.14184e+04
    4.73913e-03     1.14666e+04
    4.76650e-03     1.15150e+04
    4.79402e-03     1.15634e+04
    4.82171e-03     1.16119e+04
    4.84956e-03     1.16605e+04
    4.87757e-03     1.17092e+04
    4.90574e-03     1.17580e+04
    4.93407e-03     1.18069e+04
    4.96257e-03     1.18559e+04
    4.99123e-03     1.19049e+04
    5.02006e-03     1.19541e+04
    5.04905e-03     1.20034e+04
    5.07821e-03     1.20527e+04
    5.10754e-03     1.21022e+04
    5.13704e-03     1.21517e+04
    5.16671e-03     1.22013e+04
    5.19655e-03     1.22510e+04
    5.22656e-03     1.23008e+04
    5.25675e-03     1.23507e+04
    5.28711e-03     1.24006e+04
    5.31764e-03     1.24507e+04
    5.34835e-03     1.25008e+04
    5.37924e-03     1.25510e+04
    5.41031e-03     1.26012e+04
    5.44156e-03     1.26516e+04
    5.47299e-03     1.27020e+04
    5.50459e-03     1.27525e+04
    5.53639e-03     1.28030e+04
    5.56836e-03     1.28537e+04
    5.60052e-03     1.29044e+04
    5.63287e-03     1.29551e+04
    5.66540e-03     1.30059e+04
    5.69812e-03     1.30568e+04
    5.73103e-03     1.31078e+04
    5.76413e-03     1.31588e+04
    5.79742e-03     1.32099e+04
    5.83090e-03     1.32610e+04
    5.86458e-03     1.33122e+04
    5.89845e-03     1.33634e+04
    5.93252e-03     1.34147e+04
    5.96678e-03     1.34660e+04
    6.00124e-03     1.35174e+04
    6.03590e-03     1.35688e+04
    6.07076e-03     1.36203e+04
    6.10582e-03     1.36718e+04
    6.14108e-03     1.37234e+04
    6.17655e-03     1.37750e+04
    6.21223e-03     1.38266e+04
    6.24810e-03     1.38782e+04
    6.28419e-03     1.39299e+04
    6.32048e-03     1.39817e+04
    6.35699e-03     1.40334e+04
    6.39370e-03     1.40852e+04
    6.43063e-03     1.41370e+04
    6.46777e-03     1.41889e+04
    6.50512e-03     1.42407e+04
    6.54269e-03     1.42926e+04
    6.58048e-03     1.43445e+04
    6.61849e-03     1.43964e+04
    6.65671e-03     1.44483e+04
    6.69516e-03     1.45003e+04
    6.73382e-03     1.45522e+04
    6.77272e-03     1.46041e+04
    6.81183e-03     1.46561e+04
    6.85117e-03     1.47081e+04
    6.89074e-03     1.47600e+04
    6.93054e-03     1.48120e+04
    6.97057e-03     1.48639e+04
    7.01082e-03     1.49159e+04
    7.05131e-03     1.49678e+04
    7.09204e-03     1.50197e+04
    7.13300e-03     1.50716e+04
    7.17420e-03     1.51235e+04
    7.21563e-03     1.51754e+04
    7.25730e-03     1.52272e+04
    7.29922e-03     1.52790e+04
    7.34137e-03     1.53308e+04
    7.38377e-03     1.53826e+04
    7.42642e-03     1.54343e+04
    7.46931e-03     1.54860e+04
    7.51245e-03     1.55377e+04
    7.55584e-03     1.55893e+04
    7.59948e-03     1.56408e+04
    7.64337e-03     1.56924e+04
    7.68751e-03     1.57438e+04
    7.73191e-03     1.57953e+04
    7.77657e-03     1.58466e+04
    7.82148e-03     1.58979e+04
    7.86665e-03     1.59492e+04
    7.91209e-03     1.60004e+04
    7.95778e-03     1.60515e+04
    8.00374e-03     1.61025e+04
    8.04997e-03     1.61535e+04
    8.09646e-03     1.62044e+04
    8.14322e-03     1.62552e+04
    8.19025e-03     1.63059e+04
    8.23755e-03     1.63566e+04
    8.28513e-03     1.64071e+04
    8.33298e-03     1.64576e+04
    8.38111e-03     1.65080e+04
    8.42951e-03     1.65583e+04
    8.47820e-03     1.66084e+04
    8.52716e-03     1.66585e+04
    8.57641e-03     1.67085e+04
    8.62594e-03     1.67583e+04
    8.67576e-03     1.68081e+04
    8.72587e-03     1.68577e+04
    8.77626e-03     1.69072e+04
    8.82695e-03     1.69566e+04
    8.87793e-03     1.70058e+04
    8.92921e-03     1.70550e+04
    8.98078e-03     1.71039e+04
    9.03264e-03     1.71528e+04
    9.08481e-03     1.72015e+04
    9.13728e-03     1.72500e+04
    9.19005e-03     1.72985e+04
    9.24313e-03     1.73467e+04
    9.29651e-03     1.73948e+04
    9.35021e-03     1.74427e+04
    9.40421e-03     1.74905e+04
    9.45852e-03     1.75381e+04
    9.51315e-03     1.75855e+04
    9.56809e-03     1.76327e+04
    9.62335e-03     1.76798e+04
    9.67893e-03     1.77266e+04
    9.73483e-03     1.77733e+04
    9.79106e-03     1.78198e+04
    9.84760e-03     1.78661e+04
    9.90448e-03     1.79122e+04
    9.96168e-03     1.79580e+04
    1.00192e-02     1.80037e+04
    1.00771e-02     1.80491e+04
    1.01353e-02     1.80944e+04
    1.01938e-02     1.81394e+04
    1.02527e-02     1.81842e+04
    1.03119e-02     1.82287e+04
    1.03715e-02     1.82730e+04
    1.04314e-02     1.83171e+04
    1.04916e-02     1.83609e+04
    1.05522e-02     1.84045e+04
    1.06131e-02     1.84478e+04
    1.06744e-02     1.84909e+04
    1.07361e-02     1.85337e+04
    1.07981e-02     1.85762e+04
    1.08605e-02     1.86185e+04
    1.09232e-02     1.86605e+04
    1.09863e-02     1.87022e+04
    1.10497e-02     1.87436e+04
    1.11135e-02     1.87848e+04
    1.11777e-02     1.88256e+04
    1.12423e-02     1.88662e+04
    1.13072e-02     1.89064e+04
    1.13725e-02     1.89463e+04
    1.14382e-02     1.89860e+04
    1.15043e-02     1.90253e+04
    1.15707e-02     1.90642e+04
    1.16375e-02     1.91029e+04
    1.17047e-02     1.91412e+04
    1.17723e-02     1.91792e+04
    1.18403e-02     1.92168e+04
    1.19087e-02     1.92541e+04
    1.19775e-02     1.92910e+04
    1.20467e-02     1.93275e+04
    1.21162e-02     1.93637e+04
    1.21862e-02     1.93996e+04
    1.22566e-02     1.94350e+04
    1.23274e-02     1.94701e+04
    1.23986e-02     1.95048e+04
    1.24702e-02     1.95391e+04
    1.25422e-02     1.95730e+04
    1.26147e-02     1.96065e+04
    1.26875e-02     1.96396e+04
    1.27608e-02     1.96723e+04
    1.28345e-02     1.97045e+04
    1.29086e-02     1.97364e+04
    1.29832e-02     1.97678e+04
    1.30581e-02     1.97988e+04
    1.31336e-02     1.98294e+04
    1.32094e-02     1.98595e+04
    1.32857e-02     1.98892e+04
    1.33624e-02     1.99184e+04
    1.34396e-02     1.99472e+04
    1.35172e-02     1.99755e+04
    1.35953e-02     2.00033e+04
    1.36738e-02     2.00307e+04
    1.37528e-02     2.00576e+04
    1.38322e-02     2.00840e+04
    1.39121e-02     2.01099e+04
    1.39925e-02     2.01354e+04
    1.40733e-02     2.01603e+04
    1.41546e-02     2.01847e+04
    1.42363e-02     2.02087e+04
    1.43185e-02     2.02321e+04
    1.44012e-02     2.02549e+04
    1.44844e-02     2.02773e+04
    1.45680e-02     2.02991e+04
    1.46522e-02     2.03204e+04
    1.47368e-02     2.03412e+04
    1.48219e-02     2.03614e+04
    1.49075e-02     2.03810e+04
    1.49936e-02     2.04001e+04
    1.50802e-02     2.04186e+04
    1.51673e-02     2.04365e+04
    1.52549e-02     2.04539e+04
    1.53430e-02     2.04707e+04
    1.54316e-02     2.04869e+04
    1.55208e-02     2.05025e+04
    1.56104e-02     2.05175e+04
    1.57006e-02     2.05319e+04
    1.57912e-02     2.05457e+04
    1.58824e-02     2.05589e+04
    1.59742e-02     2.05714e+04
    1.60664e-02     2.05834e+04
    1.61592e-02     2.05947e+04
    1.62525e-02     2.06054e+04
    1.63464e-02     2.06154e+04
    1.64408e-02     2.06248e+04
    1.65358e-02     2.06336e+04
    1.66313e-02     2.06417e+04
    1.67273e-02     2.06491e+04
    1.68239e-02     2.06559e+04
    1.69211e-02     2.06620e+04
    1.70188e-02     2.06674e+04
    1.71171e-02     2.06722e+04
    1.72160e-02     2.06763e+04
    1.73154e-02     2.06797e+04
    1.74154e-02     2.06824e+04
    1.75160e-02     2.06845e+04
    1.76172e-02     2.06858e+04
    1.77189e-02     2.06864e+04
    1.78212e-02     2.06863e+04
    1.79242e-02     2.06855e+04
    1.80277e-02     2.06840e+04
    1.81318e-02     2.06818e+04
    1.82365e-02     2.06788e+04
    1.83418e-02     2.06752e+04
    1.84478e-02     2.06708e+04
    1.85543e-02     2.06656e+04
    1.86615e-02     2.06597e+04
    1.87693e-02     2.06531e+04
    1.88777e-02     2.06457e+04
    1.89867e-02     2.06376e+04
    1.90964e-02     2.06287e+04
    1.92066e-02     2.06190e+04
    1.93176e-02     2.06086e+04
    1.94291e-02     2.05974e+04
    1.95414e-02     2.05855e+04
    1.96542e-02     2.05728e+04
    1.97677e-02     2.05593e+04
    1.98819e-02     2.05450e+04
    1.99967e-02     2.05300e+04
    2.01122e-02     2.05142e+04
    2.02284e-02     2.04976e+04
    2.03452e-02     2.04802e+04
    2.04627e-02     2.04620e+04
    2.05809e-02     2.04430e+04
    2.06997e-02     2.04232e+04
    2.08193e-02     2.04026e+04
    2.09395e-02     2.03813e+04
    2.10605e-02     2.03591e+04
    2.11821e-02     2.03361e+04
    2.13044e-02     2.03124e+04
    2.14275e-02     2.02878e+04
    2.15512e-02     2.02624e+04
    2.16757e-02     2.02362e+04
    2.18009e-02     2.02092e+04
    2.19268e-02     2.01814e+04
    2.20534e-02     2.01528e+04
    2.21808e-02     2.01234e+04
    2.23089e-02     2.00932e+04
    2.24378e-02     2.00622e+04
    2.25674e-02     2.00304e+04
    2.26977e-02     1.99977e+04
    2.28288e-02     1.99643e+04
    2.29606e-02     1.99301e+04
    2.30932e-02     1.98951e+04
    2.32266e-02     1.98594e+04
    2.33608e-02     1.98228e+04
    2.34957e-02     1.97854e+04
    2.36314e-02     1.97473e+04
    2.37679e-02     1.97084e+04
    2.39051e-02     1.96687e+04
    2.40432e-02     1.96282e+04
    2.41821e-02     1.95870e+04
    2.43217e-02     1.95449e+04
    2.44622e-02     1.95022e+04
    2.46035e-02     1.94586e+04
    2.47456e-02     1.94143e+04
    2.48885e-02     1.93692e+04
    2.50322e-02     1.93234e+04
    2.51768e-02     1.92768e+04
    2.53222e-02     1.92295e+04
    2.54684e-02     1.91815e+04
    2.56155e-02     1.91327e+04
    2.57635e-02     1.90831e+04
    2.59123e-02     1.90329e+04
    2.60619e-02     1.89819e+04
    2.62125e-02     1.89301e+04
    2.63638e-02     1.88777e+04
    2.65161e-02     1.88246e+04
    2.66693e-02     1.87707e+04
    2.68233e-02     1.87161e+04
    2.69782e-02     1.86609e+04
    2.71340e-02     1.86049e+04
    2.72907e-02     1.85483e+04
    2.74483e-02     1.84910e+04
    2.76069e-02     1.84330e+04
    2.77663e-02     1.83744e+04
    2.79267e-02     1.83151e+04
    2.80880e-02     1.82552e+04
    2.82502e-02     1.81947e+04
    2.84133e-02     1.81336e+04
    2.85774e-02     1.80719e+04
    2.87425e-02     1.80097e+04
    2.89085e-02     1.79469e+04
    2.90755e-02     1.78835e+04
    2.92434e-02     1.78196e+04
    2.94123e-02     1.77552e+04
    2.95821e-02     1.76903e+04
    2.97530e-02     1.76249e+04
    2.99248e-02     1.75590e+04
    3.00977e-02     1.74926e+04
    3.02715e-02     1.74258e+04
    3.04463e-02     1.73586e+04
    3.06222e-02     1.72909e+04
    3.07990e-02     1.72228e+04
    3.09769e-02     1.71543e+04
    3.11558e-02     1.70854e+04
    3.13357e-02     1.70161e+04
    3.15167e-02     1.69464e+04
    3.16987e-02     1.68764e+04
    3.18818e-02     1.68060e+04
    3.20660e-02     1.67354e+04
    3.22512e-02     1.66643e+04
    3.24374e-02     1.65930e+04
    3.26248e-02     1.65214e+04
    3.28132e-02     1.64495e+04
    3.30027e-02     1.63773e+04
    3.31933e-02     1.63049e+04
    3.33850e-02     1.62322e+04
    3.35778e-02     1.61593e+04
    3.37717e-02     1.60861e+04
    3.39668e-02     1.60127e+04
    3.41630e-02     1.59391e+04
    3.43603e-02     1.58654e+04
    3.45587e-02     1.57914e+04
    3.47583e-02     1.57173e+04
    3.49591e-02     1.56431e+04
    3.51610e-02     1.55688e+04
    3.53640e-02     1.54944e+04
    3.55683e-02     1.54199e+04
    3.57737e-02     1.53454e+04
    3.59803e-02     1.52709e+04
    3.61881e-02     1.51964e+04
    3.63971e-02     1.51219e+04
    3.66073e-02     1.50474e+04
    3.68188e-02     1.49730e+04
    3.70314e-02     1.48987e+04
    3.72453e-02     1.48245e+04
    3.74604e-02     1.47503e+04
    3.76767e-02     1.46764e+04
    3.78943e-02     1.46025e+04
    3.81132e-02     1.45289e+04
    3.83333e-02     1.44554e+04
    3.85547e-02     1.43821e+04
    3.87774e-02     1.43091e+04
    3.90013e-02     1.42362e+04
    3.92266e-02     1.41637e+04
    3.94532e-02     1.40914e+04
    3.96810e-02     1.40193e+04
    3.99102e-02     1.39476e+04
    4.01407e-02     1.38762e+04
    4.03725e-02     1.38050e+04
    4.06057e-02     1.37343e+04
    4.08402e-02     1.36638e+04
    4.10761e-02     1.35938e+04
    4.13133e-02     1.35241e+04
    4.15519e-02     1.34548e+04
    4.17919e-02     1.33859e+04
    4.20333e-02     1.33174e+04
    4.22760e-02     1.32493e+04
    4.25202e-02     1.31817e+04
    4.27658e-02     1.31145e+04
    4.30128e-02     1.30477e+04
    4.32612e-02     1.29815e+04
    4.35110e-02     1.29157e+04
    4.37623e-02     1.28504e+04
    4.40151e-02     1.27855e+04
    4.42693e-02     1.27212e+04
    4.45250e-02     1.26574e+04
    4.47821e-02     1.25942e+04
    4.50408e-02     1.25314e+04
    4.53009e-02     1.24692e+04
    4.55625e-02     1.24075e+04
    4.58257e-02     1.23464e+04
    4.60903e-02     1.22859e+04
    4.63565e-02     1.22259e+04
    4.66243e-02     1.21665e+04
    4.68935e-02     1.21077e+04
    4.71644e-02     1.20495e+04
    4.74368e-02     1.19918e+04
    4.77107e-02     1.19348e+04
    4.79863e-02     1.18784e+04
    4.82634e-02     1.18226e+04
    4.85422e-02     1.17675e+04
    4.88225e-02     1.17129e+04
    4.91045e-02     1.16590e+04
    4.93881e-02     1.16058e+04
    4.96733e-02     1.15531e+04
    4.99602e-02     1.15011e+04
    5.02488e-02     1.14497e+04
    5.05390e-02     1.13989e+04
    5.08309e-02     1.13488e+04
    5.11244e-02     1.12991e+04
    5.14197e-02     1.12501e+04
    5.17167e-02     1.12017e+04
    5.20154e-02     1.11538e+04
    5.23158e-02     1.11065e+04
    5.26179e-02     1.10597e+04
    5.29218e-02     1.10135e+04
    5.32275e-02     1.09678e+04
    5.35349e-02     1.09226e+04
    5.38441e-02     1.08779e+04
    5.41551e-02     1.08338e+04
    5.44678e-02     1.07902e+04
    5.47824e-02     1.07470e+04
    5.50988e-02     1.07043e+04
    5.54170e-02     1.06621e+04
    5.57371e-02     1.06202e+04
    5.60590e-02     1.05788e+04
    5.63828e-02     1.05377e+04
    5.67084e-02     1.04970e+04
    5.70359e-02     1.04567e+04
    5.73653e-02     1.04167e+04
    5.76966e-02     1.03770e+04
    5.80299e-02     1.03376e+04
    5.83650e-02     1.02984e+04
    5.87021e-02     1.02595e+04
    5.90411e-02     1.02209e+04
    5.93821e-02     1.01824e+04
    5.97251e-02     1.01441e+04
    6.00700e-02     1.01059e+04
    6.04170e-02     1.00678e+04
    6.07659e-02     1.00299e+04
    6.11168e-02     9.99196e+03
    6.14698e-02     9.95408e+03
    6.18248e-02     9.91622e+03
    6.21819e-02     9.87833e+03
    6.25410e-02     9.84040e+03
    6.29022e-02     9.80240e+03
    6.32655e-02     9.76428e+03
    6.36309e-02     9.72602e+03
    6.39984e-02     9.68760e+03
    6.43680e-02     9.64898e+03
    6.47398e-02     9.61014e+03
    6.51137e-02     9.57104e+03
    6.54898e-02     9.53167e+03
    6.58680e-02     9.49198e+03
    6.62484e-02     9.45196e+03
    6.66310e-02     9.41158e+03
    6.70159e-02     9.37080e+03
    6.74029e-02     9.32960e+03
    6.77922e-02     9.28796e+03
    6.81837e-02     9.24584e+03
    6.85775e-02     9.20324e+03
    6.89736e-02     9.16011e+03
    6.93719e-02     9.11644e+03
    6.97726e-02     9.07220e+03
    7.01756e-02     9.02739e+03
    7.05809e-02     8.98197e+03
    7.09885e-02     8.93593e+03
    7.13985e-02     8.88924e+03
    7.18109e-02     8.84190e+03
    7.22256e-02     8.79389e+03
    7.26427e-02     8.74519e+03
    7.30623e-02     8.69580e+03
    7.34842e-02     8.64571e+03
    7.39087e-02     8.59491e+03
    7.43355e-02     8.54340e+03
    7.47648e-02     8.49116e+03
    7.51966e-02     8.43819e+03
    7.56309e-02     8.38450e+03
    7.60677e-02     8.33009e+03
    7.65071e-02     8.27496e+03
    7.69489e-02     8.21913e+03
    7.73933e-02     8.16259e+03
    7.78403e-02     8.10536e+03
    7.82899e-02     8.04745e+03
    7.87421e-02     7.98886e+03
    7.91968e-02     7.92963e+03
    7.96542e-02     7.86977e+03
    8.01143e-02     7.80931e+03
    8.05770e-02     7.74826e+03
    8.10423e-02     7.68665e+03
    8.15104e-02     7.62450e+03
    8.19812e-02     7.56185e+03
    8.24546e-02     7.49873e+03
    8.29309e-02     7.43518e+03
    8.34098e-02     7.37123e+03
    8.38915e-02     7.30692e+03
    8.43761e-02     7.24228e+03
    8.48634e-02     7.17735e+03
    8.53535e-02     7.11218e+03
    8.58465e-02     7.04681e+03
    8.63423e-02     6.98130e+03
    8.68409e-02     6.91569e+03
    8.73425e-02     6.85001e+03
    8.78469e-02     6.78433e+03
    8.83543e-02     6.71868e+03
    8.88646e-02     6.65312e+03
    8.93778e-02     6.58771e+03
    8.98940e-02     6.52250e+03
    9.04132e-02     6.45753e+03
    9.09354e-02     6.39285e+03
    9.14606e-02     6.32853e+03
    9.19888e-02     6.26460e+03
    9.25201e-02     6.20112e+03
    9.30544e-02     6.13815e+03
    9.35918e-02     6.07573e+03
    9.41324e-02     6.01390e+03
    9.46760e-02     5.95273e+03
    9.52228e-02     5.89224e+03
    9.57728e-02     5.83250e+03
    9.63259e-02     5.77354e+03
    9.68823e-02     5.71541e+03
    9.74418e-02     5.65815e+03
    9.80046e-02     5.60179e+03
    9.85706e-02     5.54637e+03
    9.91399e-02     5.49192e+03
    9.97125e-02     5.43848e+03
    1.00288e-01     5.38607e+03
    1.00868e-01     5.33473e+03
    1.01450e-01     5.28447e+03
    1.02036e-01     5.23532e+03
    1.02625e-01     5.18730e+03
    1.03218e-01     5.14040e+03
    1.03814e-01     5.09466e+03
    1.04414e-01     5.05008e+03
    1.05017e-01     5.00666e+03
    1.05623e-01     4.96441e+03
    1.06233e-01     4.92333e+03
    1.06847e-01     4.88339e+03
    1.07464e-01     4.84461e+03
    1.08085e-01     4.80697e+03
    1.08709e-01     4.77046e+03
    1.09337e-01     4.73505e+03
    1.09968e-01     4.70073e+03
    1.10603e-01     4.66745e+03
    1.11242e-01     4.63521e+03
    1.11885e-01     4.60396e+03
    1.12531e-01     4.57368e+03
    1.13181e-01     4.54433e+03
    1.13834e-01     4.51585e+03
    1.14492e-01     4.48820e+03
    1.15153e-01     4.46133e+03
    1.15818e-01     4.43521e+03
    1.16487e-01     4.40977e+03
    1.17160e-01     4.38496e+03
    1.17836e-01     4.36072e+03
    1.18517e-01     4.33698e+03
    1.19202e-01     4.31369e+03
    1.19890e-01     4.29078e+03
    1.20582e-01     4.26820e+03
    1.21279e-01     4.24586e+03
    1.21979e-01     4.22372e+03
    1.22684e-01     4.20168e+03
    1.23392e-01     4.17970e+03
    1.24105e-01     4.15770e+03
    1.24822e-01     4.13563e+03
    1.25543e-01     4.11340e+03
    1.26268e-01     4.09097e+03
    1.26997e-01     4.06826e+03
    1.27730e-01     4.04521e+03
    1.28468e-01     4.02177e+03
    1.29210e-01     3.99789e+03
    1.29956e-01     3.97351e+03
    1.30707e-01     3.94859e+03
    1.31462e-01     3.92309e+03
    1.32221e-01     3.89696e+03
    1.32985e-01     3.87017e+03
    1.33753e-01     3.84269e+03
    1.34525e-01     3.81451e+03
    1.35302e-01     3.78560e+03
    1.36084e-01     3.75597e+03
    1.36870e-01     3.72558e+03
    1.37660e-01     3.69444e+03
    1.38455e-01     3.66258e+03
    1.39255e-01     3.63000e+03
    1.40059e-01     3.59673e+03
    1.40868e-01     3.56278e+03
    1.41681e-01     3.52818e+03
    1.42500e-01     3.49297e+03
    1.43323e-01     3.45720e+03
    1.44151e-01     3.42093e+03
    1.44983e-01     3.38420e+03
    1.45820e-01     3.34707e+03
    1.46663e-01     3.30959e+03
    1.47510e-01     3.27183e+03
    1.48362e-01     3.23387e+03
    1.49218e-01     3.19578e+03
    1.50080e-01     3.15763e+03
    1.50947e-01     3.11949e+03
    1.51819e-01     3.08144e+03
    1.52696e-01     3.04355e+03
    1.53578e-01     3.00590e+03
    1.54464e-01     2.96858e+03
    1.55357e-01     2.93165e+03
    1.56254e-01     2.89518e+03
    1.57156e-01     2.85924e+03
    1.58064e-01     2.82389e+03
    1.58977e-01     2.78921e+03
    1.59895e-01     2.75524e+03
    1.60818e-01     2.72205e+03
    1.61747e-01     2.68968e+03
    1.62681e-01     2.65817e+03
    1.63621e-01     2.62756e+03
    1.64566e-01     2.59788e+03
    1.65516e-01     2.56915e+03
    1.66472e-01     2.54139e+03
    1.67434e-01     2.51464e+03
    1.68401e-01     2.48887e+03
    1.69373e-01     2.46409e+03
    1.70352e-01     2.44027e+03
    1.71336e-01     2.41741e+03
    1.72325e-01     2.39551e+03
    1.73320e-01     2.37453e+03
    1.74321e-01     2.35442e+03
    1.75328e-01     2.33513e+03
    1.76341e-01     2.31662e+03
    1.77359e-01     2.29883e+03
    1.78384e-01     2.28173e+03
    1.79414e-01     2.26524e+03
    1.80450e-01     2.24929e+03
    1.81492e-01     2.23383e+03
    1.82540e-01     2.21878e+03
    1.83595e-01     2.20407e+03
    1.84655e-01     2.18964e+03
    1.85721e-01     2.17542e+03
    1.86794e-01     2.16132e+03
    1.87873e-01     2.14726e+03
    1.88958e-01     2.13318e+03
    1.90049e-01     2.11898e+03
    1.91147e-01     2.10462e+03
    1.92251e-01     2.09001e+03
    1.93361e-01     2.07511e+03
    1.94478e-01     2.05984e+03
    1.95601e-01     2.04415e+03
    1.96731e-01     2.02799e+03
    1.97867e-01     2.01133e+03
    1.99010e-01     1.99415e+03
    2.00159e-01     1.97645e+03
    2.01315e-01     1.95823e+03
    2.02478e-01     1.93947e+03
    2.03647e-01     1.92019e+03
    2.04823e-01     1.90041e+03
    2.06006e-01     1.88018e+03
    2.07196e-01     1.85954e+03
    2.08393e-01     1.83854e+03
    2.09596e-01     1.81722e+03
    2.10807e-01     1.79562e+03
    2.12024e-01     1.77383e+03
    2.13249e-01     1.75192e+03
    2.14481e-01     1.72995e+03
    2.15719e-01     1.70800e+03
    2.16965e-01     1.68613e+03
    2.18218e-01     1.66440e+03
    2.19479e-01     1.64288e+03
    2.20746e-01     1.62164e+03
    2.22021e-01     1.60074e+03
    2.23303e-01     1.58024e+03
    2.24593e-01     1.56018e+03
    2.25890e-01     1.54062e+03
    2.27195e-01     1.52158e+03
    2.28507e-01     1.50310e+03
    2.29827e-01     1.48520e+03
    2.31154e-01     1.46792e+03
    2.32489e-01     1.45128e+03
    2.33832e-01     1.43527e+03
    2.35182e-01     1.41987e+03
    2.36541e-01     1.40509e+03
    2.37907e-01     1.39091e+03
    2.39281e-01     1.37732e+03
    2.40663e-01     1.36429e+03
    2.42053e-01     1.35177e+03
    2.43451e-01     1.33972e+03
    2.44857e-01     1.32807e+03
    2.46271e-01     1.31679e+03
    2.47693e-01     1.30581e+03
    2.49124e-01     1.29509e+03
    2.50563e-01     1.28456e+03
    2.52010e-01     1.27415e+03
    2.53465e-01     1.26380e+03
    2.54929e-01     1.25345e+03
    2.56401e-01     1.24305e+03
    2.57882e-01     1.23255e+03
    2.59372e-01     1.22191e+03
    2.60870e-01     1.21110e+03
    2.62376e-01     1.20009e+03
    2.63892e-01     1.18883e+03
    2.65416e-01     1.17731e+03
    2.66949e-01     1.16554e+03
    2.68490e-01     1.15352e+03
    2.70041e-01     1.14125e+03
    2.71601e-01     1.12875e+03
    2.73169e-01     1.11602e+03
    2.74747e-01     1.10309e+03
    2.76334e-01     1.09001e+03
    2.77930e-01     1.07683e+03
    2.79535e-01     1.06358e+03
    2.81149e-01     1.05031e+03
    2.82773e-01     1.03707e+03
    2.84406e-01     1.02390e+03
    2.86049e-01     1.01085e+03
    2.87701e-01     9.97983e+02
    2.89363e-01     9.85339e+02
    2.91034e-01     9.72967e+02
    2.92715e-01     9.60904e+02
    2.94405e-01     9.49169e+02
    2.96105e-01     9.37774e+02
    2.97816e-01     9.26731e+02
    2.99536e-01     9.16051e+02
    3.01266e-01     9.05744e+02
    3.03006e-01     8.95808e+02
    3.04756e-01     8.86216e+02
    3.06516e-01     8.76940e+02
    3.08286e-01     8.67953e+02
    3.10066e-01     8.59229e+02
    3.11857e-01     8.50743e+02
    3.13658e-01     8.42461e+02
    3.15470e-01     8.34343e+02
    3.17292e-01     8.26347e+02
    3.19124e-01     8.18435e+02
    3.20967e-01     8.10570e+02
    3.22821e-01     8.02717e+02
    3.24686e-01     7.94848e+02
    3.26561e-01     7.86940e+02
    3.28447e-01     7.78973e+02
    3.30344e-01     7.70925e+02
    3.32252e-01     7.62776e+02
    3.34171e-01     7.54514e+02
    3.36101e-01     7.46148e+02
    3.38042e-01     7.37697e+02
    3.39994e-01     7.29180e+02
    3.41958e-01     7.20613e+02
    3.43933e-01     7.12012e+02
    3.45919e-01     7.03398e+02
    3.47917e-01     6.94799e+02
    3.49926e-01     6.86245e+02
    3.51947e-01     6.77765e+02
    3.53980e-01     6.69385e+02
    3.56024e-01     6.61131e+02
    3.58081e-01     6.53024e+02
    3.60149e-01     6.45078e+02
    3.62229e-01     6.37304e+02
    3.64321e-01     6.29715e+02
    3.66425e-01     6.22323e+02
    3.68541e-01     6.15137e+02
    3.70670e-01     6.08154e+02
    3.72810e-01     6.01356e+02
    3.74964e-01     5.94723e+02
    3.77129e-01     5.88237e+02
    3.79307e-01     5.81880e+02
    3.81498e-01     5.75635e+02
    3.83701e-01     5.69483e+02
    3.85917e-01     5.63405e+02
    3.88146e-01     5.57379e+02
    3.90388e-01     5.51386e+02
    3.92643e-01     5.45410e+02
    3.94910e-01     5.39431e+02
    3.97191e-01     5.33444e+02
    3.99485e-01     5.27448e+02
    4.01792e-01     5.21445e+02
    4.04113e-01     5.15435e+02
    4.06447e-01     5.09422e+02
    4.08794e-01     5.03405e+02
    4.11155e-01     4.97393e+02
    4.13530e-01     4.91403e+02
    4.15918e-01     4.85450e+02
    4.18320e-01     4.79549e+02
    4.20736e-01     4.73714e+02
    4.23166e-01     4.67957e+02
    4.25610e-01     4.62289e+02
    4.28068e-01     4.56714e+02
    4.30541e-01     4.51233e+02
    4.33027e-01     4.45850e+02
    4.35528e-01     4.40567e+02
    4.38044e-01     4.35388e+02
    4.40573e-01     4.30311e+02
    4.43118e-01     4.25328e+02
    4.45677e-01     4.20430e+02
    4.48251e-01     4.15607e+02
    4.50840e-01     4.10852e+02
    4.53444e-01     4.06157e+02
    4.56063e-01     4.01512e+02
    4.58697e-01     3.96912e+02
    4.61346e-01     3.92350e+02
    4.64010e-01     3.87820e+02
    4.66690e-01     3.83316e+02
    4.69386e-01     3.78831e+02
    4.72097e-01     3.74361e+02
    4.74823e-01     3.69905e+02
    4.77565e-01     3.65471e+02
    4.80324e-01     3.61065e+02
    4.83098e-01     3.56693e+02
    4.85888e-01     3.52360e+02
    4.88694e-01     3.48073e+02
    4.91517e-01     3.43836e+02
    4.94355e-01     3.39653e+02
    4.97210e-01     3.35526e+02
    5.00082e-01     3.31459e+02
    5.02970e-01     3.27453e+02
    5.05875e-01     3.23510e+02
    5.08797e-01     3.19633e+02
    5.11735e-01     3.15822e+02
    5.14691e-01     3.12071e+02
    5.17663e-01     3.08374e+02
    5.20653e-01     3.04723e+02
    5.23660e-01     3.01113e+02
    5.26685e-01     2.97538e+02
    5.29726e-01     2.93992e+02
    5.32786e-01     2.90471e+02
    5.35863e-01     2.86977e+02
    5.38958e-01     2.83511e+02
    5.42071e-01     2.80074e+02
    5.45201e-01     2.76669e+02
    5.48350e-01     2.73297e+02
    5.51517e-01     2.69959e+02
    5.54702e-01     2.66658e+02
    5.57906e-01     2.63393e+02
    5.61128e-01     2.60166e+02
    5.64369e-01     2.56979e+02
    5.67629e-01     2.53830e+02
    5.70907e-01     2.50723e+02
    5.74204e-01     2.47656e+02
    5.77520e-01     2.44630e+02
    5.80856e-01     2.41647e+02
    5.84211e-01     2.38703e+02
    5.87585e-01     2.35796e+02
    5.90978e-01     2.32924e+02
    5.94391e-01     2.30086e+02
    5.97824e-01     2.27279e+02
    6.01277e-01     2.24501e+02
    6.04750e-01     2.21751e+02
    6.08242e-01     2.19027e+02
    6.11755e-01     2.16329e+02
    6.15288e-01     2.13659e+02
    6.18842e-01     2.11018e+02
    6.22416e-01     2.08405e+02
    6.26011e-01     2.05823e+02
    6.29626e-01     2.03271e+02
    6.33263e-01     2.00750e+02
    6.36920e-01     1.98261e+02
    6.40599e-01     1.95804e+02
    6.44298e-01     1.93378e+02
    6.48020e-01     1.90983e+02
    6.51762e-01     1.88617e+02
    6.55526e-01     1.86279e+02
    6.59312e-01     1.83969e+02
    6.63120e-01     1.81686e+02
    6.66950e-01     1.79430e+02
    6.70802e-01     1.77199e+02
    6.74676e-01     1.74993e+02
    6.78573e-01     1.72811e+02
    6.82492e-01     1.70654e+02
    6.86434e-01     1.68521e+02
    6.90398e-01     1.66412e+02
    6.94386e-01     1.64328e+02
    6.98396e-01     1.62269e+02
    7.02430e-01     1.60233e+02
    7.06486e-01     1.58222e+02
    7.10567e-01     1.56235e+02
    7.14671e-01     1.54272e+02
    7.18798e-01     1.52333e+02
    7.22949e-01     1.50417e+02
    7.27125e-01     1.48525e+02
    7.31324e-01     1.46656e+02
    7.35548e-01     1.44809e+02
    7.39796e-01     1.42985e+02
    7.44069e-01     1.41182e+02
    7.48366e-01     1.39402e+02
    7.52688e-01     1.37642e+02
    7.57036e-01     1.35904e+02
    7.61408e-01     1.34186e+02
    7.65805e-01     1.32489e+02
    7.70228e-01     1.30812e+02
    7.74677e-01     1.29155e+02
    7.79151e-01     1.27518e+02
    7.83651e-01     1.25900e+02
    7.88177e-01     1.24302e+02
    7.92729e-01     1.22723e+02
    7.97307e-01     1.21162e+02
    8.01912e-01     1.19621e+02
    8.06543e-01     1.18098e+02
    8.11202e-01     1.16593e+02
    8.15887e-01     1.15107e+02
    8.20599e-01     1.13638e+02
    8.25338e-01     1.12187e+02
    8.30105e-01     1.10754e+02
    8.34899e-01     1.09339e+02
    8.39721e-01     1.07940e+02
    8.44571e-01     1.06559e+02
    8.49449e-01     1.05194e+02
    8.54355e-01     1.03846e+02
    8.59289e-01     1.02515e+02
    8.64252e-01     1.01199e+02
    8.69243e-01     9.99001e+01
    8.74264e-01     9.86169e+01
    8.79313e-01     9.73494e+01
    8.84391e-01     9.60974e+01
    8.89499e-01     9.48608e+01
    8.94636e-01     9.36393e+01
    8.99803e-01     9.24329e+01
    9.05000e-01     9.12413e+01
    9.10227e-01     9.00643e+01
    9.15484e-01     8.89019e+01
    9.20771e-01     8.77537e+01
    9.26089e-01     8.66197e+01
    9.31438e-01     8.54998e+01
    9.36817e-01     8.43936e+01
    9.42228e-01     8.33011e+01
    9.47670e-01     8.22221e+01
    9.53143e-01     8.11565e+01
    9.58648e-01     8.01040e+01
    9.64184e-01     7.90647e+01
    9.69753e-01     7.80381e+01
    9.75354e-01     7.70244e+01
    9.80987e-01     7.60232e+01
    9.86653e-01     7.50345e+01
    9.92351e-01     7.40580e+01
    9.98082e-01     7.30938e+01
    1.00385e+00     7.21415e+01
    1.00964e+00     7.12011e+01
    1.01548e+00     7.02724e+01
    1.02134e+00     6.93554e+01
    1.02724e+00     6.84497e+01
    1.03317e+00     6.75554e+01
    1.03914e+00     6.66723e+01
    1.04514e+00     6.58003e+01
    1.05118e+00     6.49392e+01
    1.05725e+00     6.40888e+01
    1.06335e+00     6.32492e+01
    1.06950e+00     6.24201e+01
    1.07567e+00     6.16014e+01
    1.08188e+00     6.07929e+01
    1.08813e+00     5.99947e+01
    1.09442e+00     5.92065e+01
    1.10074e+00     5.84283e+01
    1.10710e+00     5.76598e+01
    1.11349e+00     5.69011e+01
    1.11992e+00     5.61519e+01
    1.12639e+00     5.54122e+01
    1.13289e+00     5.46818e+01
    1.13944e+00     5.39607e+01
    1.14602e+00     5.32487e+01
    1.15264e+00     5.25458e+01
    1.15929e+00     5.18517e+01
    1.16599e+00     5.11665e+01
    1.17272e+00     5.04899e+01
    1.17950e+00     4.98220e+01
    1.18631e+00     4.91625e+01
    1.19316e+00     4.85115e+01
    1.20005e+00     4.78687e+01
    1.20698e+00     4.72341e+01
    1.21395e+00     4.66076e+01
    1.22096e+00     4.59891e+01
    1.22802e+00     4.53785e+01
    1.23511e+00     4.47757e+01
    1.24224e+00     4.41806e+01
    1.24942e+00     4.35931e+01
    1.25663e+00     4.30131e+01
    1.26389e+00     4.24406e+01
    1.27119e+00     4.18754e+01
    1.27853e+00     4.13174e+01
    1.28591e+00     4.07666e+01
    1.29334e+00     4.02229e+01
    1.30081e+00     3.96862e+01
    1.30832e+00     3.91563e+01
    1.31588e+00     3.86333e+01
    1.32348e+00     3.81170e+01
    1.33112e+00     3.76074e+01
    1.33881e+00     3.71044e+01
    1.34654e+00     3.66078e+01
    1.35432e+00     3.61176e+01
    1.36214e+00     3.56338e+01
    1.37001e+00     3.51562e+01
    1.37792e+00     3.46848e+01
    1.38588e+00     3.42195e+01
    1.39388e+00     3.37603e+01
    1.40193e+00     3.33069e+01
    1.41003e+00     3.28595e+01
    1.41818e+00     3.24178e+01
    1.42637e+00     3.19819e+01
    1.43460e+00     3.15517e+01
    1.44289e+00     3.11270e+01
    1.45122e+00     3.07079e+01
    1.45960e+00     3.02942e+01
    1.46803e+00     2.98859e+01
    1.47651e+00     2.94829e+01
    1.48504e+00     2.90852e+01
    1.49362e+00     2.86926e+01
    1.50224e+00     2.83052e+01
    1.51092e+00     2.79228e+01
    1.51965e+00     2.75455e+01
    1.52842e+00     2.71730e+01
    1.53725e+00     2.68055e+01
    1.54613e+00     2.64427e+01
    1.55506e+00     2.60847e+01
    1.56404e+00     2.57314e+01
    1.57307e+00     2.53827e+01
    1.58216e+00     2.50385e+01
    1.59130e+00     2.46989e+01
    1.60049e+00     2.43638e+01
    1.60973e+00     2.40330e+01
    1.61903e+00     2.37066e+01
    1.62838e+00     2.33845e+01
    1.63778e+00     2.30667e+01
    1.64724e+00     2.27530e+01
    1.65675e+00     2.24434e+01
    1.66632e+00     2.21379e+01
    1.67595e+00     2.18365e+01
    1.68563e+00     2.15390e+01
    1.69536e+00     2.12455e+01
    1.70515e+00     2.09558e+01
    1.71500e+00     2.06700e+01
    1.72491e+00     2.03879e+01
    1.73487e+00     2.01096e+01
    1.74489e+00     1.98349e+01
    1.75496e+00     1.95639e+01
    1.76510e+00     1.92965e+01
    1.77529e+00     1.90326e+01
    1.78555e+00     1.87722e+01
    1.79586e+00     1.85153e+01
    1.80623e+00     1.82618e+01
    1.81666e+00     1.80117e+01
    1.82716e+00     1.77649e+01
    1.83771e+00     1.75213e+01
    1.84832e+00     1.72810e+01
    1.85900e+00     1.70439e+01
    1.86973e+00     1.68100e+01
    1.88053e+00     1.65792e+01
    1.89139e+00     1.63514e+01
    1.90232e+00     1.61267e+01
    1.91330e+00     1.59050e+01
    1.92435e+00     1.56863e+01
    1.93547e+00     1.54704e+01
    1.94665e+00     1.52575e+01
    1.95789e+00     1.50474e+01
    1.96920e+00     1.48401e+01
    1.98057e+00     1.46356e+01
    1.99201e+00     1.44338e+01
    2.00351e+00     1.42348e+01
    2.01509e+00     1.40384e+01
    2.02672e+00     1.38446e+01
    2.03843e+00     1.36535e+01
    2.05020e+00     1.34649e+01
    2.06204e+00     1.32788e+01
    2.07395e+00     1.30952e+01
    2.08593e+00     1.29141e+01
    2.09798e+00     1.27355e+01
    2.11009e+00     1.25592e+01
    2.12228e+00     1.23853e+01
    2.13454e+00     1.22138e+01
    2.14687e+00     1.20446e+01
    2.15927e+00     1.18776e+01
    2.17174e+00     1.17129e+01
    2.18428e+00     1.15505e+01
    2.19689e+00     1.13902e+01
    2.20958e+00     1.12321e+01
    2.22234e+00     1.10761e+01
    2.23518e+00     1.09222e+01
    2.24809e+00     1.07704e+01
    2.26107e+00     1.06207e+01
    2.27413e+00     1.04730e+01
    2.28726e+00     1.03273e+01
    2.30047e+00     1.01836e+01
    2.31376e+00     1.00418e+01
    2.32712e+00     9.90194e+00
    2.34056e+00     9.76398e+00
    2.35408e+00     9.62790e+00
    2.36768e+00     9.49366e+00
    2.38135e+00     9.36124e+00
    2.39511e+00     9.23063e+00
    2.40894e+00     9.10179e+00
    2.42285e+00     8.97471e+00
    2.43684e+00     8.84935e+00
    2.45092e+00     8.72571e+00
    2.46507e+00     8.60374e+00
    2.47931e+00     8.48344e+00
    2.49363e+00     8.36478e+00
    2.50803e+00     8.24774e+00
    2.52252e+00     8.13230e+00
    2.53709e+00     8.01843e+00
    2.55174e+00     7.90612e+00
    2.56648e+00     7.79534e+00
    2.58130e+00     7.68608e+00
    2.59621e+00     7.57831e+00
    2.61120e+00     7.47201e+00
    2.62628e+00     7.36717e+00
    2.64145e+00     7.26377e+00
    2.65671e+00     7.16178e+00
    2.67205e+00     7.06119e+00
    2.68748e+00     6.96198e+00
    2.70300e+00     6.86413e+00
    2.71861e+00     6.76763e+00
    2.73432e+00     6.67244e+00
    2.75011e+00     6.57857e+00
    2.76599e+00     6.48598e+00
    2.78197e+00     6.39467e+00
    2.79803e+00     6.30462e+00
    2.81419e+00     6.21580e+00
    2.83045e+00     6.12820e+00
    2.84679e+00     6.04181e+00
    2.86324e+00     5.95661e+00
    2.87977e+00     5.87259e+00
    2.89640e+00     5.78972e+00
    2.91313e+00     5.70799e+00
    2.92996e+00     5.62740e+00
    2.94688e+00     5.54791e+00
    2.96390e+00     5.46952e+00
    2.98102e+00     5.39222e+00
    2.99823e+00     5.31598e+00
    3.01555e+00     5.24080e+00
    3.03297e+00     5.16665e+00
    3.05048e+00     5.09354e+00
    3.06810e+00     5.02143e+00
    3.08582e+00     4.95032e+00
    3.10364e+00     4.88020e+00
    3.12157e+00     4.81105e+00
    3.13960e+00     4.74285e+00
    3.15773e+00     4.67561e+00
    3.17597e+00     4.60929e+00
    3.19431e+00     4.54390e+00
    3.21276e+00     4.47941e+00
    3.23131e+00     4.41582e+00
    3.24997e+00     4.35311e+00
    3.26874e+00     4.29127e+00
    3.28762e+00     4.23029e+00
    3.30661e+00     4.17017e+00
    3.32571e+00     4.11087e+00
    3.34492e+00     4.05241e+00
    3.36423e+00     3.99475e+00
    3.38366e+00     3.93790e+00
    3.40321e+00     3.88184e+00
    3.42286e+00     3.82657e+00
    3.44263e+00     3.77206e+00
    3.46251e+00     3.71832e+00
    3.48251e+00     3.66532e+00
    3.50262e+00     3.61306e+00
    3.52285e+00     3.56154e+00
    3.54320e+00     3.51073e+00
    3.56366e+00     3.46064e+00
    3.58424e+00     3.41124e+00
    3.60495e+00     3.36253e+00
    3.62577e+00     3.31451e+00
    3.64671e+00     3.26716e+00
    3.66777e+00     3.22047e+00
    3.68895e+00     3.17443e+00
    3.71026e+00     3.12904e+00
    3.73168e+00     3.08429e+00
    3.75324e+00     3.04016e+00
    3.77491e+00     2.99665e+00
    3.79672e+00     2.95375e+00
    3.81864e+00     2.91146e+00
    3.84070e+00     2.86975e+00
    3.86288e+00     2.82864e+00
    3.88519e+00     2.78810e+00
    3.90763e+00     2.74813e+00
    3.93020e+00     2.70872e+00
    3.95290e+00     2.66987e+00
    3.97573e+00     2.63156e+00
    3.99869e+00     2.59379e+00
    4.02178e+00     2.55656e+00
    4.04501e+00     2.51984e+00
    4.06837e+00     2.48365e+00
    4.09187e+00     2.44796e+00
    4.11550e+00     2.41278e+00
    4.13927e+00     2.37809e+00
    4.16318e+00     2.34390e+00
    4.18722e+00     2.31018e+00
    4.21140e+00     2.27694e+00
    4.23573e+00     2.24417e+00
    4.26019e+00     2.21187e+00
    4.28479e+00     2.18002e+00
    4.30954e+00     2.14862e+00
    4.33443e+00     2.11766e+00
    4.35946e+00     2.08714e+00
    4.38464e+00     2.05706e+00
    4.40997e+00     2.02739e+00
    4.43544e+00     1.99815e+00
    4.46105e+00     1.96933e+00
    4.48682e+00     1.94091e+00
    4.51273e+00     1.91289e+00
    4.53879e+00     1.88527e+00
    4.56501e+00     1.85804e+00
    4.59137e+00     1.83120e+00
    4.61789e+00     1.80474e+00
    4.64456e+00     1.77866e+00
    4.67138e+00     1.75294e+00
    4.69836e+00     1.72759e+00
    4.72550e+00     1.70260e+00
    4.75279e+00     1.67797e+00
    4.78024e+00     1.65368e+00
    4.80785e+00     1.62974e+00
    4.83562e+00     1.60614e+00
    4.86354e+00     1.58288e+00
    4.89163e+00     1.55995e+00
    4.91989e+00     1.53734e+00
    4.94830e+00     1.51506e+00
    4.97688e+00     1.49309e+00
    5.00562e+00     1.47144e+00
    5.03453e+00     1.45009e+00
    5.06361e+00     1.42905e+00
    5.09285e+00     1.40831e+00
    5.12227e+00     1.38787e+00
    5.15185e+00     1.36772e+00
    5.18161e+00     1.34785e+00
    5.21153e+00     1.32827e+00
    5.24163e+00     1.30897e+00
    5.27190e+00     1.28994e+00
    5.30235e+00     1.27119e+00
    5.33298e+00     1.25270e+00
    5.36378e+00     1.23448e+00
    5.39475e+00     1.21652e+00
    5.42591e+00     1.19882e+00
    5.45725e+00     1.18137e+00
    5.48877e+00     1.16416e+00
    5.52047e+00     1.14721e+00
    5.55235e+00     1.13050e+00
    5.58442e+00     1.11403e+00
    5.61667e+00     1.09779e+00
    5.64911e+00     1.08179e+00
    5.68174e+00     1.06601e+00
    5.71455e+00     1.05047e+00
    5.74755e+00     1.03514e+00
    5.78075e+00     1.02004e+00
    5.81414e+00     1.00515e+00
    5.84772e+00     9.90476e-01
    5.88149e+00     9.76013e-01
    5.91546e+00     9.61758e-01
    5.94962e+00     9.47708e-01
    5.98398e+00     9.33859e-01
    6.01854e+00     9.20210e-01
    6.05330e+00     9.06758e-01
    6.08826e+00     8.93498e-01
    6.12343e+00     8.80430e-01
    6.15879e+00     8.67550e-01
    6.19436e+00     8.54855e-01
    6.23014e+00     8.42343e-01
    6.26612e+00     8.30012e-01
    6.30231e+00     8.17858e-01
    6.33871e+00     8.05879e-01
    6.37532e+00     7.94073e-01
    6.41214e+00     7.82438e-01
    6.44917e+00     7.70970e-01
    6.48642e+00     7.59668e-01
    6.52388e+00     7.48529e-01
    6.56156e+00     7.37551e-01
    6.59946e+00     7.26731e-01
    6.63757e+00     7.16068e-01
    6.67591e+00     7.05558e-01
    6.71446e+00     6.95201e-01
    6.75324e+00     6.84994e-01
    6.79224e+00     6.74934e-01
    6.83147e+00     6.65019e-01
    6.87093e+00     6.55248e-01
    6.91061e+00     6.45619e-01
    6.95052e+00     6.36129e-01
    6.99067e+00     6.26776e-01
    7.03104e+00     6.17559e-01
    7.07165e+00     6.08475e-01
    7.11249e+00     5.99523e-01
    7.15357e+00     5.90701e-01
    7.19488e+00     5.82007e-01
    7.23644e+00     5.73439e-01
    7.27823e+00     5.64995e-01
    7.32027e+00     5.56673e-01
    7.36254e+00     5.48473e-01
    7.40507e+00     5.40391e-01
    7.44783e+00     5.32427e-01
    7.49085e+00     5.24579e-01
    7.53411e+00     5.16844e-01
    7.57763e+00     5.09222e-01
    7.62139e+00     5.01711e-01
    7.66541e+00     4.94309e-01
    7.70968e+00     4.87015e-01
    7.75421e+00     4.79827e-01
    7.79899e+00     4.72743e-01
    7.84403e+00     4.65763e-01
    7.88934e+00     4.58884e-01
    7.93490e+00     4.52105e-01
    7.98073e+00     4.45425e-01
    8.02682e+00     4.38843e-01
    8.07318e+00     4.32356e-01
    8.11981e+00     4.25964e-01
    8.16670e+00     4.19665e-01
    8.21387e+00     4.13458e-01
    8.26131e+00     4.07342e-01
    8.30902e+00     4.01314e-01
    8.35701e+00     3.95375e-01
    8.40527e+00     3.89522e-01
    8.45382e+00     3.83755e-01
    8.50264e+00     3.78072e-01
    8.55175e+00     3.72473e-01
    8.60114e+00     3.66955e-01
    8.65082e+00     3.61517e-01
    8.70078e+00     3.56159e-01
    8.75103e+00     3.50880e-01
    8.80157e+00     3.45677e-01
    8.85241e+00     3.40551e-01
    8.90353e+00     3.35500e-01
    8.95495e+00     3.30523e-01
    9.00667e+00     3.25618e-01
    9.05869e+00     3.20786e-01
    9.11101e+00     3.16024e-01
    9.16363e+00     3.11332e-01
    9.21655e+00     3.06708e-01
    9.26978e+00     3.02153e-01
    9.32332e+00     2.97664e-01
    9.37717e+00     2.93241e-01
    9.43133e+00     2.88883e-01
    9.48580e+00     2.84589e-01
    9.54058e+00     2.80358e-01
    9.59568e+00     2.76189e-01
    9.65110e+00     2.72081e-01
    9.70684e+00     2.68034e-01
    9.76290e+00     2.64045e-01
    9.81929e+00     2.60116e-01
    9.87600e+00     2.56244e-01
    9.93304e+00     2.52429e-01
    9.99041e+00     2.48671e-01
    1.00481e+01     2.44967e-01
    1.01061e+01     2.41318e-01
    1.01645e+01     2.37723e-01
    1.02232e+01     2.34180e-01
    1.02823e+01     2.30690e-01
    1.03416e+01     2.27251e-01
    1.04014e+01     2.23862e-01
    1.04614e+01     2.20524e-01
    1.05219e+01     2.17235e-01
    1.05826e+01     2.13994e-01
    1.06437e+01     2.10801e-01
    1.07052e+01     2.07655e-01
    1.07670e+01     2.04555e-01
    1.08292e+01     2.01501e-01
    1.08918e+01     1.98492e-01
    1.09547e+01     1.95528e-01
    1.10180e+01     1.92607e-01
    1.10816e+01     1.89729e-01
    1.11456e+01     1.86894e-01
    1.12100e+01     1.84101e-01
    1.12747e+01     1.81349e-01
    1.13398e+01     1.78637e-01
    1.14053e+01     1.75966e-01
    1.14712e+01     1.73334e-01
    1.15374e+01     1.70741e-01
    1.16041e+01     1.68186e-01
    1.16711e+01     1.65669e-01
    1.17385e+01     1.63189e-01
    1.18063e+01     1.60746e-01
    1.18745e+01     1.58339e-01
    1.19431e+01     1.55968e-01
    1.20120e+01     1.53632e-01
    1.20814e+01     1.51330e-01
    1.21512e+01     1.49063e-01
    1.22214e+01     1.46829e-01
    1.22919e+01     1.44628e-01
    1.23629e+01     1.42460e-01
    1.24343e+01     1.40323e-01
    1.25062e+01     1.38219e-01
    1.25784e+01     1.36146e-01
    1.26510e+01     1.34103e-01
    1.27241e+01     1.32091e-01
    1.27976e+01     1.30108e-01
    1.28715e+01     1.28155e-01
    1.29458e+01     1.26231e-01
    1.30206e+01     1.24336e-01
    1.30958e+01     1.22469e-01
    1.31714e+01     1.20629e-01
    1.32475e+01     1.18817e-01
    1.33240e+01     1.17031e-01
    1.34010e+01     1.15273e-01
    1.34784e+01     1.13540e-01
    1.35562e+01     1.11833e-01
    1.36345e+01     1.10151e-01
    1.37133e+01     1.08495e-01
    1.37925e+01     1.06863e-01
    1.38721e+01     1.05255e-01
    1.39522e+01     1.03671e-01
    1.40328e+01     1.02111e-01
    1.41139e+01     1.00574e-01
    1.41954e+01     9.90600e-02
    1.42774e+01     9.75685e-02
    1.43598e+01     9.60992e-02
    1.44427e+01     9.46517e-02
    1.45262e+01     9.32258e-02
    1.46101e+01     9.18211e-02
    1.46944e+01     9.04374e-02
    1.47793e+01     8.90743e-02
    1.48647e+01     8.77316e-02
    1.49505e+01     8.64088e-02
    1.50369e+01     8.51058e-02
    1.51237e+01     8.38222e-02
    1.52111e+01     8.25578e-02
    1.52989e+01     8.13122e-02
    1.53873e+01     8.00852e-02
    1.54761e+01     7.88765e-02
    1.55655e+01     7.76859e-02
    1.56554e+01     7.65131e-02
    1.57458e+01     7.53578e-02
    1.58368e+01     7.42197e-02
    1.59282e+01     7.30986e-02
    1.60202e+01     7.19943e-02
    1.61127e+01     7.09065e-02
    1.62058e+01     6.98350e-02
    1.62994e+01     6.87795e-02
    1.63935e+01     6.77397e-02
    1.64882e+01     6.67156e-02
    1.65834e+01     6.57067e-02
    1.66792e+01     6.47129e-02
    1.67756e+01     6.37340e-02
    1.68724e+01     6.27698e-02
    1.69699e+01     6.18200e-02
    1.70679e+01     6.08844e-02
    1.71665e+01     5.99629e-02
    1.72656e+01     5.90551e-02
    1.73653e+01     5.81610e-02
    1.74656e+01     5.72802e-02
    1.75665e+01     5.64126e-02
    1.76680e+01     5.55581e-02
    1.77700e+01     5.47163e-02
    1.78726e+01     5.38872e-02
    1.79759e+01     5.30705e-02
    1.80797e+01     5.22661e-02
    1.81841e+01     5.14737e-02
    1.82891e+01     5.06933e-02
    1.83947e+01     4.99245e-02
    1.85010e+01     4.91673e-02
    1.86078e+01     4.84214e-02
    1.87153e+01     4.76868e-02
    1.88234e+01     4.69632e-02
    1.89321e+01     4.62504e-02
    1.90414e+01     4.55484e-02
    1.91514e+01     4.48569e-02
    1.92620e+01     4.41758e-02
    1.93733e+01     4.35049e-02
    1.94852e+01     4.28442e-02
    1.95977e+01     4.21933e-02
    1.97109e+01     4.15523e-02
    1.98247e+01     4.09209e-02
    1.99392e+01     4.02990e-02
    2.00544e+01     3.96864e-02
    2.01702e+01     3.90831e-02
    2.02867e+01     3.84888e-02
    2.04039e+01     3.79035e-02
    2.05217e+01     3.73270e-02
    2.06402e+01     3.67592e-02
    2.07594e+01     3.62000e-02
    2.08793e+01     3.56492e-02
    2.09999e+01     3.51066e-02
    2.11212e+01     3.45723e-02
    2.12432e+01     3.40460e-02
    2.13659e+01     3.35276e-02
    2.14893e+01     3.30171e-02
    2.16134e+01     3.25142e-02
    2.17382e+01     3.20190e-02
    2.18638e+01     3.15312e-02
    2.19900e+01     3.10507e-02
    2.21170e+01     3.05776e-02
    2.22448e+01     3.01115e-02
    2.23732e+01     2.96525e-02
    2.25025e+01     2.92004e-02
    2.26324e+01     2.87552e-02
    2.27631e+01     2.83167e-02
    2.28946e+01     2.78848e-02
    2.30268e+01     2.74594e-02
    2.31598e+01     2.70404e-02
    2.32936e+01     2.66278e-02
    2.34281e+01     2.62214e-02
    2.35634e+01     2.58212e-02
    2.36995e+01     2.54270e-02
    2.38364e+01     2.50388e-02
    2.39741e+01     2.46564e-02
    2.41125e+01     2.42799e-02
    2.42518e+01     2.39090e-02
    2.43918e+01     2.35437e-02
    2.45327e+01     2.31840e-02
    2.46744e+01     2.28297e-02
    2.48169e+01     2.24808e-02
    2.49602e+01     2.21371e-02
    2.51044e+01     2.17987e-02
    2.52494e+01     2.14654e-02
    2.53952e+01     2.11371e-02
    2.55419e+01     2.08138e-02
    2.56894e+01     2.04954e-02
    2.58378e+01     2.01819e-02
    2.59870e+01     1.98730e-02
    2.61371e+01     1.95689e-02
    2.62880e+01     1.92694e-02
    2.64399e+01     1.89744e-02
    2.65926e+01     1.86839e-02
    2.67462e+01     1.83978e-02
    2.69006e+01     1.81160e-02
    2.70560e+01     1.78386e-02
    2.72123e+01     1.75653e-02
    2.73694e+01     1.72962e-02
    2.75275e+01     1.70311e-02
    2.76865e+01     1.67701e-02
    2.78464e+01     1.65131e-02
    2.80072e+01     1.62599e-02
    2.81690e+01     1.60106e-02
    2.83316e+01     1.57651e-02
    2.84953e+01     1.55233e-02
    2.86598e+01     1.52852e-02
    2.88254e+01     1.50507e-02
    2.89919e+01     1.48198e-02
    2.91593e+01     1.45924e-02
    2.93277e+01     1.43684e-02
    2.94971e+01     1.41479e-02
    2.96674e+01     1.39307e-02
    2.98388e+01     1.37168e-02
    3.00111e+01     1.35061e-02
    3.01844e+01     1.32987e-02
    3.03588e+01     1.30944e-02
    3.05341e+01     1.28932e-02
    3.07105e+01     1.26951e-02
    3.08878e+01     1.25000e-02
    3.10662e+01     1.23079e-02
    3.12456e+01     1.21187e-02
    3.14261e+01     1.19324e-02
    3.16076e+01     1.17490e-02
    3.17902e+01     1.15683e-02
    3.19738e+01     1.13904e-02
    3.21584e+01     1.12151e-02
    3.23442e+01     1.10426e-02
    3.25310e+01     1.08727e-02
    3.27188e+01     1.07054e-02
    3.29078e+01     1.05406e-02
    3.30979e+01     1.03783e-02
    3.32890e+01     1.02186e-02
    3.34813e+01     1.00612e-02
    3.36746e+01     9.90628e-03
    3.38691e+01     9.75371e-03
    3.40647e+01     9.60346e-03
    3.42615e+01     9.45550e-03
    3.44594e+01     9.30981e-03
    3.46584e+01     9.16634e-03
    3.48585e+01     9.02506e-03
    3.50599e+01     8.88594e-03
    3.52624e+01     8.74894e-03
    3.54660e+01     8.61404e-03
    3.56709e+01     8.48120e-03
    3.58769e+01     8.35038e-03
    3.60841e+01     8.22157e-03
    3.62925e+01     8.09473e-03
    3.65021e+01     7.96983e-03
    3.67129e+01     7.84683e-03
    3.69249e+01     7.72572e-03
    3.71382e+01     7.60646e-03
    3.73527e+01     7.48902e-03
    3.75684e+01     7.37338e-03
    3.77854e+01     7.25951e-03
    3.80036e+01     7.14739e-03
    3.82231e+01     7.03698e-03
    3.84439e+01     6.92825e-03
    3.86659e+01     6.82120e-03
    3.88892e+01     6.71578e-03
    3.91138e+01     6.61198e-03
    3.93397e+01     6.50977e-03
    3.95669e+01     6.40912e-03
    3.97954e+01     6.31002e-03
    4.00253e+01     6.21243e-03
    4.02564e+01     6.11634e-03
    4.04889e+01     6.02172e-03
    4.07228e+01     5.92856e-03
    4.09580e+01     5.83682e-03
    4.11945e+01     5.74649e-03
    4.14324e+01     5.65754e-03
    4.16717e+01     5.56996e-03
    4.19124e+01     5.48372e-03
    4.21545e+01     5.39881e-03
    4.23979e+01     5.31519e-03
    4.26428e+01     5.23286e-03
    4.28891e+01     5.15180e-03
    4.31368e+01     5.07198e-03
    4.33859e+01     4.99338e-03
    4.36365e+01     4.91600e-03
    4.38885e+01     4.83980e-03
    4.41420e+01     4.76477e-03
    4.43969e+01     4.69089e-03
    4.46534e+01     4.61815e-03
    4.49113e+01     4.54652e-03
    4.51706e+01     4.47600e-03
    4.54315e+01     4.40656e-03
    4.56939e+01     4.33819e-03
    4.59578e+01     4.27087e-03
    4.62232e+01     4.20458e-03
    4.64902e+01     4.13931e-03
    4.67587e+01     4.07505e-03
    4.70288e+01     4.01178e-03
    4.73004e+01     3.94947e-03
    4.75736e+01     3.88813e-03
    4.78483e+01     3.82773e-03
    4.81247e+01     3.76826e-03
    4.84026e+01     3.70971e-03
    4.86821e+01     3.65205e-03
    4.89633e+01     3.59529e-03
    4.92461e+01     3.53940e-03
    4.95305e+01     3.48437e-03
    4.98166e+01     3.43018e-03
    5.01043e+01     3.37683e-03
    5.03937e+01     3.32431e-03
    5.06847e+01     3.27259e-03
    5.09774e+01     3.22167e-03
    5.12719e+01     3.17153e-03
    5.15680e+01     3.12217e-03
    5.18658e+01     3.07357e-03
    5.21654e+01     3.02571e-03
    5.24666e+01     2.97860e-03
    5.27697e+01     2.93221e-03
    5.30744e+01     2.88654e-03
    5.33810e+01     2.84157e-03
    5.36893e+01     2.79729e-03
    5.39993e+01     2.75370e-03
    5.43112e+01     2.71078e-03
    5.46249e+01     2.66852e-03
    5.49404e+01     2.62692e-03
    5.52577e+01     2.58596e-03
    5.55768e+01     2.54563e-03
    5.58978e+01     2.50592e-03
    5.62206e+01     2.46683e-03
    5.65453e+01     2.42834e-03
    5.68719e+01     2.39044e-03
    5.72004e+01     2.35313e-03
    5.75307e+01     2.31640e-03
    5.78630e+01     2.28023e-03
    5.81972e+01     2.24462e-03
    5.85333e+01     2.20957e-03
    5.88714e+01     2.17505e-03
    5.92114e+01     2.14107e-03
    5.95534e+01     2.10762e-03
    5.98973e+01     2.07468e-03
    6.02432e+01     2.04225e-03
    6.05912e+01     2.01033e-03
    6.09411e+01     1.97889e-03
    6.12931e+01     1.94795e-03
    6.16471e+01     1.91748e-03
    6.20031e+01     1.88748e-03
    6.23612e+01     1.85795e-03
    6.27214e+01     1.82888e-03
    6.30836e+01     1.80025e-03
    6.34480e+01     1.77207e-03
    6.38144e+01     1.74433e-03
    6.41830e+01     1.71702e-03
    6.45536e+01     1.69012e-03
    6.49265e+01     1.66365e-03
    6.53015e+01     1.63759e-03
    6.56786e+01     1.61193e-03
    6.60579e+01     1.58666e-03
    6.64394e+01     1.56179e-03
    6.68232e+01     1.53731e-03
    6.72091e+01     1.51320e-03
    6.75973e+01     1.48947e-03
    6.79877e+01     1.46611e-03
    6.83803e+01     1.44311e-03
    6.87753e+01     1.42047e-03
    6.91725e+01     1.39818e-03
    6.95720e+01     1.37623e-03
    6.99738e+01     1.35462e-03
    7.03779e+01     1.33336e-03
    7.07844e+01     1.31242e-03
    7.11932e+01     1.29180e-03
    7.16044e+01     1.27151e-03
    7.20179e+01     1.25153e-03
    7.24339e+01     1.23186e-03
    7.28522e+01     1.21250e-03
    7.32730e+01     1.19344e-03
    7.36961e+01     1.17467e-03
    7.41218e+01     1.15620e-03
    7.45499e+01     1.13801e-03
    7.49804e+01     1.12011e-03
    7.54135e+01     1.10248e-03
    7.58490e+01     1.08513e-03
    7.62871e+01     1.06805e-03
    7.67277e+01     1.05123e-03
    7.71708e+01     1.03468e-03
    7.76165e+01     1.01838e-03
    7.80648e+01     1.00234e-03
    7.85157e+01     9.86543e-04
    7.89691e+01     9.70996e-04
    7.94252e+01     9.55690e-04
    7.98839e+01     9.40623e-04
    8.03453e+01     9.25791e-04
    8.08093e+01     9.11189e-04
    8.12760e+01     8.96815e-04
    8.17454e+01     8.82665e-04
    8.22176e+01     8.68735e-04
    8.26924e+01     8.55023e-04
    8.31700e+01     8.41524e-04
    8.36503e+01     8.28235e-04
    8.41335e+01     8.15154e-04
    8.46194e+01     8.02277e-04
    8.51081e+01     7.89600e-04
    8.55996e+01     7.77122e-04
    8.60940e+01     7.64838e-04
    8.65912e+01     7.52745e-04
    8.70913e+01     7.40841e-04
    8.75943e+01     7.29123e-04
    8.81002e+01     7.17588e-04
    8.86091e+01     7.06233e-04
    8.91208e+01     6.95056e-04
    8.96355e+01     6.84052e-04
    9.01532e+01     6.73221e-04
    9.06739e+01     6.62559e-04
    9.11976e+01     6.52063e-04
    9.17243e+01     6.41731e-04
    9.22540e+01     6.31561e-04
    9.27869e+01     6.21550e-04
    9.33227e+01     6.11695e-04
    9.38617e+01     6.01994e-04
    9.44038e+01     5.92445e-04
    9.49490e+01     5.83045e-04
    9.54974e+01     5.73792e-04
    9.60490e+01     5.64683e-04
    9.66037e+01     5.55717e-04
    9.71616e+01     5.46892e-04
    9.77228e+01     5.38204e-04
    9.82872e+01     5.29653e-04
    9.88548e+01     5.21235e-04
    9.94258e+01     5.12949e-04
    1.00000e+02     5.04793e-04
