# The (real space) HaloFit power spectrum from CLASS.
#      k[h/Mpc]            P(k)
    1.00000e-04     4.51577e+02
    1.00578e-04     4.54096e+02
    1.01158e-04     4.56629e+02
    1.01743e-04     4.59176e+02
    1.02330e-04     4.61738e+02
    1.02921e-04     4.64314e+02
    1.03516e-04     4.66904e+02
    1.04114e-04     4.69508e+02
    1.04715e-04     4.72128e+02
    1.05320e-04     4.74761e+02
    1.05928e-04     4.77410e+02
    1.06540e-04     4.80073e+02
    1.07155e-04     4.82751e+02
    1.07774e-04     4.85444e+02
    1.08396e-04     4.88151e+02
    1.09022e-04     4.90874e+02
    1.09652e-04     4.93613e+02
    1.10285e-04     4.96366e+02
    1.10922e-04     4.99135e+02
    1.11563e-04     5.01919e+02
    1.12207e-04     5.04719e+02
    1.12855e-04     5.07534e+02
    1.13507e-04     5.10365e+02
    1.14163e-04     5.13211e+02
    1.14822e-04     5.16074e+02
    1.15485e-04     5.18953e+02
    1.16152e-04     5.21847e+02
    1.16823e-04     5.24758e+02
    1.17498e-04     5.27685e+02
    1.18176e-04     5.30628e+02
    1.18859e-04     5.33587e+02
    1.19545e-04     5.36564e+02
    1.20236e-04     5.39556e+02
    1.20930e-04     5.42565e+02
    1.21629e-04     5.45592e+02
    1.22331e-04     5.48634e+02
    1.23038e-04     5.51694e+02
    1.23748e-04     5.54771e+02
    1.24463e-04     5.57865e+02
    1.25182e-04     5.60976e+02
    1.25905e-04     5.64105e+02
    1.26632e-04     5.67251e+02
    1.27363e-04     5.70415e+02
    1.28099e-04     5.73596e+02
    1.28839e-04     5.76795e+02
    1.29583e-04     5.80011e+02
    1.30331e-04     5.83246e+02
    1.31084e-04     5.86498e+02
    1.31841e-04     5.89769e+02
    1.32602e-04     5.93058e+02
    1.33368e-04     5.96365e+02
    1.34138e-04     5.99691e+02
    1.34913e-04     6.03035e+02
    1.35692e-04     6.06398e+02
    1.36476e-04     6.09779e+02
    1.37264e-04     6.13179e+02
    1.38057e-04     6.16598e+02
    1.38854e-04     6.20037e+02
    1.39656e-04     6.23494e+02
    1.40463e-04     6.26971e+02
    1.41274e-04     6.30466e+02
    1.42090e-04     6.33982e+02
    1.42911e-04     6.37517e+02
    1.43736e-04     6.41071e+02
    1.44566e-04     6.44646e+02
    1.45401e-04     6.48240e+02
    1.46241e-04     6.51854e+02
    1.47085e-04     6.55489e+02
    1.47935e-04     6.59143e+02
    1.48789e-04     6.62818e+02
    1.49649e-04     6.66514e+02
    1.50513e-04     6.70229e+02
    1.51382e-04     6.73966e+02
    1.52257e-04     6.77723e+02
    1.53136e-04     6.81502e+02
    1.54020e-04     6.85301e+02
    1.54910e-04     6.89121e+02
    1.55805e-04     6.92963e+02
    1.56704e-04     6.96826e+02
    1.57609e-04     7.00710e+02
    1.58520e-04     7.04617e+02
    1.59435e-04     7.08544e+02
    1.60356e-04     7.12494e+02
    1.61282e-04     7.16466e+02
    1.62214e-04     7.20459e+02
    1.63151e-04     7.24475e+02
    1.64093e-04     7.28513e+02
    1.65041e-04     7.32574e+02
    1.65994e-04     7.36657e+02
    1.66952e-04     7.40763e+02
    1.67917e-04     7.44892e+02
    1.68886e-04     7.49044e+02
    1.69862e-04     7.53218e+02
    1.70843e-04     7.57416e+02
    1.71830e-04     7.61638e+02
    1.72822e-04     7.65882e+02
    1.73820e-04     7.70151e+02
    1.74824e-04     7.74443e+02
    1.75834e-04     7.78759e+02
    1.76849e-04     7.83099e+02
    1.77871e-04     7.87463e+02
    1.78898e-04     7.91851e+02
    1.79931e-04     7.96263e+02
    1.80970e-04     8.00700e+02
    1.82016e-04     8.05162e+02
    1.83067e-04     8.09649e+02
    1.84124e-04     8.14160e+02
    1.85187e-04     8.18697e+02
    1.86257e-04     8.23258e+02
    1.87333e-04     8.27845e+02
    1.88415e-04     8.32458e+02
    1.89503e-04     8.37096e+02
    1.90597e-04     8.41760e+02
    1.91698e-04     8.46449e+02
    1.92805e-04     8.51165e+02
    1.93919e-04     8.55907e+02
    1.95039e-04     8.60675e+02
    1.96165e-04     8.65470e+02
    1.97298e-04     8.70291e+02
    1.98438e-04     8.75139e+02
    1.99584e-04     8.80014e+02
    2.00736e-04     8.84916e+02
    2.01896e-04     8.89845e+02
    2.03062e-04     8.94802e+02
    2.04235e-04     8.99786e+02
    2.05414e-04     9.04797e+02
    2.06600e-04     9.09837e+02
    2.07794e-04     9.14904e+02
    2.08994e-04     9.20000e+02
    2.10201e-04     9.25124e+02
    2.11415e-04     9.30276e+02
    2.12636e-04     9.35457e+02
    2.13864e-04     9.40666e+02
    2.15099e-04     9.45904e+02
    2.16341e-04     9.51172e+02
    2.17591e-04     9.56468e+02
    2.18848e-04     9.61794e+02
    2.20112e-04     9.67150e+02
    2.21383e-04     9.72535e+02
    2.22661e-04     9.77950e+02
    2.23947e-04     9.83395e+02
    2.25241e-04     9.88870e+02
    2.26542e-04     9.94375e+02
    2.27850e-04     9.99911e+02
    2.29166e-04     1.00548e+03
    2.30489e-04     1.01108e+03
    2.31821e-04     1.01670e+03
    2.33160e-04     1.02236e+03
    2.34506e-04     1.02805e+03
    2.35861e-04     1.03378e+03
    2.37223e-04     1.03953e+03
    2.38593e-04     1.04532e+03
    2.39971e-04     1.05113e+03
    2.41357e-04     1.05698e+03
    2.42751e-04     1.06287e+03
    2.44153e-04     1.06878e+03
    2.45563e-04     1.07473e+03
    2.46981e-04     1.08071e+03
    2.48407e-04     1.08672e+03
    2.49842e-04     1.09277e+03
    2.51285e-04     1.09885e+03
    2.52736e-04     1.10497e+03
    2.54196e-04     1.11111e+03
    2.55664e-04     1.11730e+03
    2.57141e-04     1.12351e+03
    2.58626e-04     1.12976e+03
    2.60120e-04     1.13605e+03
    2.61622e-04     1.14237e+03
    2.63133e-04     1.14872e+03
    2.64653e-04     1.15511e+03
    2.66181e-04     1.16154e+03
    2.67718e-04     1.16800e+03
    2.69265e-04     1.17449e+03
    2.70820e-04     1.18102e+03
    2.72384e-04     1.18759e+03
    2.73957e-04     1.19420e+03
    2.75539e-04     1.20084e+03
    2.77131e-04     1.20752e+03
    2.78731e-04     1.21423e+03
    2.80341e-04     1.22098e+03
    2.81960e-04     1.22777e+03
    2.83589e-04     1.23460e+03
    2.85226e-04     1.24146e+03
    2.86874e-04     1.24836e+03
    2.88531e-04     1.25530e+03
    2.90197e-04     1.26228e+03
    2.91873e-04     1.26930e+03
    2.93559e-04     1.27635e+03
    2.95254e-04     1.28344e+03
    2.96959e-04     1.29058e+03
    2.98674e-04     1.29775e+03
    3.00399e-04     1.30496e+03
    3.02134e-04     1.31221e+03
    3.03879e-04     1.31950e+03
    3.05634e-04     1.32684e+03
    3.07400e-04     1.33421e+03
    3.09175e-04     1.34162e+03
    3.10961e-04     1.34907e+03
    3.12756e-04     1.35657e+03
    3.14563e-04     1.36411e+03
    3.16380e-04     1.37168e+03
    3.18207e-04     1.37930e+03
    3.20045e-04     1.38696e+03
    3.21893e-04     1.39466e+03
    3.23752e-04     1.40241e+03
    3.25622e-04     1.41020e+03
    3.27503e-04     1.41803e+03
    3.29394e-04     1.42590e+03
    3.31296e-04     1.43382e+03
    3.33210e-04     1.44178e+03
    3.35134e-04     1.44978e+03
    3.37070e-04     1.45783e+03
    3.39017e-04     1.46592e+03
    3.40975e-04     1.47406e+03
    3.42944e-04     1.48224e+03
    3.44925e-04     1.49047e+03
    3.46917e-04     1.49874e+03
    3.48920e-04     1.50706e+03
    3.50935e-04     1.51542e+03
    3.52962e-04     1.52383e+03
    3.55001e-04     1.53228e+03
    3.57051e-04     1.54078e+03
    3.59113e-04     1.54933e+03
    3.61187e-04     1.55793e+03
    3.63273e-04     1.56657e+03
    3.65371e-04     1.57526e+03
    3.67482e-04     1.58399e+03
    3.69604e-04     1.59278e+03
    3.71739e-04     1.60161e+03
    3.73886e-04     1.61049e+03
    3.76045e-04     1.61942e+03
    3.78217e-04     1.62840e+03
    3.80401e-04     1.63742e+03
    3.82598e-04     1.64650e+03
    3.84808e-04     1.65563e+03
    3.87030e-04     1.66480e+03
    3.89266e-04     1.67403e+03
    3.91514e-04     1.68331e+03
    3.93775e-04     1.69263e+03
    3.96049e-04     1.70201e+03
    3.98337e-04     1.71144e+03
    4.00637e-04     1.72092e+03
    4.02951e-04     1.73046e+03
    4.05278e-04     1.74004e+03
    4.07619e-04     1.74968e+03
    4.09973e-04     1.75937e+03
    4.12341e-04     1.76911e+03
    4.14722e-04     1.77891e+03
    4.17118e-04     1.78875e+03
    4.19527e-04     1.79866e+03
    4.21950e-04     1.80861e+03
    4.24387e-04     1.81863e+03
    4.26838e-04     1.82869e+03
    4.29303e-04     1.83881e+03
    4.31782e-04     1.84899e+03
    4.34276e-04     1.85922e+03
    4.36784e-04     1.86950e+03
    4.39307e-04     1.87985e+03
    4.41844e-04     1.89024e+03
    4.44396e-04     1.90070e+03
    4.46962e-04     1.91121e+03
    4.49544e-04     1.92178e+03
    4.52140e-04     1.93241e+03
    4.54751e-04     1.94309e+03
    4.57378e-04     1.95383e+03
    4.60019e-04     1.96463e+03
    4.62676e-04     1.97549e+03
    4.65348e-04     1.98641e+03
    4.68036e-04     1.99739e+03
    4.70739e-04     2.00843e+03
    4.73458e-04     2.01952e+03
    4.76192e-04     2.03068e+03
    4.78943e-04     2.04190e+03
    4.81709e-04     2.05317e+03
    4.84491e-04     2.06451e+03
    4.87289e-04     2.07591e+03
    4.90103e-04     2.08737e+03
    4.92934e-04     2.09890e+03
    4.95781e-04     2.11048e+03
    4.98644e-04     2.12213e+03
    5.01524e-04     2.13384e+03
    5.04421e-04     2.14562e+03
    5.07334e-04     2.15746e+03
    5.10264e-04     2.16936e+03
    5.13211e-04     2.18133e+03
    5.16175e-04     2.19336e+03
    5.19156e-04     2.20545e+03
    5.22155e-04     2.21762e+03
    5.25170e-04     2.22984e+03
    5.28203e-04     2.24214e+03
    5.31254e-04     2.25449e+03
    5.34322e-04     2.26692e+03
    5.37408e-04     2.27941e+03
    5.40512e-04     2.29197e+03
    5.43634e-04     2.30460e+03
    5.46773e-04     2.31729e+03
    5.49931e-04     2.33006e+03
    5.53107e-04     2.34289e+03
    5.56302e-04     2.35579e+03
    5.59515e-04     2.36876e+03
    5.62746e-04     2.38180e+03
    5.65996e-04     2.39491e+03
    5.69265e-04     2.40809e+03
    5.72553e-04     2.42134e+03
    5.75860e-04     2.43466e+03
    5.79186e-04     2.44805e+03
    5.82531e-04     2.46152e+03
    5.85895e-04     2.47505e+03
    5.89279e-04     2.48866e+03
    5.92682e-04     2.50234e+03
    5.96105e-04     2.51610e+03
    5.99548e-04     2.52993e+03
    6.03011e-04     2.54383e+03
    6.06494e-04     2.55780e+03
    6.09996e-04     2.57186e+03
    6.13519e-04     2.58598e+03
    6.17063e-04     2.60018e+03
    6.20627e-04     2.61446e+03
    6.24211e-04     2.62881e+03
    6.27816e-04     2.64324e+03
    6.31442e-04     2.65775e+03
    6.35089e-04     2.67233e+03
    6.38757e-04     2.68699e+03
    6.42446e-04     2.70173e+03
    6.46156e-04     2.71655e+03
    6.49888e-04     2.73144e+03
    6.53642e-04     2.74642e+03
    6.57417e-04     2.76147e+03
    6.61214e-04     2.77661e+03
    6.65032e-04     2.79182e+03
    6.68873e-04     2.80712e+03
    6.72736e-04     2.82249e+03
    6.76622e-04     2.83795e+03
    6.80530e-04     2.85349e+03
    6.84460e-04     2.86911e+03
    6.88413e-04     2.88481e+03
    6.92389e-04     2.90060e+03
    6.96388e-04     2.91647e+03
    7.00410e-04     2.93242e+03
    7.04455e-04     2.94846e+03
    7.08524e-04     2.96458e+03
    7.12616e-04     2.98079e+03
    7.16731e-04     2.99708e+03
    7.20871e-04     3.01346e+03
    7.25034e-04     3.02993e+03
    7.29222e-04     3.04648e+03
    7.33433e-04     3.06312e+03
    7.37669e-04     3.07984e+03
    7.41930e-04     3.09666e+03
    7.46215e-04     3.11356e+03
    7.50524e-04     3.13055e+03
    7.54859e-04     3.14763e+03
    7.59219e-04     3.16480e+03
    7.63603e-04     3.18206e+03
    7.68014e-04     3.19940e+03
    7.72449e-04     3.21684e+03
    7.76910e-04     3.23438e+03
    7.81398e-04     3.25200e+03
    7.85910e-04     3.26971e+03
    7.90449e-04     3.28752e+03
    7.95015e-04     3.30542e+03
    7.99606e-04     3.32341e+03
    8.04224e-04     3.34150e+03
    8.08869e-04     3.35968e+03
    8.13541e-04     3.37795e+03
    8.18239e-04     3.39632e+03
    8.22965e-04     3.41479e+03
    8.27718e-04     3.43335e+03
    8.32499e-04     3.45201e+03
    8.37307e-04     3.47076e+03
    8.42142e-04     3.48961e+03
    8.47006e-04     3.50856e+03
    8.51898e-04     3.52761e+03
    8.56818e-04     3.54676e+03
    8.61767e-04     3.56600e+03
    8.66744e-04     3.58535e+03
    8.71750e-04     3.60479e+03
    8.76785e-04     3.62433e+03
    8.81848e-04     3.64398e+03
    8.86941e-04     3.66372e+03
    8.92064e-04     3.68357e+03
    8.97216e-04     3.70352e+03
    9.02398e-04     3.72357e+03
    9.07610e-04     3.74373e+03
    9.12852e-04     3.76399e+03
    9.18124e-04     3.78435e+03
    9.23426e-04     3.80481e+03
    9.28760e-04     3.82539e+03
    9.34124e-04     3.84606e+03
    9.39519e-04     3.86684e+03
    9.44945e-04     3.88773e+03
    9.50402e-04     3.90873e+03
    9.55891e-04     3.92983e+03
    9.61412e-04     3.95104e+03
    9.66965e-04     3.97236e+03
    9.72549e-04     3.99378e+03
    9.78166e-04     4.01532e+03
    9.83816e-04     4.03696e+03
    9.89498e-04     4.05871e+03
    9.95212e-04     4.08058e+03
    1.00096e-03     4.10255e+03
    1.00674e-03     4.12464e+03
    1.01256e-03     4.14684e+03
    1.01840e-03     4.16915e+03
    1.02429e-03     4.19157e+03
    1.03020e-03     4.21411e+03
    1.03615e-03     4.23676e+03
    1.04214e-03     4.25952e+03
    1.04815e-03     4.28240e+03
    1.05421e-03     4.30539e+03
    1.06030e-03     4.32850e+03
    1.06642e-03     4.35173e+03
    1.07258e-03     4.37507e+03
    1.07877e-03     4.39853e+03
    1.08500e-03     4.42210e+03
    1.09127e-03     4.44579e+03
    1.09757e-03     4.46961e+03
    1.10391e-03     4.49354e+03
    1.11029e-03     4.51759e+03
    1.11670e-03     4.54176e+03
    1.12315e-03     4.56604e+03
    1.12964e-03     4.59045e+03
    1.13616e-03     4.61499e+03
    1.14272e-03     4.63964e+03
    1.14932e-03     4.66441e+03
    1.15596e-03     4.68931e+03
    1.16264e-03     4.71433e+03
    1.16935e-03     4.73947e+03
    1.17610e-03     4.76474e+03
    1.18290e-03     4.79013e+03
    1.18973e-03     4.81565e+03
    1.19660e-03     4.84129e+03
    1.20351e-03     4.86706e+03
    1.21046e-03     4.89295e+03
    1.21745e-03     4.91897e+03
    1.22448e-03     4.94512e+03
    1.23156e-03     4.97140e+03
    1.23867e-03     4.99780e+03
    1.24582e-03     5.02433e+03
    1.25302e-03     5.05099e+03
    1.26026e-03     5.07778e+03
    1.26753e-03     5.10470e+03
    1.27485e-03     5.13175e+03
    1.28222e-03     5.15894e+03
    1.28962e-03     5.18625e+03
    1.29707e-03     5.21370e+03
    1.30456e-03     5.24127e+03
    1.31210e-03     5.26899e+03
    1.31967e-03     5.29683e+03
    1.32730e-03     5.32481e+03
    1.33496e-03     5.35292e+03
    1.34267e-03     5.38117e+03
    1.35043e-03     5.40955e+03
    1.35823e-03     5.43807e+03
    1.36607e-03     5.46672e+03
    1.37396e-03     5.49551e+03
    1.38190e-03     5.52444e+03
    1.38988e-03     5.55350e+03
    1.39790e-03     5.58271e+03
    1.40598e-03     5.61205e+03
    1.41410e-03     5.64153e+03
    1.42226e-03     5.67115e+03
    1.43048e-03     5.70091e+03
    1.43874e-03     5.73081e+03
    1.44705e-03     5.76085e+03
    1.45541e-03     5.79103e+03
    1.46381e-03     5.82135e+03
    1.47227e-03     5.85181e+03
    1.48077e-03     5.88242e+03
    1.48932e-03     5.91317e+03
    1.49792e-03     5.94406e+03
    1.50658e-03     5.97510e+03
    1.51528e-03     6.00628e+03
    1.52403e-03     6.03761e+03
    1.53283e-03     6.06908e+03
    1.54168e-03     6.10070e+03
    1.55059e-03     6.13246e+03
    1.55954e-03     6.16437e+03
    1.56855e-03     6.19643e+03
    1.57761e-03     6.22863e+03
    1.58672e-03     6.26098e+03
    1.59588e-03     6.29348e+03
    1.60510e-03     6.32613e+03
    1.61437e-03     6.35893e+03
    1.62369e-03     6.39187e+03
    1.63307e-03     6.42497e+03
    1.64250e-03     6.45822e+03
    1.65199e-03     6.49162e+03
    1.66153e-03     6.52517e+03
    1.67113e-03     6.55887e+03
    1.68078e-03     6.59272e+03
    1.69049e-03     6.62673e+03
    1.70025e-03     6.66089e+03
    1.71007e-03     6.69520e+03
    1.71995e-03     6.72966e+03
    1.72988e-03     6.76428e+03
    1.73987e-03     6.79906e+03
    1.74992e-03     6.83398e+03
    1.76003e-03     6.86907e+03
    1.77019e-03     6.90431e+03
    1.78041e-03     6.93970e+03
    1.79070e-03     6.97525e+03
    1.80104e-03     7.01096e+03
    1.81144e-03     7.04682e+03
    1.82190e-03     7.08284e+03
    1.83243e-03     7.11902e+03
    1.84301e-03     7.15536e+03
    1.85365e-03     7.19186e+03
    1.86436e-03     7.22851e+03
    1.87513e-03     7.26532e+03
    1.88596e-03     7.30229e+03
    1.89685e-03     7.33942e+03
    1.90780e-03     7.37672e+03
    1.91882e-03     7.41417e+03
    1.92990e-03     7.45178e+03
    1.94105e-03     7.48955e+03
    1.95226e-03     7.52749e+03
    1.96354e-03     7.56558e+03
    1.97488e-03     7.60384e+03
    1.98628e-03     7.64226e+03
    1.99775e-03     7.68084e+03
    2.00929e-03     7.71959e+03
    2.02090e-03     7.75850e+03
    2.03257e-03     7.79757e+03
    2.04431e-03     7.83681e+03
    2.05611e-03     7.87621e+03
    2.06799e-03     7.91577e+03
    2.07993e-03     7.95550e+03
    2.09194e-03     7.99539e+03
    2.10403e-03     8.03545e+03
    2.11618e-03     8.07567e+03
    2.12840e-03     8.11606e+03
    2.14069e-03     8.15661e+03
    2.15306e-03     8.19733e+03
    2.16549e-03     8.23822e+03
    2.17800e-03     8.27927e+03
    2.19058e-03     8.32049e+03
    2.20323e-03     8.36188e+03
    2.21595e-03     8.40343e+03
    2.22875e-03     8.44515e+03
    2.24162e-03     8.48704e+03
    2.25457e-03     8.52909e+03
    2.26759e-03     8.57131e+03
    2.28069e-03     8.61370e+03
    2.29386e-03     8.65626e+03
    2.30711e-03     8.69899e+03
    2.32043e-03     8.74188e+03
    2.33383e-03     8.78494e+03
    2.34731e-03     8.82817e+03
    2.36087e-03     8.87157e+03
    2.37451e-03     8.91514e+03
    2.38822e-03     8.95888e+03
    2.40201e-03     9.00279e+03
    2.41589e-03     9.04686e+03
    2.42984e-03     9.09111e+03
    2.44387e-03     9.13552e+03
    2.45799e-03     9.18010e+03
    2.47218e-03     9.22486e+03
    2.48646e-03     9.26978e+03
    2.50082e-03     9.31487e+03
    2.51526e-03     9.36013e+03
    2.52979e-03     9.40556e+03
    2.54440e-03     9.45116e+03
    2.55910e-03     9.49694e+03
    2.57388e-03     9.54288e+03
    2.58874e-03     9.58899e+03
    2.60369e-03     9.63527e+03
    2.61873e-03     9.68172e+03
    2.63386e-03     9.72834e+03
    2.64907e-03     9.77513e+03
    2.66437e-03     9.82209e+03
    2.67975e-03     9.86922e+03
    2.69523e-03     9.91652e+03
    2.71080e-03     9.96399e+03
    2.72645e-03     1.00116e+04
    2.74220e-03     1.00594e+04
    2.75804e-03     1.01074e+04
    2.77397e-03     1.01556e+04
    2.78999e-03     1.02039e+04
    2.80610e-03     1.02524e+04
    2.82231e-03     1.03010e+04
    2.83861e-03     1.03498e+04
    2.85500e-03     1.03988e+04
    2.87149e-03     1.04480e+04
    2.88808e-03     1.04973e+04
    2.90476e-03     1.05468e+04
    2.92153e-03     1.05965e+04
    2.93841e-03     1.06463e+04
    2.95538e-03     1.06963e+04
    2.97244e-03     1.07465e+04
    2.98961e-03     1.07968e+04
    3.00688e-03     1.08473e+04
    3.02424e-03     1.08980e+04
    3.04171e-03     1.09488e+04
    3.05928e-03     1.09998e+04
    3.07695e-03     1.10510e+04
    3.09472e-03     1.11023e+04
    3.11259e-03     1.11538e+04
    3.13057e-03     1.12055e+04
    3.14865e-03     1.12573e+04
    3.16683e-03     1.13093e+04
    3.18512e-03     1.13614e+04
    3.20352e-03     1.14137e+04
    3.22202e-03     1.14662e+04
    3.24063e-03     1.15189e+04
    3.25935e-03     1.15717e+04
    3.27817e-03     1.16246e+04
    3.29710e-03     1.16778e+04
    3.31615e-03     1.17311e+04
    3.33530e-03     1.17845e+04
    3.35456e-03     1.18381e+04
    3.37394e-03     1.18919e+04
    3.39342e-03     1.19458e+04
    3.41302e-03     1.19999e+04
    3.43273e-03     1.20542e+04
    3.45256e-03     1.21086e+04
    3.47250e-03     1.21631e+04
    3.49255e-03     1.22178e+04
    3.51272e-03     1.22727e+04
    3.53301e-03     1.23277e+04
    3.55342e-03     1.23829e+04
    3.57394e-03     1.24383e+04
    3.59458e-03     1.24937e+04
    3.61534e-03     1.25494e+04
    3.63622e-03     1.26052e+04
    3.65722e-03     1.26611e+04
    3.67834e-03     1.27172e+04
    3.69959e-03     1.27735e+04
    3.72096e-03     1.28299e+04
    3.74245e-03     1.28864e+04
    3.76406e-03     1.29431e+04
    3.78580e-03     1.29999e+04
    3.80766e-03     1.30569e+04
    3.82965e-03     1.31140e+04
    3.85177e-03     1.31713e+04
    3.87402e-03     1.32287e+04
    3.89639e-03     1.32863e+04
    3.91890e-03     1.33440e+04
    3.94153e-03     1.34018e+04
    3.96429e-03     1.34598e+04
    3.98719e-03     1.35179e+04
    4.01022e-03     1.35761e+04
    4.03338e-03     1.36345e+04
    4.05667e-03     1.36931e+04
    4.08010e-03     1.37517e+04
    4.10367e-03     1.38105e+04
    4.12737e-03     1.38695e+04
    4.15121e-03     1.39285e+04
    4.17518e-03     1.39877e+04
    4.19929e-03     1.40470e+04
    4.22355e-03     1.41065e+04
    4.24794e-03     1.41661e+04
    4.27247e-03     1.42258e+04
    4.29715e-03     1.42856e+04
    4.32197e-03     1.43455e+04
    4.34693e-03     1.44056e+04
    4.37203e-03     1.44658e+04
    4.39729e-03     1.45261e+04
    4.42268e-03     1.45866e+04
    4.44822e-03     1.46471e+04
    4.47392e-03     1.47078e+04
    4.49975e-03     1.47686e+04
    4.52574e-03     1.48295e+04
    4.55188e-03     1.48905e+04
    4.57817e-03     1.49516e+04
    4.60461e-03     1.50128e+04
    4.63121e-03     1.50742e+04
    4.65795e-03     1.51356e+04
    4.68485e-03     1.51972e+04
    4.71191e-03     1.52588e+04
    4.73913e-03     1.53206e+04
    4.76650e-03     1.53824e+04
    4.79402e-03     1.54444e+04
    4.82171e-03     1.55064e+04
    4.84956e-03     1.55685e+04
    4.87757e-03     1.56308e+04
    4.90574e-03     1.56931e+04
    4.93407e-03     1.57555e+04
    4.96257e-03     1.58180e+04
    4.99123e-03     1.58806e+04
    5.02006e-03     1.59433e+04
    5.04905e-03     1.60061e+04
    5.07821e-03     1.60689e+04
    5.10754e-03     1.61318e+04
    5.13704e-03     1.61948e+04
    5.16671e-03     1.62579e+04
    5.19655e-03     1.63210e+04
    5.22656e-03     1.63843e+04
    5.25675e-03     1.64476e+04
    5.28711e-03     1.65109e+04
    5.31764e-03     1.65744e+04
    5.34835e-03     1.66378e+04
    5.37924e-03     1.67014e+04
    5.41031e-03     1.67650e+04
    5.44156e-03     1.68287e+04
    5.47299e-03     1.68924e+04
    5.50459e-03     1.69562e+04
    5.53639e-03     1.70200e+04
    5.56836e-03     1.70839e+04
    5.60052e-03     1.71478e+04
    5.63287e-03     1.72118e+04
    5.66540e-03     1.72758e+04
    5.69812e-03     1.73399e+04
    5.73103e-03     1.74039e+04
    5.76413e-03     1.74681e+04
    5.79742e-03     1.75322e+04
    5.83090e-03     1.75964e+04
    5.86458e-03     1.76606e+04
    5.89845e-03     1.77248e+04
    5.93252e-03     1.77891e+04
    5.96678e-03     1.78534e+04
    6.00124e-03     1.79177e+04
    6.03590e-03     1.79820e+04
    6.07076e-03     1.80463e+04
    6.10582e-03     1.81106e+04
    6.14108e-03     1.81749e+04
    6.17655e-03     1.82393e+04
    6.21223e-03     1.83036e+04
    6.24810e-03     1.83679e+04
    6.28419e-03     1.84322e+04
    6.32048e-03     1.84966e+04
    6.35699e-03     1.85609e+04
    6.39370e-03     1.86251e+04
    6.43063e-03     1.86894e+04
    6.46777e-03     1.87537e+04
    6.50512e-03     1.88179e+04
    6.54269e-03     1.88821e+04
    6.58048e-03     1.89463e+04
    6.61849e-03     1.90104e+04
    6.65671e-03     1.90746e+04
    6.69516e-03     1.91386e+04
    6.73382e-03     1.92027e+04
    6.77272e-03     1.92667e+04
    6.81183e-03     1.93306e+04
    6.85117e-03     1.93945e+04
    6.89074e-03     1.94583e+04
    6.93054e-03     1.95221e+04
    6.97057e-03     1.95858e+04
    7.01082e-03     1.96495e+04
    7.05131e-03     1.97130e+04
    7.09204e-03     1.97765e+04
    7.13300e-03     1.98400e+04
    7.17420e-03     1.99033e+04
    7.21563e-03     1.99666e+04
    7.25730e-03     2.00298e+04
    7.29922e-03     2.00928e+04
    7.34137e-03     2.01558e+04
    7.38377e-03     2.02187e+04
    7.42642e-03     2.02815e+04
    7.46931e-03     2.03442e+04
    7.51245e-03     2.04068e+04
    7.55584e-03     2.04692e+04
    7.59948e-03     2.05316e+04
    7.64337e-03     2.05938e+04
    7.68751e-03     2.06559e+04
    7.73191e-03     2.07178e+04
    7.77657e-03     2.07797e+04
    7.82148e-03     2.08414e+04
    7.86665e-03     2.09029e+04
    7.91209e-03     2.09643e+04
    7.95778e-03     2.10256e+04
    8.00374e-03     2.10867e+04
    8.04997e-03     2.11476e+04
    8.09646e-03     2.12084e+04
    8.14322e-03     2.12690e+04
    8.19025e-03     2.13295e+04
    8.23755e-03     2.13897e+04
    8.28513e-03     2.14498e+04
    8.33298e-03     2.15098e+04
    8.38111e-03     2.15695e+04
    8.42951e-03     2.16290e+04
    8.47820e-03     2.16883e+04
    8.52716e-03     2.17475e+04
    8.57641e-03     2.18064e+04
    8.62594e-03     2.18651e+04
    8.67576e-03     2.19236e+04
    8.72587e-03     2.19819e+04
    8.77626e-03     2.20399e+04
    8.82695e-03     2.20977e+04
    8.87793e-03     2.21553e+04
    8.92921e-03     2.22126e+04
    8.98078e-03     2.22697e+04
    9.03264e-03     2.23265e+04
    9.08481e-03     2.23831e+04
    9.13728e-03     2.24394e+04
    9.19005e-03     2.24954e+04
    9.24313e-03     2.25512e+04
    9.29651e-03     2.26067e+04
    9.35021e-03     2.26619e+04
    9.40421e-03     2.27168e+04
    9.45852e-03     2.27714e+04
    9.51315e-03     2.28257e+04
    9.56809e-03     2.28797e+04
    9.62335e-03     2.29334e+04
    9.67893e-03     2.29868e+04
    9.73483e-03     2.30398e+04
    9.79106e-03     2.30926e+04
    9.84760e-03     2.31450e+04
    9.90448e-03     2.31970e+04
    9.96168e-03     2.32488e+04
    1.00192e-02     2.33001e+04
    1.00771e-02     2.33512e+04
    1.01353e-02     2.34018e+04
    1.01938e-02     2.34521e+04
    1.02527e-02     2.35020e+04
    1.03119e-02     2.35516e+04
    1.03715e-02     2.36008e+04
    1.04314e-02     2.36496e+04
    1.04916e-02     2.36979e+04
    1.05522e-02     2.37459e+04
    1.06131e-02     2.37935e+04
    1.06744e-02     2.38407e+04
    1.07361e-02     2.38875e+04
    1.07981e-02     2.39338e+04
    1.08605e-02     2.39797e+04
    1.09232e-02     2.40252e+04
    1.09863e-02     2.40702e+04
    1.10497e-02     2.41148e+04
    1.11135e-02     2.41589e+04
    1.11777e-02     2.42025e+04
    1.12423e-02     2.42457e+04
    1.13072e-02     2.42884e+04
    1.13725e-02     2.43306e+04
    1.14382e-02     2.43724e+04
    1.15043e-02     2.44136e+04
    1.15707e-02     2.44544e+04
    1.16375e-02     2.44946e+04
    1.17047e-02     2.45343e+04
    1.17723e-02     2.45735e+04
    1.18403e-02     2.46122e+04
    1.19087e-02     2.46503e+04
    1.19775e-02     2.46879e+04
    1.20467e-02     2.47250e+04
    1.21162e-02     2.47615e+04
    1.21862e-02     2.47974e+04
    1.22566e-02     2.48328e+04
    1.23274e-02     2.48676e+04
    1.23986e-02     2.49019e+04
    1.24702e-02     2.49355e+04
    1.25422e-02     2.49686e+04
    1.26147e-02     2.50010e+04
    1.26875e-02     2.50329e+04
    1.27608e-02     2.50641e+04
    1.28345e-02     2.50948e+04
    1.29086e-02     2.51248e+04
    1.29832e-02     2.51542e+04
    1.30581e-02     2.51829e+04
    1.31336e-02     2.52111e+04
    1.32094e-02     2.52385e+04
    1.32857e-02     2.52654e+04
    1.33624e-02     2.52915e+04
    1.34396e-02     2.53170e+04
    1.35172e-02     2.53418e+04
    1.35953e-02     2.53660e+04
    1.36738e-02     2.53894e+04
    1.37528e-02     2.54122e+04
    1.38322e-02     2.54342e+04
    1.39121e-02     2.54556e+04
    1.39925e-02     2.54762e+04
    1.40733e-02     2.54961e+04
    1.41546e-02     2.55152e+04
    1.42363e-02     2.55337e+04
    1.43185e-02     2.55514e+04
    1.44012e-02     2.55683e+04
    1.44844e-02     2.55845e+04
    1.45680e-02     2.55999e+04
    1.46522e-02     2.56145e+04
    1.47368e-02     2.56284e+04
    1.48219e-02     2.56415e+04
    1.49075e-02     2.56538e+04
    1.49936e-02     2.56653e+04
    1.50802e-02     2.56759e+04
    1.51673e-02     2.56858e+04
    1.52549e-02     2.56949e+04
    1.53430e-02     2.57031e+04
    1.54316e-02     2.57106e+04
    1.55208e-02     2.57171e+04
    1.56104e-02     2.57229e+04
    1.57006e-02     2.57278e+04
    1.57912e-02     2.57319e+04
    1.58824e-02     2.57351e+04
    1.59742e-02     2.57374e+04
    1.60664e-02     2.57389e+04
    1.61592e-02     2.57395e+04
    1.62525e-02     2.57392e+04
    1.63464e-02     2.57380e+04
    1.64408e-02     2.57360e+04
    1.65358e-02     2.57330e+04
    1.66313e-02     2.57292e+04
    1.67273e-02     2.57245e+04
    1.68239e-02     2.57188e+04
    1.69211e-02     2.57123e+04
    1.70188e-02     2.57048e+04
    1.71171e-02     2.56964e+04
    1.72160e-02     2.56870e+04
    1.73154e-02     2.56767e+04
    1.74154e-02     2.56655e+04
    1.75160e-02     2.56534e+04
    1.76172e-02     2.56403e+04
    1.77189e-02     2.56262e+04
    1.78212e-02     2.56112e+04
    1.79242e-02     2.55952e+04
    1.80277e-02     2.55782e+04
    1.81318e-02     2.55603e+04
    1.82365e-02     2.55414e+04
    1.83418e-02     2.55215e+04
    1.84478e-02     2.55006e+04
    1.85543e-02     2.54788e+04
    1.86615e-02     2.54559e+04
    1.87693e-02     2.54321e+04
    1.88777e-02     2.54072e+04
    1.89867e-02     2.53814e+04
    1.90964e-02     2.53546e+04
    1.92066e-02     2.53267e+04
    1.93176e-02     2.52979e+04
    1.94291e-02     2.52680e+04
    1.95414e-02     2.52371e+04
    1.96542e-02     2.52052e+04
    1.97677e-02     2.51723e+04
    1.98819e-02     2.51384e+04
    1.99967e-02     2.51034e+04
    2.01122e-02     2.50675e+04
    2.02284e-02     2.50305e+04
    2.03452e-02     2.49924e+04
    2.04627e-02     2.49534e+04
    2.05809e-02     2.49133e+04
    2.06997e-02     2.48722e+04
    2.08193e-02     2.48301e+04
    2.09395e-02     2.47869e+04
    2.10605e-02     2.47427e+04
    2.11821e-02     2.46975e+04
    2.13044e-02     2.46513e+04
    2.14275e-02     2.46041e+04
    2.15512e-02     2.45558e+04
    2.16757e-02     2.45066e+04
    2.18009e-02     2.44563e+04
    2.19268e-02     2.44050e+04
    2.20534e-02     2.43527e+04
    2.21808e-02     2.42994e+04
    2.23089e-02     2.42452e+04
    2.24378e-02     2.41899e+04
    2.25674e-02     2.41336e+04
    2.26977e-02     2.40764e+04
    2.28288e-02     2.40182e+04
    2.29606e-02     2.39590e+04
    2.30932e-02     2.38988e+04
    2.32266e-02     2.38377e+04
    2.33608e-02     2.37756e+04
    2.34957e-02     2.37126e+04
    2.36314e-02     2.36486e+04
    2.37679e-02     2.35836e+04
    2.39051e-02     2.35177e+04
    2.40432e-02     2.34509e+04
    2.41821e-02     2.33831e+04
    2.43217e-02     2.33145e+04
    2.44622e-02     2.32449e+04
    2.46035e-02     2.31743e+04
    2.47456e-02     2.31029e+04
    2.48885e-02     2.30306e+04
    2.50322e-02     2.29574e+04
    2.51768e-02     2.28833e+04
    2.53222e-02     2.28083e+04
    2.54684e-02     2.27325e+04
    2.56155e-02     2.26558e+04
    2.57635e-02     2.25782e+04
    2.59123e-02     2.24998e+04
    2.60619e-02     2.24205e+04
    2.62125e-02     2.23404e+04
    2.63638e-02     2.22595e+04
    2.65161e-02     2.21777e+04
    2.66693e-02     2.20952e+04
    2.68233e-02     2.20120e+04
    2.69782e-02     2.19280e+04
    2.71340e-02     2.18433e+04
    2.72907e-02     2.17578e+04
    2.74483e-02     2.16717e+04
    2.76069e-02     2.15849e+04
    2.77663e-02     2.14975e+04
    2.79267e-02     2.14094e+04
    2.80880e-02     2.13207e+04
    2.82502e-02     2.12314e+04
    2.84133e-02     2.11415e+04
    2.85774e-02     2.10510e+04
    2.87425e-02     2.09600e+04
    2.89085e-02     2.08685e+04
    2.90755e-02     2.07764e+04
    2.92434e-02     2.06839e+04
    2.94123e-02     2.05908e+04
    2.95821e-02     2.04973e+04
    2.97530e-02     2.04034e+04
    2.99248e-02     2.03090e+04
    3.00977e-02     2.02142e+04
    3.02715e-02     2.01190e+04
    3.04463e-02     2.00235e+04
    3.06222e-02     1.99275e+04
    3.07990e-02     1.98313e+04
    3.09769e-02     1.97346e+04
    3.11558e-02     1.96377e+04
    3.13357e-02     1.95405e+04
    3.15167e-02     1.94429e+04
    3.16987e-02     1.93451e+04
    3.18818e-02     1.92471e+04
    3.20660e-02     1.91488e+04
    3.22512e-02     1.90502e+04
    3.24374e-02     1.89515e+04
    3.26248e-02     1.88526e+04
    3.28132e-02     1.87534e+04
    3.30027e-02     1.86542e+04
    3.31933e-02     1.85547e+04
    3.33850e-02     1.84552e+04
    3.35778e-02     1.83557e+04
    3.37717e-02     1.82560e+04
    3.39668e-02     1.81564e+04
    3.41630e-02     1.80568e+04
    3.43603e-02     1.79572e+04
    3.45587e-02     1.78577e+04
    3.47583e-02     1.77583e+04
    3.49591e-02     1.76591e+04
    3.51610e-02     1.75600e+04
    3.53640e-02     1.74610e+04
    3.55683e-02     1.73623e+04
    3.57737e-02     1.72638e+04
    3.59803e-02     1.71656e+04
    3.61881e-02     1.70676e+04
    3.63971e-02     1.69699e+04
    3.66073e-02     1.68726e+04
    3.68188e-02     1.67756e+04
    3.70314e-02     1.66789e+04
    3.72453e-02     1.65827e+04
    3.74604e-02     1.64868e+04
    3.76767e-02     1.63914e+04
    3.78943e-02     1.62964e+04
    3.81132e-02     1.62019e+04
    3.83333e-02     1.61079e+04
    3.85547e-02     1.60143e+04
    3.87774e-02     1.59213e+04
    3.90013e-02     1.58288e+04
    3.92266e-02     1.57369e+04
    3.94532e-02     1.56456e+04
    3.96810e-02     1.55548e+04
    3.99102e-02     1.54646e+04
    4.01407e-02     1.53751e+04
    4.03725e-02     1.52861e+04
    4.06057e-02     1.51978e+04
    4.08402e-02     1.51102e+04
    4.10761e-02     1.50232e+04
    4.13133e-02     1.49370e+04
    4.15519e-02     1.48514e+04
    4.17919e-02     1.47665e+04
    4.20333e-02     1.46824e+04
    4.22760e-02     1.45990e+04
    4.25202e-02     1.45163e+04
    4.27658e-02     1.44344e+04
    4.30128e-02     1.43533e+04
    4.32612e-02     1.42730e+04
    4.35110e-02     1.41934e+04
    4.37623e-02     1.41147e+04
    4.40151e-02     1.40368e+04
    4.42693e-02     1.39597e+04
    4.45250e-02     1.38834e+04
    4.47821e-02     1.38080e+04
    4.50408e-02     1.37335e+04
    4.53009e-02     1.36598e+04
    4.55625e-02     1.35869e+04
    4.58257e-02     1.35150e+04
    4.60903e-02     1.34439e+04
    4.63565e-02     1.33738e+04
    4.66243e-02     1.33045e+04
    4.68935e-02     1.32361e+04
    4.71644e-02     1.31687e+04
    4.74368e-02     1.31022e+04
    4.77107e-02     1.30366e+04
    4.79863e-02     1.29719e+04
    4.82634e-02     1.29082e+04
    4.85422e-02     1.28453e+04
    4.88225e-02     1.27833e+04
    4.91045e-02     1.27222e+04
    4.93881e-02     1.26619e+04
    4.96733e-02     1.26025e+04
    4.99602e-02     1.25439e+04
    5.02488e-02     1.24861e+04
    5.05390e-02     1.24292e+04
    5.08309e-02     1.23730e+04
    5.11244e-02     1.23176e+04
    5.14197e-02     1.22631e+04
    5.17167e-02     1.22093e+04
    5.20154e-02     1.21562e+04
    5.23158e-02     1.21039e+04
    5.26179e-02     1.20524e+04
    5.29218e-02     1.20016e+04
    5.32275e-02     1.19514e+04
    5.35349e-02     1.19019e+04
    5.38441e-02     1.18531e+04
    5.41551e-02     1.18048e+04
    5.44678e-02     1.17571e+04
    5.47824e-02     1.17100e+04
    5.50988e-02     1.16634e+04
    5.54170e-02     1.16173e+04
    5.57371e-02     1.15717e+04
    5.60590e-02     1.15266e+04
    5.63828e-02     1.14819e+04
    5.67084e-02     1.14376e+04
    5.70359e-02     1.13936e+04
    5.73653e-02     1.13500e+04
    5.76966e-02     1.13067e+04
    5.80299e-02     1.12636e+04
    5.83650e-02     1.12208e+04
    5.87021e-02     1.11781e+04
    5.90411e-02     1.11356e+04
    5.93821e-02     1.10933e+04
    5.97251e-02     1.10510e+04
    6.00700e-02     1.10087e+04
    6.04170e-02     1.09665e+04
    6.07659e-02     1.09242e+04
    6.11168e-02     1.08819e+04
    6.14698e-02     1.08394e+04
    6.18248e-02     1.07969e+04
    6.21819e-02     1.07541e+04
    6.25410e-02     1.07111e+04
    6.29022e-02     1.06678e+04
    6.32655e-02     1.06242e+04
    6.36309e-02     1.05803e+04
    6.39984e-02     1.05360e+04
    6.43680e-02     1.04913e+04
    6.47398e-02     1.04461e+04
    6.51137e-02     1.04004e+04
    6.54898e-02     1.03542e+04
    6.58680e-02     1.03075e+04
    6.62484e-02     1.02601e+04
    6.66310e-02     1.02121e+04
    6.70159e-02     1.01634e+04
    6.74029e-02     1.01141e+04
    6.77922e-02     1.00640e+04
    6.81837e-02     1.00132e+04
    6.85775e-02     9.96157e+03
    6.89736e-02     9.90917e+03
    6.93719e-02     9.85593e+03
    6.97726e-02     9.80184e+03
    7.01756e-02     9.74688e+03
    7.05809e-02     9.69104e+03
    7.09885e-02     9.63430e+03
    7.13985e-02     9.57664e+03
    7.18109e-02     9.51807e+03
    7.22256e-02     9.45856e+03
    7.26427e-02     9.39812e+03
    7.30623e-02     9.33672e+03
    7.34842e-02     9.27439e+03
    7.39087e-02     9.21111e+03
    7.43355e-02     9.14691e+03
    7.47648e-02     9.08178e+03
    7.51966e-02     9.01574e+03
    7.56309e-02     8.94879e+03
    7.60677e-02     8.88095e+03
    7.65071e-02     8.81223e+03
    7.69489e-02     8.74267e+03
    7.73933e-02     8.67230e+03
    7.78403e-02     8.60114e+03
    7.82899e-02     8.52921e+03
    7.87421e-02     8.45656e+03
    7.91968e-02     8.38320e+03
    7.96542e-02     8.30919e+03
    8.01143e-02     8.23457e+03
    8.05770e-02     8.15939e+03
    8.10423e-02     8.08369e+03
    8.15104e-02     8.00752e+03
    8.19812e-02     7.93092e+03
    8.24546e-02     7.85394e+03
    8.29309e-02     7.77666e+03
    8.34098e-02     7.69912e+03
    8.38915e-02     7.62140e+03
    8.43761e-02     7.54354e+03
    8.48634e-02     7.46561e+03
    8.53535e-02     7.38766e+03
    8.58465e-02     7.30977e+03
    8.63423e-02     7.23199e+03
    8.68409e-02     7.15441e+03
    8.73425e-02     7.07709e+03
    8.78469e-02     7.00009e+03
    8.83543e-02     6.92347e+03
    8.88646e-02     6.84729e+03
    8.93778e-02     6.77164e+03
    8.98940e-02     6.69658e+03
    9.04132e-02     6.62216e+03
    9.09354e-02     6.54847e+03
    9.14606e-02     6.47555e+03
    9.19888e-02     6.40346e+03
    9.25201e-02     6.33227e+03
    9.30544e-02     6.26204e+03
    9.35918e-02     6.19281e+03
    9.41324e-02     6.12466e+03
    9.46760e-02     6.05762e+03
    9.52228e-02     5.99175e+03
    9.57728e-02     5.92708e+03
    9.63259e-02     5.86367e+03
    9.68823e-02     5.80154e+03
    9.74418e-02     5.74075e+03
    9.80046e-02     5.68132e+03
    9.85706e-02     5.62328e+03
    9.91399e-02     5.56667e+03
    9.97125e-02     5.51148e+03
    1.00288e-01     5.45776e+03
    1.00868e-01     5.40550e+03
    1.01450e-01     5.35472e+03
    1.02036e-01     5.30545e+03
    1.02625e-01     5.25766e+03
    1.03218e-01     5.21136e+03
    1.03814e-01     5.16653e+03
    1.04414e-01     5.12317e+03
    1.05017e-01     5.08127e+03
    1.05623e-01     5.04082e+03
    1.06233e-01     5.00177e+03
    1.06847e-01     4.96411e+03
    1.07464e-01     4.92779e+03
    1.08085e-01     4.89278e+03
    1.08709e-01     4.85906e+03
    1.09337e-01     4.82657e+03
    1.09968e-01     4.79527e+03
    1.10603e-01     4.76509e+03
    1.11242e-01     4.73597e+03
    1.11885e-01     4.70785e+03
    1.12531e-01     4.68069e+03
    1.13181e-01     4.65442e+03
    1.13834e-01     4.62895e+03
    1.14492e-01     4.60422e+03
    1.15153e-01     4.58013e+03
    1.15818e-01     4.55662e+03
    1.16487e-01     4.53362e+03
    1.17160e-01     4.51104e+03
    1.17836e-01     4.48879e+03
    1.18517e-01     4.46678e+03
    1.19202e-01     4.44493e+03
    1.19890e-01     4.42316e+03
    1.20582e-01     4.40137e+03
    1.21279e-01     4.37949e+03
    1.21979e-01     4.35743e+03
    1.22684e-01     4.33510e+03
    1.23392e-01     4.31243e+03
    1.24105e-01     4.28933e+03
    1.24822e-01     4.26573e+03
    1.25543e-01     4.24157e+03
    1.26268e-01     4.21677e+03
    1.26997e-01     4.19128e+03
    1.27730e-01     4.16503e+03
    1.28468e-01     4.13798e+03
    1.29210e-01     4.11007e+03
    1.29956e-01     4.08127e+03
    1.30707e-01     4.05155e+03
    1.31462e-01     4.02090e+03
    1.32221e-01     3.98928e+03
    1.32985e-01     3.95669e+03
    1.33753e-01     3.92312e+03
    1.34525e-01     3.88859e+03
    1.35302e-01     3.85311e+03
    1.36084e-01     3.81672e+03
    1.36870e-01     3.77943e+03
    1.37660e-01     3.74128e+03
    1.38455e-01     3.70230e+03
    1.39255e-01     3.66258e+03
    1.40059e-01     3.62217e+03
    1.40868e-01     3.58113e+03
    1.41681e-01     3.53954e+03
    1.42500e-01     3.49745e+03
    1.43323e-01     3.45496e+03
    1.44151e-01     3.41217e+03
    1.44983e-01     3.36917e+03
    1.45820e-01     3.32605e+03
    1.46663e-01     3.28289e+03
    1.47510e-01     3.23978e+03
    1.48362e-01     3.19684e+03
    1.49218e-01     3.15416e+03
    1.50080e-01     3.11184e+03
    1.50947e-01     3.06996e+03
    1.51819e-01     3.02863e+03
    1.52696e-01     2.98792e+03
    1.53578e-01     2.94792e+03
    1.54464e-01     2.90870e+03
    1.55357e-01     2.87036e+03
    1.56254e-01     2.83295e+03
    1.57156e-01     2.79654e+03
    1.58064e-01     2.76118e+03
    1.58977e-01     2.72692e+03
    1.59895e-01     2.69379e+03
    1.60818e-01     2.66182e+03
    1.61747e-01     2.63107e+03
    1.62681e-01     2.60153e+03
    1.63621e-01     2.57322e+03
    1.64566e-01     2.54612e+03
    1.65516e-01     2.52022e+03
    1.66472e-01     2.49551e+03
    1.67434e-01     2.47199e+03
    1.68401e-01     2.44961e+03
    1.69373e-01     2.42832e+03
    1.70352e-01     2.40806e+03
    1.71336e-01     2.38876e+03
    1.72325e-01     2.37038e+03
    1.73320e-01     2.35286e+03
    1.74321e-01     2.33611e+03
    1.75328e-01     2.32006e+03
    1.76341e-01     2.30461e+03
    1.77359e-01     2.28970e+03
    1.78384e-01     2.27523e+03
    1.79414e-01     2.26113e+03
    1.80450e-01     2.24729e+03
    1.81492e-01     2.23362e+03
    1.82540e-01     2.22002e+03
    1.83595e-01     2.20640e+03
    1.84655e-01     2.19265e+03
    1.85721e-01     2.17869e+03
    1.86794e-01     2.16444e+03
    1.87873e-01     2.14981e+03
    1.88958e-01     2.13473e+03
    1.90049e-01     2.11912e+03
    1.91147e-01     2.10291e+03
    1.92251e-01     2.08607e+03
    1.93361e-01     2.06857e+03
    1.94478e-01     2.05040e+03
    1.95601e-01     2.03155e+03
    1.96731e-01     2.01201e+03
    1.97867e-01     1.99178e+03
    1.99010e-01     1.97090e+03
    2.00159e-01     1.94942e+03
    2.01315e-01     1.92739e+03
    2.02478e-01     1.90486e+03
    2.03647e-01     1.88188e+03
    2.04823e-01     1.85852e+03
    2.06006e-01     1.83486e+03
    2.07196e-01     1.81100e+03
    2.08393e-01     1.78702e+03
    2.09596e-01     1.76300e+03
    2.10807e-01     1.73903e+03
    2.12024e-01     1.71518e+03
    2.13249e-01     1.69155e+03
    2.14481e-01     1.66821e+03
    2.15719e-01     1.64524e+03
    2.16965e-01     1.62272e+03
    2.18218e-01     1.60071e+03
    2.19479e-01     1.57926e+03
    2.20746e-01     1.55843e+03
    2.22021e-01     1.53826e+03
    2.23303e-01     1.51878e+03
    2.24593e-01     1.50004e+03
    2.25890e-01     1.48206e+03
    2.27195e-01     1.46484e+03
    2.28507e-01     1.44837e+03
    2.29827e-01     1.43264e+03
    2.31154e-01     1.41765e+03
    2.32489e-01     1.40338e+03
    2.33832e-01     1.38981e+03
    2.35182e-01     1.37687e+03
    2.36541e-01     1.36451e+03
    2.37907e-01     1.35265e+03
    2.39281e-01     1.34125e+03
    2.40663e-01     1.33024e+03
    2.42053e-01     1.31956e+03
    2.43451e-01     1.30912e+03
    2.44857e-01     1.29885e+03
    2.46271e-01     1.28866e+03
    2.47693e-01     1.27848e+03
    2.49124e-01     1.26824e+03
    2.50563e-01     1.25789e+03
    2.52010e-01     1.24737e+03
    2.53465e-01     1.23663e+03
    2.54929e-01     1.22564e+03
    2.56401e-01     1.21434e+03
    2.57882e-01     1.20271e+03
    2.59372e-01     1.19074e+03
    2.60870e-01     1.17844e+03
    2.62376e-01     1.16582e+03
    2.63892e-01     1.15288e+03
    2.65416e-01     1.13963e+03
    2.66949e-01     1.12610e+03
    2.68490e-01     1.11235e+03
    2.70041e-01     1.09842e+03
    2.71601e-01     1.08439e+03
    2.73169e-01     1.07029e+03
    2.74747e-01     1.05617e+03
    2.76334e-01     1.04210e+03
    2.77930e-01     1.02815e+03
    2.79535e-01     1.01438e+03
    2.81149e-01     1.00085e+03
    2.82773e-01     9.87616e+02
    2.84406e-01     9.74731e+02
    2.86049e-01     9.62219e+02
    2.87701e-01     9.50099e+02
    2.89363e-01     9.38389e+02
    2.91034e-01     9.27106e+02
    2.92715e-01     9.16266e+02
    2.94405e-01     9.05868e+02
    2.96105e-01     8.95883e+02
    2.97816e-01     8.86280e+02
    2.99536e-01     8.77028e+02
    3.01266e-01     8.68098e+02
    3.03006e-01     8.59463e+02
    3.04756e-01     8.51083e+02
    3.06516e-01     8.42906e+02
    3.08286e-01     8.34884e+02
    3.10066e-01     8.26969e+02
    3.11857e-01     8.19114e+02
    3.13658e-01     8.11278e+02
    3.15470e-01     8.03423e+02
    3.17292e-01     7.95520e+02
    3.19124e-01     7.87538e+02
    3.20967e-01     7.79450e+02
    3.22821e-01     7.71228e+02
    3.24686e-01     7.62854e+02
    3.26561e-01     7.54338e+02
    3.28447e-01     7.45701e+02
    3.30344e-01     7.36960e+02
    3.32252e-01     7.28134e+02
    3.34171e-01     7.19241e+02
    3.36101e-01     7.10303e+02
    3.38042e-01     7.01356e+02
    3.39994e-01     6.92438e+02
    3.41958e-01     6.83582e+02
    3.43933e-01     6.74822e+02
    3.45919e-01     6.66190e+02
    3.47917e-01     6.57712e+02
    3.49926e-01     6.49407e+02
    3.51947e-01     6.41295e+02
    3.53980e-01     6.33391e+02
    3.56024e-01     6.25712e+02
    3.58081e-01     6.18274e+02
    3.60149e-01     6.11073e+02
    3.62229e-01     6.04089e+02
    3.64321e-01     5.97300e+02
    3.66425e-01     5.90686e+02
    3.68541e-01     5.84227e+02
    3.70670e-01     5.77904e+02
    3.72810e-01     5.71694e+02
    3.74964e-01     5.65571e+02
    3.77129e-01     5.59510e+02
    3.79307e-01     5.53488e+02
    3.81498e-01     5.47480e+02
    3.83701e-01     5.41465e+02
    3.85917e-01     5.35434e+02
    3.88146e-01     5.29384e+02
    3.90388e-01     5.23315e+02
    3.92643e-01     5.17226e+02
    3.94910e-01     5.11118e+02
    3.97191e-01     5.04989e+02
    3.99485e-01     4.98851e+02
    4.01792e-01     4.92721e+02
    4.04113e-01     4.86620e+02
    4.06447e-01     4.80564e+02
    4.08794e-01     4.74571e+02
    4.11155e-01     4.68656e+02
    4.13530e-01     4.62831e+02
    4.15918e-01     4.57102e+02
    4.18320e-01     4.51475e+02
    4.20736e-01     4.45955e+02
    4.23166e-01     4.40547e+02
    4.25610e-01     4.35256e+02
    4.28068e-01     4.30082e+02
    4.30541e-01     4.25015e+02
    4.33027e-01     4.20045e+02
    4.35528e-01     4.15161e+02
    4.38044e-01     4.10355e+02
    4.40573e-01     4.05617e+02
    4.43118e-01     4.00938e+02
    4.45677e-01     3.96308e+02
    4.48251e-01     3.91720e+02
    4.50840e-01     3.87163e+02
    4.53444e-01     3.82629e+02
    4.56063e-01     3.78111e+02
    4.58697e-01     3.73600e+02
    4.61346e-01     3.69098e+02
    4.64010e-01     3.64612e+02
    4.66690e-01     3.60148e+02
    4.69386e-01     3.55714e+02
    4.72097e-01     3.51316e+02
    4.74823e-01     3.46962e+02
    4.77565e-01     3.42656e+02
    4.80324e-01     3.38404e+02
    4.83098e-01     3.34209e+02
    4.85888e-01     3.30077e+02
    4.88694e-01     3.26011e+02
    4.91517e-01     3.22015e+02
    4.94355e-01     3.18092e+02
    4.97210e-01     3.14243e+02
    5.00082e-01     3.10461e+02
    5.02970e-01     3.06736e+02
    5.05875e-01     3.03063e+02
    5.08797e-01     2.99433e+02
    5.11735e-01     2.95840e+02
    5.14691e-01     2.92276e+02
    5.17663e-01     2.88737e+02
    5.20653e-01     2.85224e+02
    5.23660e-01     2.81739e+02
    5.26685e-01     2.78283e+02
    5.29726e-01     2.74857e+02
    5.32786e-01     2.71462e+02
    5.35863e-01     2.68101e+02
    5.38958e-01     2.64773e+02
    5.42071e-01     2.61482e+02
    5.45201e-01     2.58228e+02
    5.48350e-01     2.55013e+02
    5.51517e-01     2.51839e+02
    5.54702e-01     2.48708e+02
    5.57906e-01     2.45620e+02
    5.61128e-01     2.42577e+02
    5.64369e-01     2.39579e+02
    5.67629e-01     2.36623e+02
    5.70907e-01     2.33707e+02
    5.74204e-01     2.30828e+02
    5.77520e-01     2.27983e+02
    5.80856e-01     2.25169e+02
    5.84211e-01     2.22385e+02
    5.87585e-01     2.19627e+02
    5.90978e-01     2.16896e+02
    5.94391e-01     2.14190e+02
    5.97824e-01     2.11512e+02
    6.01277e-01     2.08863e+02
    6.04750e-01     2.06244e+02
    6.08242e-01     2.03655e+02
    6.11755e-01     2.01097e+02
    6.15288e-01     1.98571e+02
    6.18842e-01     1.96078e+02
    6.22416e-01     1.93618e+02
    6.26011e-01     1.91190e+02
    6.29626e-01     1.88793e+02
    6.33263e-01     1.86426e+02
    6.36920e-01     1.84087e+02
    6.40599e-01     1.81777e+02
    6.44298e-01     1.79494e+02
    6.48020e-01     1.77238e+02
    6.51762e-01     1.75007e+02
    6.55526e-01     1.72802e+02
    6.59312e-01     1.70621e+02
    6.63120e-01     1.68465e+02
    6.66950e-01     1.66334e+02
    6.70802e-01     1.64228e+02
    6.74676e-01     1.62146e+02
    6.78573e-01     1.60089e+02
    6.82492e-01     1.58057e+02
    6.86434e-01     1.56050e+02
    6.90398e-01     1.54067e+02
    6.94386e-01     1.52109e+02
    6.98396e-01     1.50175e+02
    7.02430e-01     1.48265e+02
    7.06486e-01     1.46379e+02
    7.10567e-01     1.44516e+02
    7.14671e-01     1.42675e+02
    7.18798e-01     1.40858e+02
    7.22949e-01     1.39062e+02
    7.27125e-01     1.37289e+02
    7.31324e-01     1.35537e+02
    7.35548e-01     1.33806e+02
    7.39796e-01     1.32096e+02
    7.44069e-01     1.30407e+02
    7.48366e-01     1.28739e+02
    7.52688e-01     1.27090e+02
    7.57036e-01     1.25461e+02
    7.61408e-01     1.23852e+02
    7.65805e-01     1.22263e+02
    7.70228e-01     1.20693e+02
    7.74677e-01     1.19142e+02
    7.79151e-01     1.17609e+02
    7.83651e-01     1.16096e+02
    7.88177e-01     1.14601e+02
    7.92729e-01     1.13124e+02
    7.97307e-01     1.11666e+02
    8.01912e-01     1.10225e+02
    8.06543e-01     1.08802e+02
    8.11202e-01     1.07397e+02
    8.15887e-01     1.06009e+02
    8.20599e-01     1.04638e+02
    8.25338e-01     1.03284e+02
    8.30105e-01     1.01947e+02
    8.34899e-01     1.00626e+02
    8.39721e-01     9.93218e+01
    8.44571e-01     9.80337e+01
    8.49449e-01     9.67615e+01
    8.54355e-01     9.55052e+01
    8.59289e-01     9.42645e+01
    8.64252e-01     9.30391e+01
    8.69243e-01     9.18291e+01
    8.74264e-01     9.06341e+01
    8.79313e-01     8.94539e+01
    8.84391e-01     8.82885e+01
    8.89499e-01     8.71376e+01
    8.94636e-01     8.60011e+01
    8.99803e-01     8.48788e+01
    9.05000e-01     8.37705e+01
    9.10227e-01     8.26760e+01
    9.15484e-01     8.15953e+01
    9.20771e-01     8.05281e+01
    9.26089e-01     7.94742e+01
    9.31438e-01     7.84336e+01
    9.36817e-01     7.74061e+01
    9.42228e-01     7.63914e+01
    9.47670e-01     7.53895e+01
    9.53143e-01     7.44002e+01
    9.58648e-01     7.34234e+01
    9.64184e-01     7.24588e+01
    9.69753e-01     7.15064e+01
    9.75354e-01     7.05660e+01
    9.80987e-01     6.96375e+01
    9.86653e-01     6.87207e+01
    9.92351e-01     6.78155e+01
    9.98082e-01     6.69218e+01
    1.00385e+00     6.60393e+01
    1.00964e+00     6.51681e+01
    1.01548e+00     6.43078e+01
    1.02134e+00     6.34585e+01
    1.02724e+00     6.26200e+01
    1.03317e+00     6.17921e+01
    1.03914e+00     6.09747e+01
    1.04514e+00     6.01677e+01
    1.05118e+00     5.93710e+01
    1.05725e+00     5.85844e+01
    1.06335e+00     5.78079e+01
    1.06950e+00     5.70412e+01
    1.07567e+00     5.62843e+01
    1.08188e+00     5.55371e+01
    1.08813e+00     5.47995e+01
    1.09442e+00     5.40712e+01
    1.10074e+00     5.33523e+01
    1.10710e+00     5.26426e+01
    1.11349e+00     5.19420e+01
    1.11992e+00     5.12503e+01
    1.12639e+00     5.05675e+01
    1.13289e+00     4.98935e+01
    1.13944e+00     4.92281e+01
    1.14602e+00     4.85713e+01
    1.15264e+00     4.79229e+01
    1.15929e+00     4.72829e+01
    1.16599e+00     4.66511e+01
    1.17272e+00     4.60274e+01
    1.17950e+00     4.54118e+01
    1.18631e+00     4.48041e+01
    1.19316e+00     4.42043e+01
    1.20005e+00     4.36122e+01
    1.20698e+00     4.30277e+01
    1.21395e+00     4.24508e+01
    1.22096e+00     4.18814e+01
    1.22802e+00     4.13193e+01
    1.23511e+00     4.07646e+01
    1.24224e+00     4.02170e+01
    1.24942e+00     3.96765e+01
    1.25663e+00     3.91430e+01
    1.26389e+00     3.86165e+01
    1.27119e+00     3.80968e+01
    1.27853e+00     3.75838e+01
    1.28591e+00     3.70775e+01
    1.29334e+00     3.65778e+01
    1.30081e+00     3.60847e+01
    1.30832e+00     3.55979e+01
    1.31588e+00     3.51175e+01
    1.32348e+00     3.46433e+01
    1.33112e+00     3.41754e+01
    1.33881e+00     3.37135e+01
    1.34654e+00     3.32577e+01
    1.35432e+00     3.28079e+01
    1.36214e+00     3.23639e+01
    1.37001e+00     3.19258e+01
    1.37792e+00     3.14933e+01
    1.38588e+00     3.10666e+01
    1.39388e+00     3.06454e+01
    1.40193e+00     3.02298e+01
    1.41003e+00     2.98196e+01
    1.41818e+00     2.94148e+01
    1.42637e+00     2.90154e+01
    1.43460e+00     2.86212e+01
    1.44289e+00     2.82321e+01
    1.45122e+00     2.78482e+01
    1.45960e+00     2.74694e+01
    1.46803e+00     2.70955e+01
    1.47651e+00     2.67266e+01
    1.48504e+00     2.63625e+01
    1.49362e+00     2.60033e+01
    1.50224e+00     2.56488e+01
    1.51092e+00     2.52990e+01
    1.51965e+00     2.49538e+01
    1.52842e+00     2.46131e+01
    1.53725e+00     2.42770e+01
    1.54613e+00     2.39453e+01
    1.55506e+00     2.36180e+01
    1.56404e+00     2.32951e+01
    1.57307e+00     2.29764e+01
    1.58216e+00     2.26620e+01
    1.59130e+00     2.23517e+01
    1.60049e+00     2.20456e+01
    1.60973e+00     2.17435e+01
    1.61903e+00     2.14455e+01
    1.62838e+00     2.11514e+01
    1.63778e+00     2.08612e+01
    1.64724e+00     2.05749e+01
    1.65675e+00     2.02925e+01
    1.66632e+00     2.00137e+01
    1.67595e+00     1.97387e+01
    1.68563e+00     1.94674e+01
    1.69536e+00     1.91997e+01
    1.70515e+00     1.89356e+01
    1.71500e+00     1.86749e+01
    1.72491e+00     1.84178e+01
    1.73487e+00     1.81641e+01
    1.74489e+00     1.79139e+01
    1.75496e+00     1.76669e+01
    1.76510e+00     1.74233e+01
    1.77529e+00     1.71829e+01
    1.78555e+00     1.69458e+01
    1.79586e+00     1.67119e+01
    1.80623e+00     1.64810e+01
    1.81666e+00     1.62533e+01
    1.82716e+00     1.60287e+01
    1.83771e+00     1.58070e+01
    1.84832e+00     1.55884e+01
    1.85900e+00     1.53727e+01
    1.86973e+00     1.51599e+01
    1.88053e+00     1.49499e+01
    1.89139e+00     1.47428e+01
    1.90232e+00     1.45385e+01
    1.91330e+00     1.43369e+01
    1.92435e+00     1.41381e+01
    1.93547e+00     1.39419e+01
    1.94665e+00     1.37484e+01
    1.95789e+00     1.35575e+01
    1.96920e+00     1.33692e+01
    1.98057e+00     1.31834e+01
    1.99201e+00     1.30002e+01
    2.00351e+00     1.28194e+01
    2.01509e+00     1.26411e+01
    2.02672e+00     1.24652e+01
    2.03843e+00     1.22916e+01
    2.05020e+00     1.21205e+01
    2.06204e+00     1.19516e+01
    2.07395e+00     1.17851e+01
    2.08593e+00     1.16208e+01
    2.09798e+00     1.14587e+01
    2.11009e+00     1.12988e+01
    2.12228e+00     1.11412e+01
    2.13454e+00     1.09856e+01
    2.14687e+00     1.08322e+01
    2.15927e+00     1.06809e+01
    2.17174e+00     1.05316e+01
    2.18428e+00     1.03843e+01
    2.19689e+00     1.02391e+01
    2.20958e+00     1.00959e+01
    2.22234e+00     9.95457e+00
    2.23518e+00     9.81520e+00
    2.24809e+00     9.67773e+00
    2.26107e+00     9.54215e+00
    2.27413e+00     9.40842e+00
    2.28726e+00     9.27651e+00
    2.30047e+00     9.14641e+00
    2.31376e+00     9.01809e+00
    2.32712e+00     8.89153e+00
    2.34056e+00     8.76670e+00
    2.35408e+00     8.64359e+00
    2.36768e+00     8.52216e+00
    2.38135e+00     8.40239e+00
    2.39511e+00     8.28427e+00
    2.40894e+00     8.16777e+00
    2.42285e+00     8.05287e+00
    2.43684e+00     7.93955e+00
    2.45092e+00     7.82779e+00
    2.46507e+00     7.71756e+00
    2.47931e+00     7.60885e+00
    2.49363e+00     7.50164e+00
    2.50803e+00     7.39590e+00
    2.52252e+00     7.29161e+00
    2.53709e+00     7.18877e+00
    2.55174e+00     7.08734e+00
    2.56648e+00     6.98731e+00
    2.58130e+00     6.88866e+00
    2.59621e+00     6.79137e+00
    2.61120e+00     6.69543e+00
    2.62628e+00     6.60081e+00
    2.64145e+00     6.50749e+00
    2.65671e+00     6.41547e+00
    2.67205e+00     6.32472e+00
    2.68748e+00     6.23522e+00
    2.70300e+00     6.14697e+00
    2.71861e+00     6.05993e+00
    2.73432e+00     5.97410e+00
    2.75011e+00     5.88946e+00
    2.76599e+00     5.80599e+00
    2.78197e+00     5.72368e+00
    2.79803e+00     5.64251e+00
    2.81419e+00     5.56247e+00
    2.83045e+00     5.48354e+00
    2.84679e+00     5.40570e+00
    2.86324e+00     5.32895e+00
    2.87977e+00     5.25326e+00
    2.89640e+00     5.17862e+00
    2.91313e+00     5.10502e+00
    2.92996e+00     5.03245e+00
    2.94688e+00     4.96088e+00
    2.96390e+00     4.89031e+00
    2.98102e+00     4.82073e+00
    2.99823e+00     4.75211e+00
    3.01555e+00     4.68445e+00
    3.03297e+00     4.61773e+00
    3.05048e+00     4.55195e+00
    3.06810e+00     4.48708e+00
    3.08582e+00     4.42312e+00
    3.10364e+00     4.36005e+00
    3.12157e+00     4.29786e+00
    3.13960e+00     4.23654e+00
    3.15773e+00     4.17607e+00
    3.17597e+00     4.11645e+00
    3.19431e+00     4.05767e+00
    3.21276e+00     3.99971e+00
    3.23131e+00     3.94256e+00
    3.24997e+00     3.88621e+00
    3.26874e+00     3.83064e+00
    3.28762e+00     3.77586e+00
    3.30661e+00     3.72185e+00
    3.32571e+00     3.66859e+00
    3.34492e+00     3.61608e+00
    3.36423e+00     3.56431e+00
    3.38366e+00     3.51326e+00
    3.40321e+00     3.46293e+00
    3.42286e+00     3.41330e+00
    3.44263e+00     3.36438e+00
    3.46251e+00     3.31614e+00
    3.48251e+00     3.26858e+00
    3.50262e+00     3.22169e+00
    3.52285e+00     3.17546e+00
    3.54320e+00     3.12987e+00
    3.56366e+00     3.08493e+00
    3.58424e+00     3.04063e+00
    3.60495e+00     2.99695e+00
    3.62577e+00     2.95388e+00
    3.64671e+00     2.91142e+00
    3.66777e+00     2.86956e+00
    3.68895e+00     2.82829e+00
    3.71026e+00     2.78760e+00
    3.73168e+00     2.74749e+00
    3.75324e+00     2.70794e+00
    3.77491e+00     2.66895e+00
    3.79672e+00     2.63051e+00
    3.81864e+00     2.59262e+00
    3.84070e+00     2.55526e+00
    3.86288e+00     2.51843e+00
    3.88519e+00     2.48212e+00
    3.90763e+00     2.44632e+00
    3.93020e+00     2.41103e+00
    3.95290e+00     2.37625e+00
    3.97573e+00     2.34195e+00
    3.99869e+00     2.30814e+00
    4.02178e+00     2.27481e+00
    4.04501e+00     2.24195e+00
    4.06837e+00     2.20956e+00
    4.09187e+00     2.17763e+00
    4.11550e+00     2.14615e+00
    4.13927e+00     2.11512e+00
    4.16318e+00     2.08452e+00
    4.18722e+00     2.05437e+00
    4.21140e+00     2.02464e+00
    4.23573e+00     1.99533e+00
    4.26019e+00     1.96644e+00
    4.28479e+00     1.93797e+00
    4.30954e+00     1.90989e+00
    4.33443e+00     1.88222e+00
    4.35946e+00     1.85494e+00
    4.38464e+00     1.82805e+00
    4.40997e+00     1.80154e+00
    4.43544e+00     1.77541e+00
    4.46105e+00     1.74965e+00
    4.48682e+00     1.72426e+00
    4.51273e+00     1.69924e+00
    4.53879e+00     1.67457e+00
    4.56501e+00     1.65025e+00
    4.59137e+00     1.62628e+00
    4.61789e+00     1.60265e+00
    4.64456e+00     1.57935e+00
    4.67138e+00     1.55640e+00
    4.69836e+00     1.53376e+00
    4.72550e+00     1.51146e+00
    4.75279e+00     1.48947e+00
    4.78024e+00     1.46780e+00
    4.80785e+00     1.44643e+00
    4.83562e+00     1.42537e+00
    4.86354e+00     1.40462e+00
    4.89163e+00     1.38416e+00
    4.91989e+00     1.36399e+00
    4.94830e+00     1.34412e+00
    4.97688e+00     1.32452e+00
    5.00562e+00     1.30521e+00
    5.03453e+00     1.28618e+00
    5.06361e+00     1.26742e+00
    5.09285e+00     1.24893e+00
    5.12227e+00     1.23070e+00
    5.15185e+00     1.21274e+00
    5.18161e+00     1.19503e+00
    5.21153e+00     1.17758e+00
    5.24163e+00     1.16038e+00
    5.27190e+00     1.14342e+00
    5.30235e+00     1.12671e+00
    5.33298e+00     1.11024e+00
    5.36378e+00     1.09401e+00
    5.39475e+00     1.07801e+00
    5.42591e+00     1.06224e+00
    5.45725e+00     1.04670e+00
    5.48877e+00     1.03138e+00
    5.52047e+00     1.01629e+00
    5.55235e+00     1.00141e+00
    5.58442e+00     9.86741e-01
    5.61667e+00     9.72287e-01
    5.64911e+00     9.58042e-01
    5.68174e+00     9.44002e-01
    5.71455e+00     9.30165e-01
    5.74755e+00     9.16528e-01
    5.78075e+00     9.03088e-01
    5.81414e+00     8.89841e-01
    5.84772e+00     8.76786e-01
    5.88149e+00     8.63920e-01
    5.91546e+00     8.51239e-01
    5.94962e+00     8.38742e-01
    5.98398e+00     8.26426e-01
    6.01854e+00     8.14288e-01
    6.05330e+00     8.02325e-01
    6.08826e+00     7.90536e-01
    6.12343e+00     7.78917e-01
    6.15879e+00     7.67466e-01
    6.19436e+00     7.56182e-01
    6.23014e+00     7.45060e-01
    6.26612e+00     7.34100e-01
    6.30231e+00     7.23299e-01
    6.33871e+00     7.12655e-01
    6.37532e+00     7.02165e-01
    6.41214e+00     6.91827e-01
    6.44917e+00     6.81638e-01
    6.48642e+00     6.71598e-01
    6.52388e+00     6.61704e-01
    6.56156e+00     6.51953e-01
    6.59946e+00     6.42344e-01
    6.63757e+00     6.32875e-01
    6.67591e+00     6.23543e-01
    6.71446e+00     6.14347e-01
    6.75324e+00     6.05284e-01
    6.79224e+00     5.96353e-01
    6.83147e+00     5.87553e-01
    6.87093e+00     5.78880e-01
    6.91061e+00     5.70333e-01
    6.95052e+00     5.61911e-01
    6.99067e+00     5.53612e-01
    7.03104e+00     5.45433e-01
    7.07165e+00     5.37374e-01
    7.11249e+00     5.29431e-01
    7.15357e+00     5.21605e-01
    7.19488e+00     5.13893e-01
    7.23644e+00     5.06293e-01
    7.27823e+00     4.98804e-01
    7.32027e+00     4.91425e-01
    7.36254e+00     4.84153e-01
    7.40507e+00     4.76987e-01
    7.44783e+00     4.69926e-01
    7.49085e+00     4.62968e-01
    7.53411e+00     4.56111e-01
    7.57763e+00     4.49355e-01
    7.62139e+00     4.42697e-01
    7.66541e+00     4.36137e-01
    7.70968e+00     4.29673e-01
    7.75421e+00     4.23303e-01
    7.79899e+00     4.17026e-01
    7.84403e+00     4.10841e-01
    7.88934e+00     4.04747e-01
    7.93490e+00     3.98742e-01
    7.98073e+00     3.92825e-01
    8.02682e+00     3.86994e-01
    8.07318e+00     3.81249e-01
    8.11981e+00     3.75588e-01
    8.16670e+00     3.70010e-01
    8.21387e+00     3.64514e-01
    8.26131e+00     3.59098e-01
    8.30902e+00     3.53762e-01
    8.35701e+00     3.48504e-01
    8.40527e+00     3.43323e-01
    8.45382e+00     3.38218e-01
    8.50264e+00     3.33189e-01
    8.55175e+00     3.28232e-01
    8.60114e+00     3.23349e-01
    8.65082e+00     3.18538e-01
    8.70078e+00     3.13797e-01
    8.75103e+00     3.09126e-01
    8.80157e+00     3.04523e-01
    8.85241e+00     2.99988e-01
    8.90353e+00     2.95520e-01
    8.95495e+00     2.91117e-01
    9.00667e+00     2.86780e-01
    9.05869e+00     2.82506e-01
    9.11101e+00     2.78295e-01
    9.16363e+00     2.74146e-01
    9.21655e+00     2.70058e-01
    9.26978e+00     2.66030e-01
    9.32332e+00     2.62062e-01
    9.37717e+00     2.58152e-01
    9.43133e+00     2.54299e-01
    9.48580e+00     2.50504e-01
    9.54058e+00     2.46764e-01
    9.59568e+00     2.43080e-01
    9.65110e+00     2.39450e-01
    9.70684e+00     2.35873e-01
    9.76290e+00     2.32350e-01
    9.81929e+00     2.28878e-01
    9.87600e+00     2.25457e-01
    9.93304e+00     2.22087e-01
    9.99041e+00     2.18767e-01
    1.00481e+01     2.15496e-01
    1.01061e+01     2.12273e-01
    1.01645e+01     2.09098e-01
    1.02232e+01     2.05969e-01
    1.02823e+01     2.02887e-01
    1.03416e+01     1.99851e-01
    1.04014e+01     1.96859e-01
    1.04614e+01     1.93912e-01
    1.05219e+01     1.91008e-01
    1.05826e+01     1.88148e-01
    1.06437e+01     1.85329e-01
    1.07052e+01     1.82552e-01
    1.07670e+01     1.79817e-01
    1.08292e+01     1.77122e-01
    1.08918e+01     1.74467e-01
    1.09547e+01     1.71851e-01
    1.10180e+01     1.69274e-01
    1.10816e+01     1.66735e-01
    1.11456e+01     1.64234e-01
    1.12100e+01     1.61770e-01
    1.12747e+01     1.59342e-01
    1.13398e+01     1.56951e-01
    1.14053e+01     1.54595e-01
    1.14712e+01     1.52274e-01
    1.15374e+01     1.49987e-01
    1.16041e+01     1.47734e-01
    1.16711e+01     1.45515e-01
    1.17385e+01     1.43329e-01
    1.18063e+01     1.41175e-01
    1.18745e+01     1.39053e-01
    1.19431e+01     1.36963e-01
    1.20120e+01     1.34904e-01
    1.20814e+01     1.32875e-01
    1.21512e+01     1.30877e-01
    1.22214e+01     1.28908e-01
    1.22919e+01     1.26969e-01
    1.23629e+01     1.25058e-01
    1.24343e+01     1.23176e-01
    1.25062e+01     1.21322e-01
    1.25784e+01     1.19495e-01
    1.26510e+01     1.17696e-01
    1.27241e+01     1.15924e-01
    1.27976e+01     1.14177e-01
    1.28715e+01     1.12457e-01
    1.29458e+01     1.10763e-01
    1.30206e+01     1.09094e-01
    1.30958e+01     1.07449e-01
    1.31714e+01     1.05829e-01
    1.32475e+01     1.04234e-01
    1.33240e+01     1.02662e-01
    1.34010e+01     1.01113e-01
    1.34784e+01     9.95880e-02
    1.35562e+01     9.80854e-02
    1.36345e+01     9.66053e-02
    1.37133e+01     9.51472e-02
    1.37925e+01     9.37109e-02
    1.38721e+01     9.22961e-02
    1.39522e+01     9.09024e-02
    1.40328e+01     8.95295e-02
    1.41139e+01     8.81772e-02
    1.41954e+01     8.68450e-02
    1.42774e+01     8.55328e-02
    1.43598e+01     8.42401e-02
    1.44427e+01     8.29668e-02
    1.45262e+01     8.17126e-02
    1.46101e+01     8.04771e-02
    1.46944e+01     7.92601e-02
    1.47793e+01     7.80613e-02
    1.48647e+01     7.68804e-02
    1.49505e+01     7.57173e-02
    1.50369e+01     7.45715e-02
    1.51237e+01     7.34429e-02
    1.52111e+01     7.23312e-02
    1.52989e+01     7.12362e-02
    1.53873e+01     7.01575e-02
    1.54761e+01     6.90951e-02
    1.55655e+01     6.80485e-02
    1.56554e+01     6.70177e-02
    1.57458e+01     6.60023e-02
    1.58368e+01     6.50021e-02
    1.59282e+01     6.40169e-02
    1.60202e+01     6.30465e-02
    1.61127e+01     6.20907e-02
    1.62058e+01     6.11492e-02
    1.62994e+01     6.02219e-02
    1.63935e+01     5.93084e-02
    1.64882e+01     5.84087e-02
    1.65834e+01     5.75225e-02
    1.66792e+01     5.66496e-02
    1.67756e+01     5.57899e-02
    1.68724e+01     5.49430e-02
    1.69699e+01     5.41089e-02
    1.70679e+01     5.32873e-02
    1.71665e+01     5.24780e-02
    1.72656e+01     5.16810e-02
    1.73653e+01     5.08959e-02
    1.74656e+01     5.01226e-02
    1.75665e+01     4.93609e-02
    1.76680e+01     4.86108e-02
    1.77700e+01     4.78719e-02
    1.78726e+01     4.71441e-02
    1.79759e+01     4.64273e-02
    1.80797e+01     4.57212e-02
    1.81841e+01     4.50258e-02
    1.82891e+01     4.43409e-02
    1.83947e+01     4.36663e-02
    1.85010e+01     4.30019e-02
    1.86078e+01     4.23474e-02
    1.87153e+01     4.17029e-02
    1.88234e+01     4.10680e-02
    1.89321e+01     4.04428e-02
    1.90414e+01     3.98269e-02
    1.91514e+01     3.92203e-02
    1.92620e+01     3.86229e-02
    1.93733e+01     3.80345e-02
    1.94852e+01     3.74550e-02
    1.95977e+01     3.68842e-02
    1.97109e+01     3.63221e-02
    1.98247e+01     3.57684e-02
    1.99392e+01     3.52231e-02
    2.00544e+01     3.46860e-02
    2.01702e+01     3.41570e-02
    2.02867e+01     3.36360e-02
    2.04039e+01     3.31229e-02
    2.05217e+01     3.26176e-02
    2.06402e+01     3.21198e-02
    2.07594e+01     3.16296e-02
    2.08793e+01     3.11468e-02
    2.09999e+01     3.06714e-02
    2.11212e+01     3.02031e-02
    2.12432e+01     2.97419e-02
    2.13659e+01     2.92876e-02
    2.14893e+01     2.88403e-02
    2.16134e+01     2.83997e-02
    2.17382e+01     2.79657e-02
    2.18638e+01     2.75384e-02
    2.19900e+01     2.71175e-02
    2.21170e+01     2.67030e-02
    2.22448e+01     2.62947e-02
    2.23732e+01     2.58927e-02
    2.25025e+01     2.54967e-02
    2.26324e+01     2.51067e-02
    2.27631e+01     2.47227e-02
    2.28946e+01     2.43444e-02
    2.30268e+01     2.39719e-02
    2.31598e+01     2.36051e-02
    2.32936e+01     2.32438e-02
    2.34281e+01     2.28880e-02
    2.35634e+01     2.25375e-02
    2.36995e+01     2.21924e-02
    2.38364e+01     2.18526e-02
    2.39741e+01     2.15179e-02
    2.41125e+01     2.11882e-02
    2.42518e+01     2.08636e-02
    2.43918e+01     2.05439e-02
    2.45327e+01     2.02290e-02
    2.46744e+01     1.99190e-02
    2.48169e+01     1.96136e-02
    2.49602e+01     1.93129e-02
    2.51044e+01     1.90167e-02
    2.52494e+01     1.87251e-02
    2.53952e+01     1.84379e-02
    2.55419e+01     1.81550e-02
    2.56894e+01     1.78765e-02
    2.58378e+01     1.76021e-02
    2.59870e+01     1.73320e-02
    2.61371e+01     1.70659e-02
    2.62880e+01     1.68040e-02
    2.64399e+01     1.65459e-02
    2.65926e+01     1.62919e-02
    2.67462e+01     1.60416e-02
    2.69006e+01     1.57952e-02
    2.70560e+01     1.55526e-02
    2.72123e+01     1.53136e-02
    2.73694e+01     1.50783e-02
    2.75275e+01     1.48465e-02
    2.76865e+01     1.46183e-02
    2.78464e+01     1.43936e-02
    2.80072e+01     1.41723e-02
    2.81690e+01     1.39543e-02
    2.83316e+01     1.37397e-02
    2.84953e+01     1.35284e-02
    2.86598e+01     1.33203e-02
    2.88254e+01     1.31153e-02
    2.89919e+01     1.29135e-02
    2.91593e+01     1.27147e-02
    2.93277e+01     1.25190e-02
    2.94971e+01     1.23263e-02
    2.96674e+01     1.21365e-02
    2.98388e+01     1.19496e-02
    3.00111e+01     1.17656e-02
    3.01844e+01     1.15843e-02
    3.03588e+01     1.14059e-02
    3.05341e+01     1.12301e-02
    3.07105e+01     1.10571e-02
    3.08878e+01     1.08866e-02
    3.10662e+01     1.07188e-02
    3.12456e+01     1.05536e-02
    3.14261e+01     1.03909e-02
    3.16076e+01     1.02306e-02
    3.17902e+01     1.00728e-02
    3.19738e+01     9.91747e-03
    3.21584e+01     9.76447e-03
    3.23442e+01     9.61382e-03
    3.25310e+01     9.46546e-03
    3.27188e+01     9.31938e-03
    3.29078e+01     9.17553e-03
    3.30979e+01     9.03388e-03
    3.32890e+01     8.89440e-03
    3.34813e+01     8.75705e-03
    3.36746e+01     8.62181e-03
    3.38691e+01     8.48863e-03
    3.40647e+01     8.35750e-03
    3.42615e+01     8.22837e-03
    3.44594e+01     8.10122e-03
    3.46584e+01     7.97602e-03
    3.48585e+01     7.85274e-03
    3.50599e+01     7.73134e-03
    3.52624e+01     7.61181e-03
    3.54660e+01     7.49410e-03
    3.56709e+01     7.37820e-03
    3.58769e+01     7.26408e-03
    3.60841e+01     7.15171e-03
    3.62925e+01     7.04105e-03
    3.65021e+01     6.93210e-03
    3.67129e+01     6.82482e-03
    3.69249e+01     6.71918e-03
    3.71382e+01     6.61516e-03
    3.73527e+01     6.51274e-03
    3.75684e+01     6.41189e-03
    3.77854e+01     6.31259e-03
    3.80036e+01     6.21481e-03
    3.82231e+01     6.11853e-03
    3.84439e+01     6.02373e-03
    3.86659e+01     5.93038e-03
    3.88892e+01     5.83847e-03
    3.91138e+01     5.74797e-03
    3.93397e+01     5.65886e-03
    3.95669e+01     5.57112e-03
    3.97954e+01     5.48473e-03
    4.00253e+01     5.39967e-03
    4.02564e+01     5.31591e-03
    4.04889e+01     5.23344e-03
    4.07228e+01     5.15223e-03
    4.09580e+01     5.07228e-03
    4.11945e+01     4.99355e-03
    4.14324e+01     4.91604e-03
    4.16717e+01     4.83972e-03
    4.19124e+01     4.76457e-03
    4.21545e+01     4.69057e-03
    4.23979e+01     4.61772e-03
    4.26428e+01     4.54599e-03
    4.28891e+01     4.47536e-03
    4.31368e+01     4.40582e-03
    4.33859e+01     4.33734e-03
    4.36365e+01     4.26993e-03
    4.38885e+01     4.20355e-03
    4.41420e+01     4.13819e-03
    4.43969e+01     4.07384e-03
    4.46534e+01     4.01048e-03
    4.49113e+01     3.94810e-03
    4.51706e+01     3.88668e-03
    4.54315e+01     3.82620e-03
    4.56939e+01     3.76666e-03
    4.59578e+01     3.70803e-03
    4.62232e+01     3.65031e-03
    4.64902e+01     3.59348e-03
    4.67587e+01     3.53752e-03
    4.70288e+01     3.48243e-03
    4.73004e+01     3.42819e-03
    4.75736e+01     3.37478e-03
    4.78483e+01     3.32220e-03
    4.81247e+01     3.27043e-03
    4.84026e+01     3.21946e-03
    4.86821e+01     3.16928e-03
    4.89633e+01     3.11987e-03
    4.92461e+01     3.07122e-03
    4.95305e+01     3.02332e-03
    4.98166e+01     2.97617e-03
    5.01043e+01     2.92974e-03
    5.03937e+01     2.88403e-03
    5.06847e+01     2.83903e-03
    5.09774e+01     2.79472e-03
    5.12719e+01     2.75109e-03
    5.15680e+01     2.70815e-03
    5.18658e+01     2.66586e-03
    5.21654e+01     2.62423e-03
    5.24666e+01     2.58324e-03
    5.27697e+01     2.54289e-03
    5.30744e+01     2.50316e-03
    5.33810e+01     2.46404e-03
    5.36893e+01     2.42553e-03
    5.39993e+01     2.38762e-03
    5.43112e+01     2.35029e-03
    5.46249e+01     2.31354e-03
    5.49404e+01     2.27736e-03
    5.52577e+01     2.24174e-03
    5.55768e+01     2.20667e-03
    5.58978e+01     2.17214e-03
    5.62206e+01     2.13815e-03
    5.65453e+01     2.10469e-03
    5.68719e+01     2.07174e-03
    5.72004e+01     2.03930e-03
    5.75307e+01     2.00737e-03
    5.78630e+01     1.97593e-03
    5.81972e+01     1.94498e-03
    5.85333e+01     1.91451e-03
    5.88714e+01     1.88451e-03
    5.92114e+01     1.85497e-03
    5.95534e+01     1.82590e-03
    5.98973e+01     1.79727e-03
    6.02432e+01     1.76909e-03
    6.05912e+01     1.74134e-03
    6.09411e+01     1.71403e-03
    6.12931e+01     1.68714e-03
    6.16471e+01     1.66067e-03
    6.20031e+01     1.63461e-03
    6.23612e+01     1.60895e-03
    6.27214e+01     1.58369e-03
    6.30836e+01     1.55882e-03
    6.34480e+01     1.53434e-03
    6.38144e+01     1.51024e-03
    6.41830e+01     1.48652e-03
    6.45536e+01     1.46316e-03
    6.49265e+01     1.44016e-03
    6.53015e+01     1.41753e-03
    6.56786e+01     1.39524e-03
    6.60579e+01     1.37330e-03
    6.64394e+01     1.35171e-03
    6.68232e+01     1.33044e-03
    6.72091e+01     1.30951e-03
    6.75973e+01     1.28891e-03
    6.79877e+01     1.26862e-03
    6.83803e+01     1.24865e-03
    6.87753e+01     1.22899e-03
    6.91725e+01     1.20964e-03
    6.95720e+01     1.19059e-03
    6.99738e+01     1.17183e-03
    7.03779e+01     1.15337e-03
    7.07844e+01     1.13519e-03
    7.11932e+01     1.11730e-03
    7.16044e+01     1.09969e-03
    7.20179e+01     1.08235e-03
    7.24339e+01     1.06528e-03
    7.28522e+01     1.04847e-03
    7.32730e+01     1.03193e-03
    7.36961e+01     1.01565e-03
    7.41218e+01     9.99615e-04
    7.45499e+01     9.83834e-04
    7.49804e+01     9.68300e-04
    7.54135e+01     9.53007e-04
    7.58490e+01     9.37953e-04
    7.62871e+01     9.23134e-04
    7.67277e+01     9.08545e-04
    7.71708e+01     8.94185e-04
    7.76165e+01     8.80048e-04
    7.80648e+01     8.66132e-04
    7.85157e+01     8.52433e-04
    7.89691e+01     8.38948e-04
    7.94252e+01     8.25674e-04
    7.98839e+01     8.12607e-04
    8.03453e+01     7.99744e-04
    8.08093e+01     7.87081e-04
    8.12760e+01     7.74617e-04
    8.17454e+01     7.62347e-04
    8.22176e+01     7.50269e-04
    8.26924e+01     7.38380e-04
    8.31700e+01     7.26677e-04
    8.36503e+01     7.15156e-04
    8.41335e+01     7.03816e-04
    8.46194e+01     6.92653e-04
    8.51081e+01     6.81665e-04
    8.55996e+01     6.70848e-04
    8.60940e+01     6.60201e-04
    8.65912e+01     6.49720e-04
    8.70913e+01     6.39403e-04
    8.75943e+01     6.29248e-04
    8.81002e+01     6.19252e-04
    8.86091e+01     6.09412e-04
    8.91208e+01     5.99726e-04
    8.96355e+01     5.90191e-04
    9.01532e+01     5.80806e-04
    9.06739e+01     5.71568e-04
    9.11976e+01     5.62475e-04
    9.17243e+01     5.53524e-04
    9.22540e+01     5.44714e-04
    9.27869e+01     5.36041e-04
    9.33227e+01     5.27504e-04
    9.38617e+01     5.19101e-04
    9.44038e+01     5.10830e-04
    9.49490e+01     5.02689e-04
    9.54974e+01     4.94675e-04
    9.60490e+01     4.86787e-04
    9.66037e+01     4.79023e-04
    9.71616e+01     4.71380e-04
    9.77228e+01     4.63858e-04
    9.82872e+01     4.56453e-04
    9.88548e+01     4.49165e-04
    9.94258e+01     4.41991e-04
    1.00000e+02     4.34930e-04
