1.000000000000000000e+00
9.947244356429258971e-01
9.894692833071071503e-01
9.842352980052271327e-01
9.790230699325975783e-01
9.738331748853765735e-01
9.686661639080434982e-01
9.635225629374282175e-01
9.584028736760520362e-01
9.533075739833779538e-01
9.482371182453366298e-01
9.431919378940414322e-01
9.381724418643655472e-01
9.331790170008463781e-01
9.282120285591519693e-01
9.232718207031964663e-01
9.183587169685629714e-01
9.134730207109768019e-01
9.086150156205923256e-01
9.037849662157525499e-01
8.989831183249965552e-01
8.942096995594585040e-01
8.894649197928822248e-01
8.847489716638412549e-01
8.800620310577069727e-01
8.754042575845684127e-01
8.707757950544567915e-01
8.661767719466233473e-01
8.616073018752069546e-01
8.570674840605032596e-01
8.525574037884084966e-01
8.480771328632816797e-01
8.436267300551089088e-01
8.392062415405830977e-01
8.348157013377461855e-01
8.304551317338799699e-01
8.261245437063511332e-01
8.218239373361660993e-01
8.175533022139981343e-01
8.133126178384594285e-01
8.091018540065485487e-01
8.049209711961533564e-01
8.007699209402248108e-01
7.966486461927090312e-01
7.925570816861933210e-01
7.884951542812081993e-01
7.844627833071468048e-01
7.804598808947882382e-01
7.764863523004126300e-01
7.725420962214817333e-01
7.686270051038240902e-01
7.647409654406470692e-01
7.608838580632665272e-01
7.570555584236199342e-01
7.532559368686603252e-01
7.494848589067089062e-01
7.457421854658621285e-01
7.420277731445505953e-01
7.383414744543534969e-01
7.346831380551771540e-01
7.310526089829127994e-01
7.274497288696879504e-01
7.238743361564367040e-01
7.203262662962143237e-01
7.168053519543663432e-01
7.133114232017292444e-01
7.098443076999717549e-01
7.064038308803218813e-01
7.029898161157984715e-01
6.996020848870443398e-01
6.962404569393708664e-01
6.929047504352637832e-01
6.895947821064232208e-01
6.863103673963822926e-01
6.830513205970619728e-01
6.798174549796992538e-01
6.766085829176251565e-01
6.734245160067217073e-01
6.702650651859115571e-01
6.671300408482082611e-01
6.640192529464474802e-01
6.609325110928132574e-01
6.578696246554834870e-01
6.548304028559923662e-01
6.518146548578340749e-01
6.488221898500412532e-01
6.458528171271531448e-01
6.429063461690968095e-01
6.399825867152715286e-01
6.370813488327472518e-01
6.342024429831962795e-01
6.313456800903861632e-01
6.285108715982193894e-01
6.256978295249165933e-01
6.229063665199061628e-01
6.201362959220346749e-01
6.173874318007778195e-01
6.146595889981498750e-01
6.119525831823940942e-01
6.092662308923336711e-01
6.066003495626122177e-01
6.039547575600457963e-01
6.013292742393674395e-01
5.987237199599630966e-01
5.961379161040690766e-01
5.935716851264746241e-01
5.910248505848942902e-01
5.884972371366989918e-01
5.859886705745702695e-01
5.834989778749982703e-01
5.810279871787616957e-01
5.785755278111460731e-01
5.761414303431028339e-01
5.737255265625746947e-01
5.713276494807933981e-01
5.689476334015201031e-01
5.665853138846422832e-01
5.642405277433060196e-01
5.619131131199714968e-01
5.596029094366458123e-01
5.573097573930139159e-01
5.550334990461781581e-01
5.527739777397815413e-01
5.505310381200037018e-01
5.483045262054606628e-01
5.460942892950361172e-01
5.439001760217008208e-01
5.417220363838084474e-01
5.395597216503842386e-01
5.374130844619310343e-01
5.352819787879067315e-01
5.331662598749291604e-01
5.310657843641327647e-01
5.289804101679341786e-01
5.269099965202033165e-01
5.248544040157978596e-01
5.228134944862893319e-01
5.207871311397720415e-01
5.187751784536459576e-01
5.167775021805423030e-01
5.147939694301221225e-01
5.128244485107639195e-01
5.108688090852169239e-01
5.089269220507736113e-01
5.069986595549621500e-01
5.050838950656183490e-01
5.031825032087352545e-01
5.012943599504342540e-01
4.994193424180532470e-01
4.975573289975882552e-01
4.957081993110697971e-01
4.938718341273928836e-01
4.920481155139140861e-01
4.902369266211175636e-01
4.884381518863176175e-01
4.866516768455783626e-01
4.848773882389683099e-01
4.831151739686177504e-01
4.813649230366081611e-01
4.796265256669377530e-01
4.778998731024261537e-01
4.761848578282676936e-01
4.744813733172070780e-01
4.727893142505786295e-01
4.711085763139989946e-01
4.694390563307395681e-01
4.677806521693697039e-01
4.661332627526510453e-01
4.644967880922316050e-01
4.628711291754054602e-01
4.612561881111151840e-01
4.596518679202992730e-01
4.580580727606974323e-01
4.564747076574499629e-01
4.549016787683574647e-01
4.533388930927048088e-01
4.517862587415525932e-01
4.502436846554556671e-01
4.487110808556388220e-01
4.471883581879084746e-01
4.456754285438281338e-01
4.441722046363048571e-01
4.426786001896386713e-01
4.411945297445294956e-01
4.397199088219136964e-01
4.382546537504901085e-01
4.367986818127687632e-01
4.353519110856127750e-01
4.339142605787882911e-01
4.324856500777498614e-01
4.310660002857498729e-01
4.296552326577602887e-01
4.282532695571186765e-01
4.268600340699822970e-01
4.254754501865175009e-01
4.240994425867969930e-01
4.227319368543522304e-01
4.213728592274367801e-01
4.200221368487395135e-01
4.186796974811747840e-01
4.173454697908601796e-01
4.160193830350092381e-01
4.147013673649608823e-01
4.133913535059232092e-01
4.120892730535646864e-01
4.107950581777941590e-01
4.095086418767513448e-01
4.082299577429958082e-01
4.069589401361221603e-01
4.056955240487341574e-01
4.044396451636371181e-01
4.031912398481254378e-01
4.019502450752153178e-01
4.007165985560328658e-01
3.994902385290888813e-01
3.982711040096515998e-01
3.970591344889042862e-01
3.958542702356033227e-01
3.946564519915423674e-01
3.934656212234118322e-01
3.922817199196340643e-01
3.911046906981183735e-01
3.899344767787263355e-01
3.887710218994356870e-01
3.876142704790588867e-01
3.864641673659810484e-01
3.853206581234873140e-01
3.841836887240325793e-01
3.830532058067835921e-01
3.819291564807612560e-01
3.808114884075521345e-01
3.797001498218723348e-01
3.785950893854951316e-01
3.774962564139899279e-01
3.764036005857060441e-01
3.753170722213087784e-01
3.742366220472052030e-01
3.731622013196670418e-01
3.720937618156421323e-01
3.710312557025314262e-01
3.699746357610871894e-01
3.689238550994805577e-01
3.678788674151565186e-01
3.668396267991494986e-01
3.658060877965035318e-01
3.647782054760782544e-01
3.637559352280524960e-01
3.627392330285646449e-01
3.617280551693148882e-01
3.607223584359866564e-01
3.597221000527898727e-01
3.587272375799247515e-01
3.577377291268186155e-01
3.567535330799221360e-01
3.557746083279769711e-01
3.548009141389337762e-01
3.538324101209617267e-01
3.528690563940098945e-01
3.519108133326258048e-01
3.509576417998441222e-01
3.500095030057355228e-01
3.490663584848138212e-01
3.481281702585552473e-01
3.471949005853309234e-01
3.462665121826026815e-01
3.453429681070526169e-01
3.444242317045404511e-01
3.435102667952646405e-01
3.426010374244464751e-01
3.416965080501744301e-01
3.407966434845973724e-01
3.399014087813875262e-01
3.390107694565580032e-01
3.381246912555811446e-01
3.372431402690450608e-01
3.363660829735427016e-01
3.354934860453828160e-01
3.346253165873898650e-01
3.337615419676817075e-01
3.329021298132640583e-01
3.320470481678111097e-01
3.311962652631558757e-01
3.303497496793028065e-01
3.295074703267292793e-01
3.286693963007674690e-01
3.278354970986257499e-01
3.270057424495663168e-01
3.261801023202922645e-01
3.253585470649303368e-01
3.245410472083822273e-01
3.237275735829160950e-01
3.229180973423227408e-01
3.221125897987218156e-01
3.213110226218054422e-01
3.205133677245208812e-01
3.197195972019795662e-01
3.189296835193725088e-01
3.181435993212934354e-01
3.173613174800841708e-01
3.165828112103119540e-01
3.158080538711736107e-01
3.150370190954950855e-01
3.142696808095111760e-01
3.135060130734922401e-01
3.127459902554515780e-01
3.119895869639554009e-01
3.112367779474383145e-01
3.104875382796075112e-01
3.097418432277715405e-01
3.089996682150138452e-01
3.082609889902135358e-01
3.075257814596862871e-01
3.067940217059615393e-01
3.060656861240342308e-01
3.053407512421049130e-01
3.046191937838645392e-01
3.039009907652021614e-01
3.031861193199500981e-01
3.024745567926460099e-01
3.017662807982448570e-01
3.010612690601550678e-01
3.003594995227150122e-01
2.996609503805341412e-01
2.989655999305839140e-01
2.982734266960295755e-01
2.975844094334381684e-01
2.968985269973759555e-01
2.962157584693748125e-01
2.955360831514743936e-01
2.948594804400283542e-01
2.941859299551691231e-01
2.935154115287889609e-01
2.928479050835486319e-01
2.921833907591433466e-01
2.915218489023068682e-01
2.908632599470380997e-01
2.902076045342528721e-01
2.895548635109220781e-01
2.889050178080815878e-01
2.882580485502078682e-01
2.876139370701196185e-01
2.869726647823470089e-01
2.863342132780309912e-01
2.856985643614395332e-01
2.850656999178162732e-01
2.844356019890660336e-01
2.838082528362181889e-01
2.831836348030906114e-01
2.825617303678906178e-01
2.819425222330602665e-01
2.813259931892341803e-01
2.807121261385986388e-01
2.801009042085162992e-01
2.794923106246875455e-01
2.788863287039436978e-01
2.782829419804592197e-01
2.776821341033049451e-01
2.770838887968504749e-01
2.764881899836754142e-01
2.758950217241045166e-01
2.753043681438215318e-01
2.747162135371993275e-01
2.741305423622655835e-01
2.735473391397838516e-01
2.729665885229449751e-01
2.723882753514987320e-01
2.718123845339394107e-01
2.712389010751995455e-01
2.706678101771455291e-01
2.700990971265709861e-01
2.695327472805661428e-01
2.689687461795906565e-01
2.684070794783212088e-01
2.678477328879549924e-01
2.672906922675951091e-01
2.667359436262541905e-01
2.661834730282424122e-01
2.656332666411717613e-01
2.650853108090149846e-01
2.645395919433639054e-01
2.639960965236383128e-01
2.634548112019411970e-01
2.629157227280105036e-01
2.623788179025018374e-01
2.618440836608950661e-01
2.613115070779509774e-01
2.607810752788403130e-01
2.602527754744787813e-01
2.597265950419771485e-01
2.592025214257795418e-01
2.586805421243226766e-01
2.581606447847093477e-01
2.576428171613745488e-01
2.571270470531362706e-01
2.566133223572450439e-01
2.561016311197562567e-01
2.555919614404661977e-01
2.550843014751846827e-01
2.545786395283156645e-01
2.540749639930006132e-01
2.535732633037606210e-01
2.530735259951815141e-01
2.525757407378148023e-01
2.520798962499731788e-01
2.515859813034739823e-01
2.510939848116260920e-01
2.506038957698514258e-01
2.501157032120563395e-01
2.496293962632335495e-01
2.491449641794855896e-01
2.486623962630353790e-01
2.481816818626233767e-01
2.477028104562063737e-01
2.472257716074781064e-01
2.467505549160253775e-01
2.462771500547202286e-01
2.458055468278101952e-01
2.453357350889068256e-01
2.448677047298164489e-01
2.444014457508698890e-01
2.439369482510272968e-01
2.434742023645420916e-01
2.430131982772658905e-01
2.425539263018243741e-01
2.420963768126374038e-01
2.416405402165512639e-01
2.411864069976583924e-01
2.407339677553181623e-01
2.402832131289761031e-01
2.398341337935627204e-01
2.393867205266961284e-01
2.389409641933136486e-01
2.384968556898926229e-01
2.380543859578800325e-01
2.376135460544695766e-01
2.371743270964580541e-01
2.367367202297096518e-01
2.363007166613009247e-01
2.358663077096884719e-01
2.354334847345277149e-01
2.350022391247292841e-01
2.345725623484149203e-01
2.341444459689950019e-01
2.337178815816925992e-01
2.332928608133779391e-01
2.328693753841199754e-01
2.324474170902326442e-01
2.320269777554882784e-01
2.316080492398956969e-01
2.311906235042652524e-01
2.307746925685990047e-01
2.303602484784302573e-01
2.299472833217080514e-01
2.295357892883833073e-01
2.291257586146575598e-01
2.287171835612750170e-01
2.283100564381602693e-01
2.279043696535258123e-01
2.275001156532299451e-01
2.270972869069981526e-01
2.266958759396275336e-01
2.262958753682622060e-01
2.258972778422379812e-01
2.255000760342334987e-01
2.251042626760949295e-01
2.247098305859411560e-01
2.243167726106063964e-01
2.239250816197762561e-01
2.235347505443416316e-01
2.231457723963598261e-01
2.227581402143772038e-01
2.223718470592094543e-01
2.219868860529037313e-01
2.216032503950235710e-01
2.212209333102276299e-01
2.208399280447046753e-01
2.204602279040288049e-01
2.200818262692176841e-01
2.197047165456209317e-01
2.193288921592400076e-01
2.189543465918732390e-01
2.185810734001474298e-01
2.182090661648551921e-01
2.178383184865105848e-01
2.174688240162249986e-01
2.171005764804392890e-01
2.167335696303078485e-01
2.163677972358428736e-01
2.160032531110713250e-01
2.156399311463282620e-01
2.152778252582096263e-01
2.149169293814567894e-01
2.145572374873599697e-01
2.141987436238868836e-01
2.138414418683104723e-01
2.134853263154522784e-01
2.131303910893348197e-01
2.127766303886835797e-01
2.124240384468294163e-01
2.120726095140874068e-01
2.117223378638546372e-01
2.113732178382849436e-01
2.110252438221121851e-01
2.106784102166951445e-01
2.103327114421313648e-01
2.099881419770444901e-01
2.096446963524413176e-01
2.093023691164138111e-01
2.089611548333513702e-01
2.086210481126478666e-01
2.082820436254780305e-01
2.079441360624921520e-01
2.076073201296685100e-01
2.072715905639050116e-01
2.069369421688300459e-01
2.066033697736051056e-01
2.062708682222257339e-01
2.059394323793116710e-01
2.056090571712708426e-01
2.052797375617097519e-01
2.049514685287403548e-01
2.046242450659136736e-01
2.042980622141550018e-01
2.039729150659833068e-01
2.036487987298449265e-01
2.033257083280423649e-01
2.030036390125943280e-01
2.026825859964211107e-01
2.023625445146365609e-01
2.020435098157586096e-01
2.017254771659831303e-01
2.014084418866791404e-01
2.010923993358140205e-01
2.007773448845941999e-01
2.004632739174771749e-01
2.001501818557774870e-01
1.998380641735820196e-01
1.995269163613555830e-01
1.992167339220808353e-01
1.989075123782886867e-01
1.985992473079511433e-01
1.982919343174370241e-01
1.979855690252664557e-01
1.976801470626584345e-01
1.973756640990819433e-01
1.970721158511562765e-01
1.967694980497284030e-01
1.964678064373404087e-01
1.961670367753405864e-01
1.958671848777318314e-01
1.955682465845559603e-01
1.952702177472009359e-01
1.949730942287487556e-01
1.946768719265741798e-01
1.943815467840248890e-01
1.940871147583272394e-01
1.937935718176382327e-01
1.935009139455904914e-01
1.932091371736507912e-01
1.929182375618508638e-01
1.926282111809281272e-01
1.923390541122176889e-01
1.920507624629001209e-01
1.917633323876956064e-01
1.914767600571044559e-01
1.911910416518477207e-01
1.909061733642863357e-01
1.906221514252667837e-01
1.903389721013824532e-01
1.900566316700661729e-01
1.897751264186167963e-01
1.894944526502057580e-01
1.892146067135627163e-01
1.889355849801710452e-01
1.886573838310945384e-01
1.883799996569661128e-01
1.881034288720583592e-01
1.878276679342919808e-01
1.875527133159431981e-01
1.872785614985183478e-01
1.870052089734543788e-01
1.867326522642792919e-01
1.864608879304675837e-01
1.861899125419763656e-01
1.859197226776758971e-01
1.856503149278993237e-01
1.853816859211001589e-01
1.851138323129974117e-01
1.848467507682435840e-01
1.845804379600987366e-01
1.843148905759052769e-01
1.840501053437083867e-01
1.837860790116119247e-01
1.835228083360794793e-01
1.832602900818887659e-01
1.829985210311645960e-01
1.827374980061962362e-01
1.824772178444125925e-01
1.822176773913020686e-01
1.819588735004253888e-01
1.817008030458472367e-01
