1.000000000000000000e+00
9.947768435360276884e-01
9.895730982497188410e-01
9.843895231455168648e-01
9.792267124522637811e-01
9.740852466962444112e-01
9.689656822772587663e-01
9.638685510826826564e-01
9.587943613302750689e-01
9.537435979302840705e-01
9.487167228270996233e-01
9.437141754885988165e-01
9.387363733345679417e-01
9.337837121169457744e-01
9.288565663931246386e-01
9.239552899960198351e-01
9.190802164717397638e-01
9.142316595030378634e-01
9.094099133980753091e-01
9.046152535599717437e-01
8.998479369454150945e-01
8.951082025145542520e-01
8.903962716888251805e-01
8.857123488316259730e-01
8.810566217097485220e-01
8.764292619514809646e-01
8.718304255027516936e-01
8.672602530781371444e-01
8.627188706088450010e-01
8.582063896970538730e-01
8.537229080592685371e-01
8.492685099638012103e-01
8.448432666632660348e-01
8.404472368217029699e-01
8.360804669359648278e-01
8.317429917510354986e-01
8.274348346689841538e-01
8.231560081512799831e-01
8.189065141142344295e-01
8.146863443173149033e-01
8.104954807442334985e-01
8.063338959767013536e-01
8.022015535604313241e-01
7.980984083634518056e-01
7.940244069266779725e-01
7.899794878066601633e-01
7.859635819104551224e-01
7.819766128225827950e-01
7.780184971240470260e-01
7.740891447033573236e-01
7.701884590595000635e-01
7.663163375971425717e-01
7.624726719139470754e-01
7.586573480800437030e-01
7.548702469097461343e-01
7.511112442255645227e-01
7.473802111146029548e-01
7.436770141774148302e-01
7.400015157694099788e-01
7.363535742349058832e-01
7.327330441339197087e-01
7.291397764618074984e-01
7.255736188614048121e-01
7.220344158260534329e-01
7.185220088999275667e-01
7.150362368714676675e-01
7.115769359591499477e-01
7.081439399908063814e-01
7.047370805766246527e-01
7.013561872758771187e-01
6.980010877547272452e-01
6.946716079398578270e-01
6.913675721720214939e-01
6.880888033500668355e-01
6.848351230690077340e-01
6.816063517525455806e-01
6.784023087770499894e-01
6.752228125936459158e-01
6.720676808509720157e-01
6.689367305081566073e-01
6.658297779425152996e-01
6.627466390505832861e-01
6.596871293462509556e-01
6.566510640609767302e-01
6.536382582346352832e-01
6.506485268012045520e-01
6.476816846698317809e-01
6.447375468069678206e-01
6.418159283135193016e-01
6.389166444953258139e-01
6.360395109314508355e-01
6.331843435430222211e-01
6.303509586549113086e-01
6.275391730523588452e-01
6.247488040390750674e-01
6.219796694965550321e-01
6.192315879292499270e-01
6.165043785089012740e-01
6.137978611286919461e-01
6.111118564494389949e-01
6.084461859288623486e-01
6.058006718597660489e-01
6.031751374253463416e-01
6.005694067197659969e-01
5.979833047695308768e-01
5.954166575831504327e-01
5.928692921828282447e-01
5.903410366057760816e-01
5.878317199408386040e-01
5.853411723762677044e-01
5.828692251851960160e-01
5.804157107477937450e-01
5.779804626107424292e-01
5.755633154631499826e-01
5.731641051455685920e-01
5.707826687171222435e-01
5.684188444232332049e-01
5.660724716959225633e-01
5.637433912273488446e-01
5.614314449242266969e-01
5.591364759090311498e-01
5.568583285967836360e-01
5.545968486290634436e-01
5.523518828921974988e-01
5.501232795841630718e-01
5.479108881283157872e-01
5.457145592275497448e-01
5.435341448937339726e-01
5.413694983593483334e-01
5.392204741761120745e-01
5.370869281733814393e-01
5.349687174116064536e-01
5.328657002953859356e-01
5.307777364551627963e-01
5.287046867988148824e-01
5.266464135481396802e-01
5.246027801214592223e-01
5.225736512699472591e-01
5.205588929727190672e-01
5.185583724464857269e-01
5.165719582227200624e-01
5.145995199964713551e-01
5.126409287787662139e-01
5.106960567785107097e-01
5.087647774219974384e-01
5.068469654181633199e-01
5.049424966039161022e-01
5.030512481214707288e-01
5.011730982430864234e-01
4.993079264699158415e-01
4.974556135063282758e-01
4.956160411776620589e-01
4.937890925754508942e-01
4.919746518492693621e-01
4.901726044067865051e-01
4.883828367279299809e-01
4.866052364722286416e-01
4.848396924334650859e-01
4.830860944843020643e-01
4.813443336915978477e-01
4.796143021214044344e-01
4.778958930564291552e-01
4.761890007468405073e-01
4.744935206290412100e-01
4.728093491224029110e-01
4.711363837649055197e-01
4.694745231176187805e-01
4.678236667794328785e-01
4.661837154156756036e-01
4.645545706527936525e-01
4.629361352169489296e-01
4.613283127327688082e-01
4.597310079409775985e-01
4.581441264364174981e-01
4.565675749276792983e-01
4.550012609512866790e-01
4.534450931386668215e-01
4.518989809368057498e-01
4.503628348583761931e-01
4.488365662264602318e-01
4.473200873965529345e-01
4.458133115312638006e-01
4.443161527926354215e-01
4.428285261449975141e-01
4.413503475221056127e-01
4.398815336516355146e-01
4.384220022051993348e-01
4.369716716353261865e-01
4.355304613183174633e-01
4.340982913932535658e-01
4.326750829084478611e-01
4.312607576516666041e-01
4.298552383108664721e-01
4.284584482853214804e-01
4.270703118703442214e-01
4.256907540405572843e-01
4.243197006660685000e-01
4.229570782621834280e-01
4.216028142404403267e-01
4.202568366243410458e-01
4.189190743319014532e-01
4.175894568654612837e-01
4.162679146120592533e-01
4.149543785274374952e-01
4.136487804276111069e-01
4.123510526990875613e-01
4.110611285459628284e-01
4.097789417639817189e-01
4.085044269052836019e-01
4.072375191526804716e-01
4.059781543690990646e-01
4.047262690994227197e-01
4.034818004853502615e-01
4.022446864032790392e-01
4.010148652499316291e-01
3.997922761937937053e-01
3.985768588747092278e-01
3.973685537030279269e-01
3.961673015600133962e-01
3.949730440433303902e-01
3.937857232715837874e-01
3.926052819842688058e-01
3.914316635219440843e-01
3.902648117359678870e-01
3.891046711561703120e-01
3.879511867372296696e-01
3.868043041437813634e-01
3.856639694479861435e-01
3.845301293815133192e-01
3.834027311460360132e-01
3.822817224883243714e-01
3.811670517280147386e-01
3.800586676061639135e-01
3.789565195150123023e-01
3.778605572073499008e-01
3.767707310725035841e-01
3.756869919060242258e-01
3.746092910264887110e-01
3.735375802736320416e-01
3.724718118725172666e-01
3.714119386594810224e-01
3.703579137968212587e-01
3.693096910306229996e-01
3.682672245016969659e-01
3.672304687987600347e-01
3.661993790346668720e-01
3.651739106402271395e-01
3.641540196290043996e-01
3.631396623305198079e-01
3.621307955625283626e-01
3.611273765827249238e-01
3.601293629803631324e-01
3.591367128925717633e-01
3.581493847330572411e-01
3.571673374128093714e-01
3.561905302238183579e-01
3.552189227936110028e-01
3.542524752610916594e-01
3.532911480190145670e-01
3.523349019441596730e-01
3.513836982622989824e-01
3.504374985191556768e-01
3.494962647472940609e-01
3.485599592156606863e-01
3.476285446480101293e-01
3.467019841094139965e-01
3.457802409501515295e-01
3.448632789944042765e-01
3.439510622915664118e-01
3.430435552995403370e-01
3.421407228323637417e-01
3.412425299426604108e-01
3.403489421439283569e-01
3.394599251803853690e-01
3.385754451370117102e-01
3.376954684863645584e-01
3.368199618993798494e-01
3.359488924705552049e-01
3.350822275619128598e-01
3.342199347906953943e-01
3.333619821910200898e-01
3.325083379856414445e-01
3.316589707416127686e-01
3.308138493585469075e-01
3.299729429192755914e-01
3.291362209062227429e-01
3.283036530360688432e-01
3.274752092595268893e-01
3.266508599150977910e-01
3.258305755127737791e-01
3.250143268662758489e-01
3.242020851128216696e-01
3.233938215470668065e-01
3.225895078185443965e-01
3.217891158224570058e-01
3.209926176337906667e-01
3.201999856967577274e-01
3.194111926367387277e-01
3.186262113036011923e-01
3.178450148904022887e-01
3.170675767354350638e-01
3.162938704473524654e-01
3.155238699302112537e-01
3.147575492216697635e-01
3.139948826643997326e-01
3.132358448440211163e-01
3.124804104846778396e-01
3.117285546339828572e-01
3.109802525354669611e-01
3.102354795863178083e-01
3.094942115088752388e-01
3.087564241847881030e-01
3.080220936692850131e-01
3.072911963304995053e-01
3.065637086710565340e-01
3.058396073862484354e-01
3.051188694647410382e-01
3.044014720139477381e-01
3.036873923491526517e-01
3.029766080577039333e-01
3.022690968358325847e-01
3.015648365979529677e-01
3.008638055106807041e-01
3.001659818431488547e-01
2.994713440880669708e-01
2.987798709736297353e-01
2.980915413260111224e-01
2.974063341958558815e-01
2.967242288564735375e-01
2.960452046753782041e-01
2.953692412414629098e-01
2.946963183575543321e-01
2.940264159171325220e-01
2.933595140283638547e-01
2.926955930086062030e-01
2.920346332624337848e-01
2.913766153990045016e-01
2.907215202356233097e-01
2.900693286737427989e-01
2.894200218059187479e-01
2.887735809350255312e-01
2.881299874459217203e-01
2.874892228977460884e-01
2.868512690645430574e-01
2.862161078018469751e-01
2.855837211195830783e-01
2.849540912482621535e-01
2.843272005019820692e-01
2.837030313271299842e-01
2.830815663952967465e-01
2.824627884673879263e-01
2.818466804141043780e-01
2.812332253315646402e-01
2.806224064157249454e-01
2.800142069524236832e-01
2.794086104441741436e-01
2.788056005102991231e-01
2.782051608446664548e-01
2.776072753379357771e-01
2.770119280206213008e-01
2.764191029883489858e-01
2.758287845035432007e-01
2.752409569942608214e-01
2.746556049515673781e-01
2.740727129969747766e-01
2.734922659399666722e-01
2.729142486595736439e-01
2.723386461296912753e-01
2.717654435214490460e-01
2.711946260923169816e-01
2.706261791692181062e-01
2.700600882614112019e-01
2.694963389943345611e-01
2.689349170497198349e-01
2.683758082554477120e-01
2.678189985911616500e-01
2.672644740921859552e-01
2.667122208954301188e-01
2.661622253150986994e-01
2.656144737340427331e-01
2.650689526020226783e-01
2.645256485407710967e-01
2.639845482714669456e-01
2.634456385659833533e-01
2.629089063293635897e-01
2.623743386077022621e-01
2.618419224979194881e-01
2.613116451811987040e-01
2.607834940054852835e-01
2.602574563872381841e-01
2.597335197963466236e-01
2.592116718502033290e-01
2.586919002753886865e-01
2.581741928429668320e-01
2.576585374208206769e-01
2.571449220268224312e-01
2.566333347333750181e-01
2.561237636681504837e-01
2.556161971066637784e-01
2.551106234148992624e-01
2.546070310001991022e-01
2.541054083684050613e-01
2.536057441626655695e-01
2.531080270745379446e-01
2.526122458483409106e-01
2.521183893692305888e-01
2.516264466061378102e-01
2.511364065664762890e-01
2.506482583472499082e-01
2.501619911777940852e-01
2.496775943342498250e-01
2.491950571387095137e-01
2.487143690416037944e-01
2.482355195807791626e-01
2.477584983300869792e-01
2.472832949353243881e-01
2.468098991744433479e-01
2.463383008756753478e-01
2.458684899051600536e-01
2.454004562363317488e-01
2.449341899428630620e-01
2.444696811340089648e-01
2.440069199697539881e-01
2.435458967366749827e-01
2.430866017845232097e-01
2.426290254954581171e-01
2.421731583275425481e-01
2.417189908551999056e-01
2.412665136936046895e-01
2.408157174931047084e-01
2.403665930056435585e-01
2.399191310720378001e-01
2.394733225648851549e-01
2.390291584010083847e-01
2.385866296126745723e-01
2.381457272931297997e-01
2.377064425647296975e-01
2.372687666098610426e-01
2.368326907230050571e-01
2.363982062406763951e-01
2.359653045285425577e-01
2.355339770302531943e-01
2.351042152860307877e-01
2.346760108683517143e-01
2.342493553810307549e-01
2.338242405201145790e-01
2.334006580593557811e-01
2.329785998001744629e-01
2.325580575796729887e-01
2.321390233352347843e-01
2.317214890648123249e-01
2.313054467919794799e-01
2.308908885819205559e-01
2.304778066018313420e-01
2.300661930662973031e-01
2.296560402144867674e-01
2.292473403337405846e-01
2.288400858101862223e-01
2.284342690684577903e-01
2.280298825570656607e-01
2.276269187785023296e-01
2.272253703284116411e-01
2.268252298352924357e-01
2.264264899509615958e-01
2.260291433853033882e-01
2.256331829354511487e-01
2.252386014277877879e-01
2.248453917114932865e-01
2.244535466958746672e-01
2.240630593724651232e-01
2.236739227597415725e-01
2.232861298983817577e-01
2.228996738892434215e-01
2.225145479117838221e-01
2.221307451709709779e-01
2.217482588932367382e-01
2.213670823633674678e-01
2.209872089426552777e-01
2.206086320171340431e-01
2.202313449934416301e-01
2.198553413329969453e-01
2.194806145730456570e-01
2.191071582754355873e-01
2.187349660217176028e-01
2.183640314430469465e-01
2.179943482467875671e-01
2.176259101655159678e-01
2.172587109506803893e-01
2.168927443968044766e-01
2.165280043754036488e-01
2.161644847848588069e-01
2.158021795417328081e-01
2.154410825983182620e-01
2.150811879839624186e-01
2.147224897580813641e-01
2.143649819976796989e-01
2.140086588083564001e-01
2.136535143703566508e-01
2.132995428995035636e-01
2.129467386286479080e-01
2.125950958133403512e-01
2.122446087774196299e-01
2.118952718884172248e-01
2.115470795305760543e-01
2.112000261066933615e-01
2.108541060773237996e-01
2.105093139565068494e-01
2.101656442755620302e-01
2.098230915820701870e-01
2.094816504677323166e-01
2.091413155868958318e-01
2.088020816137766411e-01
2.084639432379539747e-01
2.081268951791967192e-01
2.077909322243200463e-01
2.074560491863853273e-01
2.071222408933230674e-01
2.067895021933212341e-01
2.064578279959508600e-01
2.061272132490059583e-01
2.057976529148616840e-01
2.054691419712327272e-01
2.051416754424144062e-01
2.048152484052540578e-01
2.044898559527833504e-01
2.041654931919193450e-01
2.038421552585730767e-01
2.035198373499434443e-01
2.031985346860474551e-01
2.028782425003393952e-01
2.025589560436575898e-01
2.022406706215388872e-01
2.019233815771080964e-01
2.016070842668195584e-01
2.012917740603550887e-01
2.009774463634678987e-01
2.006640966354289735e-01
2.003517203522575119e-01
2.000403130025230625e-01
1.997298700939224569e-01
1.994203871893966418e-01
1.991118598811551788e-01
1.988042837736057611e-01
1.984976544837967483e-01
1.981919676662823870e-01
1.978872190235795858e-01
1.975834042727176165e-01
1.972805191424515936e-01
1.969785593799196488e-01
1.966775207847622220e-01
1.963773991834830979e-01
1.960781904139726195e-01
1.957798903257784440e-01
1.954824948020169872e-01
1.951859997725125806e-01
1.948904011812778170e-01
1.945956949832857164e-01
1.943018771486771934e-01
1.940089436950891699e-01
1.937168906695846404e-01
1.934257141299950966e-01
1.931354101447637917e-01
1.928459748075171676e-01
1.925574042598851288e-01
1.922696946597355905e-01
1.919828421751847702e-01
1.916968429858611489e-01
1.914116933092801232e-01
1.911273893995387996e-01
1.908439275217329589e-01
1.905613039508517736e-01
1.902795149773825190e-01
1.899985569372143468e-01
1.897184261897452706e-01
1.894391191039909716e-01
1.891606320585491052e-01
1.888829614550328051e-01
1.886061037391407458e-01
1.883300553713582459e-01
1.880548128214267478e-01
1.877803725689462522e-01
1.875067311249885849e-01
1.872338850373072017e-01
1.869618308643458127e-01
1.866905651734863947e-01
1.864200845433719167e-01
1.861503855903381965e-01
1.858814649587755274e-01
1.856133193020942929e-01
1.853459452823371101e-01
1.850793395752784176e-01
1.848134988972587045e-01
1.845484199853707763e-01
1.842840995851013353e-01
1.840205344502744700e-01
1.837577213515680097e-01
1.834956571000054271e-01
1.832343385222745535e-01
1.829737624531455054e-01
1.827139257354712387e-01
1.824548252320410680e-01
