1.000000000000000000e+00
9.947768435360276884e-01
9.895730982497188410e-01
9.843895231455167538e-01
9.792267124522638921e-01
9.740852466962443001e-01
9.689656822772587663e-01
9.638685510826826564e-01
9.587943613302750689e-01
9.537435979302840705e-01
9.487167228270996233e-01
9.437141754885988165e-01
9.387363733345678307e-01
9.337837121169457744e-01
9.288565663931245275e-01
9.239552899960197241e-01
9.190802164717397638e-01
9.142316595030377524e-01
9.094099133980751981e-01
9.046152535599716327e-01
8.998479369454149834e-01
8.951082025145541410e-01
8.903962716888251805e-01
8.857123488316259730e-01
8.810566217097482999e-01
8.764292619514808536e-01
8.718304255027515826e-01
8.672602530781370334e-01
8.627188706088450010e-01
8.582063896970538730e-01
8.537229080592684261e-01
8.492685099638010993e-01
8.448432666632659238e-01
8.404472368217028588e-01
8.360804669359647168e-01
8.317429917510353876e-01
8.274348346689839317e-01
8.231560081512798721e-01
8.189065141142343185e-01
8.146863443173147923e-01
8.104954807442333875e-01
8.063338959767012426e-01
8.022015535604312131e-01
7.980984083634515835e-01
7.940244069266778615e-01
7.899794878066599413e-01
7.859635819104550114e-01
7.819766128225826840e-01
7.780184971240468039e-01
7.740891447033569905e-01
7.701884590594998414e-01
7.663163375971425717e-01
7.624726719139468534e-01
7.586573480800435920e-01
7.548702469097461343e-01
7.511112442255644117e-01
7.473802111146028437e-01
7.436770141774146081e-01
7.400015157694097567e-01
7.363535742349056612e-01
7.327330441339197087e-01
7.291397764618072763e-01
7.255736188614044790e-01
7.220344158260530998e-01
7.185220088999274557e-01
7.150362368714676675e-01
7.115769359591498366e-01
7.081439399908061594e-01
7.047370805766244306e-01
7.013561872758768967e-01
6.980010877547269121e-01
6.946716079398576049e-01
6.913675721720212719e-01
6.880888033500666134e-01
6.848351230690075120e-01
6.816063517525453586e-01
6.784023087770497673e-01
6.752228125936456937e-01
6.720676808509717937e-01
6.689367305081563853e-01
6.658297779425150775e-01
6.627466390505830640e-01
6.596871293462507335e-01
6.566510640609765082e-01
6.536382582346350612e-01
6.506485268012042189e-01
6.476816846698315588e-01
6.447375468069675986e-01
6.418159283135190796e-01
6.389166444953255919e-01
6.360395109314506135e-01
6.331843435430219991e-01
6.303509586549110866e-01
6.275391730523586231e-01
6.247488040390748454e-01
6.219796694965546990e-01
6.192315879292497049e-01
6.165043785089009409e-01
6.137978611286916131e-01
6.111118564494387728e-01
6.084461859288621266e-01
6.058006718597658269e-01
6.031751374253461195e-01
6.005694067197658859e-01
5.979833047695305437e-01
5.954166575831500996e-01
5.928692921828278006e-01
5.903410366057758596e-01
5.878317199408382709e-01
5.853411723762675933e-01
5.828692251851957939e-01
5.804157107477934119e-01
5.779804626107418741e-01
5.755633154631496495e-01
5.731641051455682589e-01
5.707826687171219104e-01
5.684188444232329829e-01
5.660724716959223413e-01
5.637433912273486225e-01
5.614314449242264748e-01
5.591364759090309278e-01
5.568583285967834140e-01
5.545968486290631105e-01
5.523518828921970547e-01
5.501232795841626277e-01
5.479108881283155652e-01
5.457145592275493007e-01
5.435341448937336395e-01
5.413694983593480003e-01
5.392204741761119635e-01
5.370869281733812173e-01
5.349687174116062316e-01
5.328657002953857136e-01
5.307777364551625743e-01
5.287046867988146603e-01
5.266464135481395692e-01
5.246027801214592223e-01
5.225736512699471481e-01
5.205588929727189562e-01
5.185583724464856159e-01
5.165719582227199513e-01
5.145995199964711331e-01
5.126409287787659919e-01
5.106960567785104876e-01
5.087647774219974384e-01
5.068469654181632089e-01
5.049424966039158802e-01
5.030512481214706177e-01
5.011730982430862014e-01
4.993079264699157305e-01
4.974556135063281093e-01
4.956160411776619479e-01
4.937890925754507276e-01
4.919746518492691401e-01
4.901726044067862276e-01
4.883828367279298144e-01
4.866052364722284751e-01
4.848396924334649194e-01
4.830860944843018978e-01
4.813443336915976811e-01
4.796143021214042679e-01
4.778958930564289886e-01
4.761890007468402852e-01
4.744935206290409879e-01
4.728093491224028000e-01
4.711363837649052977e-01
4.694745231176185585e-01
4.678236667794326009e-01
4.661837154156754370e-01
4.645545706527935415e-01
4.629361352169488186e-01
4.613283127327685862e-01
4.597310079409773764e-01
4.581441264364172761e-01
4.565675749276791318e-01
4.550012609512864570e-01
4.534450931386665995e-01
4.518989809368055832e-01
4.503628348583759156e-01
4.488365662264600653e-01
4.473200873965527680e-01
4.458133115312636896e-01
4.443161527926353105e-01
4.428285261449974586e-01
4.413503475221055017e-01
4.398815336516354035e-01
4.384220022051992793e-01
4.369716716353260755e-01
4.355304613183173523e-01
4.340982913932534548e-01
4.326750829084478056e-01
4.312607576516665486e-01
4.298552383108663055e-01
4.284584482853212584e-01
4.270703118703440548e-01
4.256907540405571178e-01
4.243197006660683890e-01
4.229570782621832614e-01
4.216028142404401602e-01
4.202568366243408793e-01
4.189190743319013421e-01
4.175894568654612282e-01
4.162679146120590867e-01
4.149543785274373842e-01
4.136487804276109959e-01
4.123510526990873948e-01
4.110611285459627173e-01
4.097789417639815523e-01
4.085044269052834909e-01
4.072375191526803606e-01
4.059781543690990091e-01
4.047262690994226086e-01
4.034818004853501505e-01
4.022446864032788727e-01
4.010148652499315181e-01
3.997922761937935943e-01
3.985768588747089503e-01
3.973685537030278159e-01
3.961673015600132297e-01
3.949730440433302237e-01
3.937857232715836764e-01
3.926052819842686947e-01
3.914316635219438623e-01
3.902648117359677760e-01
3.891046711561701454e-01
3.879511867372294476e-01
3.868043041437811969e-01
3.856639694479860325e-01
3.845301293815132082e-01
3.834027311460359022e-01
3.822817224883242049e-01
3.811670517280145720e-01
3.800586676061636915e-01
3.789565195150121357e-01
3.778605572073497343e-01
3.767707310725034175e-01
3.756869919060240037e-01
3.746092910264885445e-01
3.735375802736318751e-01
3.724718118725171001e-01
3.714119386594808558e-01
3.703579137968210921e-01
3.693096910306229441e-01
3.682672245016968549e-01
3.672304687987599792e-01
3.661993790346668165e-01
3.651739106402270285e-01
3.641540196290043441e-01
3.631396623305196969e-01
3.621307955625282515e-01
3.611273765827248683e-01
3.601293629803630214e-01
3.591367128925717078e-01
3.581493847330571301e-01
3.571673374128092604e-01
3.561905302238183579e-01
3.552189227936108917e-01
3.542524752610915484e-01
3.532911480190145115e-01
3.523349019441596175e-01
3.513836982622989824e-01
3.504374985191556213e-01
3.494962647472938944e-01
3.485599592156606308e-01
3.476285446480100738e-01
3.467019841094139410e-01
3.457802409501514185e-01
3.448632789944041654e-01
3.439510622915663007e-01
3.430435552995402260e-01
3.421407228323636307e-01
3.412425299426602998e-01
3.403489421439283014e-01
3.394599251803852580e-01
3.385754451370116547e-01
3.376954684863645029e-01
3.368199618993798494e-01
3.359488924705551494e-01
3.350822275619128043e-01
3.342199347906952833e-01
3.333619821910199787e-01
3.325083379856413335e-01
3.316589707416126021e-01
3.308138493585468520e-01
3.299729429192755914e-01
3.291362209062227429e-01
3.283036530360688987e-01
3.274752092595268893e-01
3.266508599150976799e-01
3.258305755127737235e-01
3.250143268662758489e-01
3.242020851128216696e-01
3.233938215470668065e-01
3.225895078185444520e-01
3.217891158224570058e-01
3.209926176337906667e-01
3.201999856967576719e-01
3.194111926367387277e-01
3.186262113036011923e-01
3.178450148904023442e-01
3.170675767354351748e-01
3.162938704473526319e-01
3.155238699302113647e-01
3.147575492216698745e-01
3.139948826643998436e-01
3.132358448440211163e-01
3.124804104846778396e-01
3.117285546339830238e-01
3.109802525354670166e-01
3.102354795863178083e-01
3.094942115088752388e-01
3.087564241847882140e-01
3.080220936692851796e-01
3.072911963304995053e-01
3.065637086710567005e-01
3.058396073862485465e-01
3.051188694647412047e-01
3.044014720139480157e-01
3.036873923491527627e-01
3.029766080577040444e-01
3.022690968358325847e-01
3.015648365979529677e-01
3.008638055106807041e-01
3.001659818431490212e-01
2.994713440880670263e-01
2.987798709736299019e-01
2.980915413260111779e-01
2.974063341958560480e-01
2.967242288564737041e-01
2.960452046753783151e-01
2.953692412414629098e-01
2.946963183575543876e-01
2.940264159171325775e-01
2.933595140283639102e-01
2.926955930086062585e-01
2.920346332624337848e-01
2.913766153990046126e-01
2.907215202356233097e-01
2.900693286737428545e-01
2.894200218059188590e-01
2.887735809350256422e-01
2.881299874459218868e-01
2.874892228977461994e-01
2.868512690645430574e-01
2.862161078018469751e-01
2.855837211195833003e-01
2.849540912482621535e-01
2.843272005019821802e-01
2.837030313271300397e-01
2.830815663952967465e-01
2.824627884673879263e-01
2.818466804141044335e-01
2.812332253315648067e-01
2.806224064157249454e-01
2.800142069524237942e-01
2.794086104441741991e-01
2.788056005102992341e-01
2.782051608446665658e-01
2.776072753379358882e-01
2.770119280206213563e-01
2.764191029883489858e-01
2.758287845035432562e-01
2.752409569942608214e-01
2.746556049515674891e-01
2.740727129969747766e-01
2.734922659399668388e-01
2.729142486595736439e-01
2.723386461296912753e-01
2.717654435214491571e-01
2.711946260923170371e-01
2.706261791692180507e-01
2.700600882614111464e-01
2.694963389943344501e-01
2.689349170497198349e-01
2.683758082554477120e-01
2.678189985911617055e-01
2.672644740921859552e-01
2.667122208954302298e-01
2.661622253150988660e-01
2.656144737340426776e-01
2.650689526020228448e-01
2.645256485407712077e-01
2.639845482714670011e-01
2.634456385659834088e-01
2.629089063293636452e-01
2.623743386077023731e-01
2.618419224979195437e-01
2.613116451811987595e-01
2.607834940054852835e-01
2.602574563872381841e-01
2.597335197963467346e-01
2.592116718502033290e-01
2.586919002753887420e-01
2.581741928429668320e-01
2.576585374208207324e-01
2.571449220268224867e-01
2.566333347333750181e-01
2.561237636681504837e-01
2.556161971066638339e-01
2.551106234148992624e-01
2.546070310001991577e-01
2.541054083684050613e-01
2.536057441626655695e-01
2.531080270745379446e-01
2.526122458483409106e-01
2.521183893692305888e-01
2.516264466061378102e-01
2.511364065664762890e-01
2.506482583472500747e-01
2.501619911777941407e-01
2.496775943342498250e-01
2.491950571387095692e-01
2.487143690416038500e-01
2.482355195807791903e-01
2.477584983300869792e-01
2.472832949353243881e-01
2.468098991744433757e-01
2.463383008756752923e-01
2.458684899051600536e-01
2.454004562363317210e-01
2.449341899428630898e-01
2.444696811340090481e-01
2.440069199697539881e-01
2.435458967366749827e-01
2.430866017845232097e-01
2.426290254954581727e-01
2.421731583275426036e-01
2.417189908551998778e-01
2.412665136936046617e-01
2.408157174931046807e-01
2.403665930056434752e-01
2.399191310720377446e-01
2.394733225648851271e-01
2.390291584010083292e-01
2.385866296126746833e-01
2.381457272931297720e-01
2.377064425647296697e-01
2.372687666098610981e-01
2.368326907230051126e-01
2.363982062406765339e-01
2.359653045285425854e-01
2.355339770302531943e-01
2.351042152860307877e-01
2.346760108683518253e-01
2.342493553810307827e-01
2.338242405201146346e-01
2.334006580593557811e-01
2.329785998001744629e-01
2.325580575796730998e-01
2.321390233352347843e-01
2.317214890648123249e-01
2.313054467919794244e-01
2.308908885819206114e-01
2.304778066018313420e-01
2.300661930662973587e-01
2.296560402144867952e-01
2.292473403337406956e-01
2.288400858101863611e-01
2.284342690684578459e-01
2.280298825570657162e-01
2.276269187785023296e-01
2.272253703284116133e-01
2.268252298352924634e-01
2.264264899509615958e-01
2.260291433853033882e-01
2.256331829354511487e-01
2.252386014277877879e-01
2.248453917114932865e-01
2.244535466958746395e-01
2.240630593724651232e-01
2.236739227597415447e-01
2.232861298983817022e-01
2.228996738892433938e-01
2.225145479117838221e-01
2.221307451709709779e-01
2.217482588932367382e-01
2.213670823633674678e-01
2.209872089426552777e-01
2.206086320171340431e-01
2.202313449934416023e-01
2.198553413329969453e-01
2.194806145730456570e-01
2.191071582754355873e-01
2.187349660217175473e-01
2.183640314430468909e-01
2.179943482467875393e-01
2.176259101655159123e-01
2.172587109506803615e-01
2.168927443968044766e-01
2.165280043754036488e-01
2.161644847848587792e-01
2.158021795417327804e-01
2.154410825983182065e-01
2.150811879839623630e-01
2.147224897580813086e-01
2.143649819976796711e-01
2.140086588083563723e-01
2.136535143703565953e-01
2.132995428995035081e-01
2.129467386286478803e-01
2.125950958133402957e-01
2.122446087774196299e-01
2.118952718884171971e-01
2.115470795305760265e-01
2.112000261066933338e-01
2.108541060773237719e-01
2.105093139565068217e-01
2.101656442755619747e-01
2.098230915820701592e-01
2.094816504677322611e-01
2.091413155868958040e-01
2.088020816137766411e-01
2.084639432379539470e-01
2.081268951791966915e-01
2.077909322243200185e-01
2.074560491863852996e-01
2.071222408933230397e-01
2.067895021933212063e-01
2.064578279959508600e-01
2.061272132490059583e-01
2.057976529148616285e-01
2.054691419712326994e-01
2.051416754424144062e-01
2.048152484052540578e-01
2.044898559527832949e-01
2.041654931919193172e-01
2.038421552585730212e-01
2.035198373499434166e-01
2.031985346860473995e-01
2.028782425003393675e-01
2.025589560436575620e-01
2.022406706215388594e-01
2.019233815771080409e-01
2.016070842668195306e-01
2.012917740603550609e-01
2.009774463634678987e-01
2.006640966354289457e-01
2.003517203522574841e-01
2.000403130025230347e-01
1.997298700939224292e-01
1.994203871893965863e-01
1.991118598811551510e-01
1.988042837736057333e-01
1.984976544837967483e-01
1.981919676662823593e-01
1.978872190235795858e-01
1.975834042727176165e-01
1.972805191424515658e-01
1.969785593799196211e-01
1.966775207847621665e-01
1.963773991834830424e-01
1.960781904139725917e-01
1.957798903257783885e-01
1.954824948020169595e-01
1.951859997725125251e-01
1.948904011812777892e-01
1.945956949832856886e-01
1.943018771486771656e-01
1.940089436950891699e-01
1.937168906695846127e-01
1.934257141299950689e-01
1.931354101447637361e-01
1.928459748075171121e-01
1.925574042598851010e-01
1.922696946597355627e-01
1.919828421751847425e-01
1.916968429858611211e-01
1.914116933092800954e-01
1.911273893995387996e-01
1.908439275217329589e-01
1.905613039508517736e-01
1.902795149773825190e-01
1.899985569372143468e-01
1.897184261897452706e-01
1.894391191039909716e-01
1.891606320585491052e-01
1.888829614550328051e-01
1.886061037391407458e-01
1.883300553713582459e-01
1.880548128214267478e-01
1.877803725689462522e-01
1.875067311249885849e-01
1.872338850373072017e-01
1.869618308643458127e-01
1.866905651734863947e-01
1.864200845433719167e-01
1.861503855903381688e-01
1.858814649587754997e-01
1.856133193020942651e-01
1.853459452823370823e-01
1.850793395752783899e-01
1.848134988972587045e-01
1.845484199853707485e-01
1.842840995851013353e-01
1.840205344502744700e-01
1.837577213515680097e-01
1.834956571000054271e-01
1.832343385222745535e-01
1.829737624531455054e-01
1.827139257354712387e-01
1.824548252320410680e-01
