1.000000000000000000e+00
9.945698067416344212e-01
9.891630902805894632e-01
9.837805894651777683e-01
9.784228784695364611e-01
9.730905149981126101e-01
9.677840301781791554e-01
9.625039283012311042e-01
9.572506877922627444e-01
9.520247616933927848e-01
9.468265781217400923e-01
9.416565408842129115e-01
9.365150300222317981e-01
9.314024023021764132e-01
9.263189918042590287e-01
9.212651105033159427e-01
9.162410488117762597e-01
9.112470761053054202e-01
9.062834413151641400e-01
9.013503734958401292e-01
8.964480823782399188e-01
8.915767589103779089e-01
8.867365758044578605e-01
8.819276881037840798e-01
8.771502337262738758e-01
8.724043340015340542e-01
8.676900942028097363e-01
8.630076040703773543e-01
8.583569383293934152e-01
8.537381572108141414e-01
8.491513069578552342e-01
8.445964203236304702e-01
8.400735170607961377e-01
8.355826044028576982e-01
8.311236775368403551e-01
8.266967200670397586e-01
8.223017044696248057e-01
8.179385925378913624e-01
8.136073358179901627e-01
8.093078760349476930e-01
8.050401455090208103e-01
8.008040675622455362e-01
7.965995569148954791e-01
7.924265200720200797e-01
7.882848557000561307e-01
7.841744549935290021e-01
7.800952020318556723e-01
7.760469741263057442e-01
7.720296421571665180e-01
7.680430709011624169e-01
7.640871193491010072e-01
7.601616410141180946e-01
7.562664842305192314e-01
7.524014924432987916e-01
7.485665044885009278e-01
7.447613548645508619e-01
7.409858739947059458e-01
7.372398884807728203e-01
7.335232213482419938e-01
7.298356922829992710e-01
7.261771178597690168e-01
7.225473117624489072e-01
7.189460849962382438e-01
7.153732460902018087e-01
7.118286012953866093e-01
7.083119547757318335e-01
7.048231087906369208e-01
7.013618638704398611e-01
6.979280189849709215e-01
6.945213717053186908e-01
6.911417183572603484e-01
6.877888541692995794e-01
6.844625734189037081e-01
6.811626695697261535e-01
6.778889354025200431e-01
6.746411631402199349e-01
6.714191445660121493e-01
6.682226711381638040e-01
6.650515341026862481e-01
6.619055245976956936e-01
6.587844337524042526e-01
6.556880527811934645e-01
6.526161730752929602e-01
6.495685862908179287e-01
6.465450844298880062e-01
6.435454599171902546e-01
6.405695056759086459e-01
6.376170152006566116e-01
6.346877826216065221e-01
6.317816027653123667e-01
6.288982712168468270e-01
6.260375843831756937e-01
6.231993395398000013e-01
6.203833348770970701e-01
6.175893695529250937e-01
6.148172437475992735e-01
6.120667586928528747e-01
6.093377167060148869e-01
6.066299212417244346e-01
6.039431769310867892e-01
6.012772895944072937e-01
5.986320662715483021e-01
5.960073152787715989e-01
5.934028462142691973e-01
5.908184699663249217e-01
5.882539987625505784e-01
5.857092461968715913e-01
5.831840272122360558e-01
5.806781581327097319e-01
5.781914567144438299e-01
5.757237421113424736e-01
5.732748348888404566e-01
5.708445570900507748e-01
5.684327321939108835e-01
5.660391851126805873e-01
5.636637422672606812e-01
5.613062315392207680e-01
5.589664822577748993e-01
5.566443252830819421e-01
5.543395929448591275e-01
5.520521190305388570e-01
5.497817388737263888e-01
5.475282892695692016e-01
5.452916084832387655e-01
5.430715363290894437e-01
5.408679140614477410e-01
5.386805844263430343e-01
5.365093916991867662e-01
5.343541815711921883e-01
5.322148012557059715e-01
5.300910994441969670e-01
5.279829262381936505e-01
5.258901332790848482e-01
5.238125736113753428e-01
5.217501017273589170e-01
5.197025736165727938e-01
5.176698466211697713e-01
5.156517795850994457e-01
5.136482327414959581e-01
5.116590677063546089e-01
5.096841475746202166e-01
5.077233367411390086e-01
5.057765010648070936e-01
5.038435077451612898e-01
5.019242253255032926e-01
5.000185237779355418e-01
4.981262743192690357e-01
4.962473496057408506e-01
4.943816235448410534e-01
4.925289713870647512e-01
4.906892697135935011e-01
4.888623963260271266e-01
4.870482304167755849e-01
4.852466523333322512e-01
4.834575437914261364e-01
4.816807876819815815e-01
4.799162681686447995e-01
4.781638706572460262e-01
4.764234817129550104e-01
4.746949892022238049e-01
4.729782820661615483e-01
4.712732505611477163e-01
4.695797859888441450e-01
4.678977809222819584e-01
4.662271290002495405e-01
4.645677250523650437e-01
4.629194650175224024e-01
4.612822459344336212e-01
4.596559659951236498e-01
4.580405244078719629e-01
4.564358215652004613e-01
4.548417588097438680e-01
4.532582386795910856e-01
4.516851646180519153e-01
4.501224412541971476e-01
4.485699740974941618e-01
4.470276698161982365e-01
4.454954359482312110e-01
4.439731811536752337e-01
4.424608149581070182e-01
4.409582479696139146e-01
4.394653916587213383e-01
4.379821585401279527e-01
4.365084619856920978e-01
4.350442163770092407e-01
4.335893369434106193e-01
4.321437398948744790e-01
4.307073422745363867e-01
4.292800620831498937e-01
4.278618181344540083e-01
4.264525301830863757e-01
4.250521187708687365e-01
4.236605053699762369e-01
4.222776122086892570e-01
4.209033624407020890e-01
4.195376799403217061e-01
4.181804895067250949e-01
4.168317166214607905e-01
4.154912876925991316e-01
4.141591297724533938e-01
4.128351708400656572e-01
4.115193394852833531e-01
4.102115652178260907e-01
4.089117781361999437e-01
4.076199092376038280e-01
4.063358901040104998e-01
4.050596531755141783e-01
4.037911314940281771e-01
4.025302588987281771e-01
4.012769698676599273e-01
4.000311995980042057e-01
3.987928839776075374e-01
3.975619595258204075e-01
3.963383635086381585e-01
3.951220337400632721e-01
3.939129088238821907e-01
3.927109278532153191e-01
3.915160307179223476e-01
3.903281577869813779e-01
3.891472501780566806e-01
3.879732495322856245e-01
3.868060981448675495e-01
3.856457389145671599e-01
3.844921152795190422e-01
3.833451713642920811e-01
3.822048517370189580e-01
3.810711016937491369e-01
3.799438669445697747e-01
3.788230938863527686e-01
3.777087293849302752e-01
3.766007208801215866e-01
3.754990163846904094e-01
3.744035643550044923e-01
3.733143139076015582e-01
3.722312145285006091e-01
3.711542163618689605e-01
3.700832699559837846e-01
3.690183264085209469e-01
3.679593373356151442e-01
3.669062547589393430e-01
3.658590313184140186e-01
3.648176199858443325e-01
3.637819743374410830e-01
3.627520483394083284e-01
3.617277964295405046e-01
3.607091735676231647e-01
3.596961350448855677e-01
3.586886367467189696e-01
3.576866348730524114e-01
3.566900861340588924e-01
3.556989476737346112e-01
3.547131769851489258e-01
3.537327321135166347e-01
3.527575713826044956e-01
3.517876536324258119e-01
3.508229380766131889e-01
3.498633842827321705e-01
3.489089523303825491e-01
3.479596025562102790e-01
3.470152957976835872e-01
3.460759932333293265e-01
3.451416563792717440e-01
3.442122472380809706e-01
3.432877280509927242e-01
3.423680615302046593e-01
3.414532107207352007e-01
3.405431389684897003e-01
3.396378100941122580e-01
3.387371881429740994e-01
3.378412375855536776e-01
3.369499232399350563e-01
3.360632101745858469e-01
3.351810639236630918e-01
3.343034502473269387e-01
3.334303352632959072e-01
3.325616854701562430e-01
3.316974675704104647e-01
3.308376487009946909e-01
3.299821962575766876e-01
3.291310779054895663e-01
3.282842617253842743e-01
3.274417159849418169e-01
3.266034093109523306e-01
3.257693106542022266e-01
3.249393891554089309e-01
3.241136143631088151e-01
3.232919560515062352e-01
3.224743842422639339e-01
3.216608693427052135e-01
3.208513819291045066e-01
3.200458928954368898e-01
3.192443734510418962e-01
3.184467949664742115e-01
3.176531291771630405e-01
3.168633480546474979e-01
3.160774237598497072e-01
3.152953288254680686e-01
3.145170359586904607e-01
3.137425181039393274e-01
3.129717485444735159e-01
3.122047007066754976e-01
3.114413482998542038e-01
3.106816653205481393e-01
3.099256259008700831e-01
3.091732044882054553e-01
3.084243757633530203e-01
3.076791145511679204e-01
3.069373960064454288e-01
3.061991954708606078e-01
3.054644884482856648e-01
3.047332507695487691e-01
3.040054584176787311e-01
3.032810875596854694e-01
3.025601146731594082e-01
3.018425163653911669e-01
3.011282694473667587e-01
3.004173510183575924e-01
2.997097382934796883e-01
2.990054087067031685e-01
2.983043399572284371e-01
2.976065098517021723e-01
2.969118964255245685e-01
2.962204779584364234e-01
2.955322328323244374e-01
2.948471396626723973e-01
2.941651772920449992e-01
2.934863246613019783e-01
2.928105609452801295e-01
2.921378655328367713e-01
2.914682179076895086e-01
2.908015977840633925e-01
2.901379850814255756e-01
2.894773598105727652e-01
2.888197022059199592e-01
2.881649927024689806e-01
2.875132118228496680e-01
2.868643403031733707e-01
2.862183590793200283e-01
2.855752491712073016e-01
2.849349917988142633e-01
2.842975683844797263e-01
2.836629604316689979e-01
2.830311496271187277e-01
2.824021178652341146e-01
2.817758471201056159e-01
2.811523195290438482e-01
2.805315174438855474e-01
2.799134232971316472e-01
2.792980196618290445e-01
2.786852893320093671e-01
2.780752151868248201e-01
2.774677802222462741e-01
2.768629676581866872e-01
2.762607608087463418e-01
2.756611430829692400e-01
2.750640981086908132e-01
2.744696096232260851e-01
2.738776614415523447e-01
2.732882375806193753e-01
2.727013221890027261e-01
2.721168994815247877e-01
2.715349538469895574e-01
2.709554698319651123e-01
2.703784320451333989e-01
2.698038252333276876e-01
2.692316343255232725e-01
2.686618443172776871e-01
2.680944403053101555e-01
2.675294075819120709e-01
2.669667315204071745e-01
2.664063975670232232e-01
2.658483913539760879e-01
2.652926986220695005e-01
2.647393051694323929e-01
2.641881969470311620e-01
2.636393600502152657e-01
2.630927806286667003e-01
2.625484449404102416e-01
2.620063394167470583e-01
2.614664505537940276e-01
2.609287649183235636e-01
2.603932692514582814e-01
2.598599503868058713e-01
2.593287952096721694e-01
2.587997907448310597e-01
2.582729241510607898e-01
2.577481826364712569e-01
2.572255534993328485e-01
2.567050242020551543e-01
2.561865822711498764e-01
2.556702152888853385e-01
2.551559109892839183e-01
2.546436572083244365e-01
2.541334418261941286e-01
2.536252528261971895e-01
2.531190783367197605e-01
2.526149065377548686e-01
2.521127256676194972e-01
2.516125241150535263e-01
2.511142903526019099e-01
2.506180128943524821e-01
2.501236803589603763e-01
2.496312814969234017e-01
2.491408051047629968e-01
2.486522400348140094e-01
2.481655752824478423e-01
2.476807999204327371e-01
2.471979030601161587e-01
2.467168739082542805e-01
2.462377017989261507e-01
2.457603761104875384e-01
2.452848862695919396e-01
2.448112218343609925e-01
2.443393724438364945e-01
2.438693277727098652e-01
2.434010775729109066e-01
2.429346117251605652e-01
2.424699201570636176e-01
2.420069928353504318e-01
2.415458198386640498e-01
2.410863913395519531e-01
2.406286975451017718e-01
2.401727287166807445e-01
2.397184752425701726e-01
2.392659275690110499e-01
2.388150761747864503e-01
2.383659116198147410e-01
2.379184245758743932e-01
2.374726057530491263e-01
2.370284458979140529e-01
2.365859358627069309e-01
2.361450665824469664e-01
2.357058290230719111e-01
2.352682141977993358e-01
2.348322132361180536e-01
2.343978173232769135e-01
2.339650176735140197e-01
2.335338055657726342e-01
2.331041723880080963e-01
2.326761095671205093e-01
2.322496085596336690e-01
2.318246609047665552e-01
2.314012582331636814e-01
2.309793922061153248e-01
2.305590545175611739e-01
2.301402369572467244e-01
2.297229313869146028e-01
2.293071296952309823e-01
2.288928238088364098e-01
2.284800057563921571e-01
2.280686676218528219e-01
2.276588015144767607e-01
2.272503995884258554e-01
2.268434540994704596e-01
2.264379573465120365e-01
2.260339016528979394e-01
2.256312793941719630e-01
2.252300830424128208e-01
2.248303051050208057e-01
2.244319381132719449e-01
2.240349746567038558e-01
2.236394074146313971e-01
2.232452290967843755e-01
2.228524324363582998e-01
2.224610102288905322e-01
2.220709553531722558e-01
2.216822607152936220e-01
2.212949192444090551e-01
2.209089239339625255e-01
2.205242678553372970e-01
2.201409441052077642e-01
2.197589458027758569e-01
2.193782661314681026e-01
2.189988983489492558e-01
2.186208357368891464e-01
2.182440715987380708e-01
2.178685993002664745e-01
2.174944122794731649e-01
2.171215039976145678e-01
2.167498679367902414e-01
2.163794976378035084e-01
2.160103867132442401e-01
2.156425287987198680e-01
2.152759175496556654e-01
2.149105466749460236e-01
2.145464099560876470e-01
2.141835011979703329e-01
2.138218142243329123e-01
2.134613429056871070e-01
2.131020811866490561e-01
2.127440230364845142e-01
2.123871624425119065e-01
2.120314934310674748e-01
2.116770101037887819e-01
2.113237065895675615e-01
2.109715770347283526e-01
2.106206156166859911e-01
2.102708165874188906e-01
2.099221742308448047e-01
2.095746828477463020e-01
2.092283367632074564e-01
2.088831303721965238e-01
2.085390581091107476e-01
2.081961144247569673e-01
2.078542937892973452e-01
2.075135907335105001e-01
2.071739998373407499e-01
2.068355156973235853e-01
2.064981329264452270e-01
2.061618461852288142e-01
2.058266501933334880e-01
2.054925396888630795e-01
2.051595094251601470e-01
2.048275541886946938e-01
2.044966688314831249e-01
2.041668482291662534e-01
2.038380872721134440e-01
2.035103808724899321e-01
2.031837240051996285e-01
2.028581116794526129e-01
2.025335389187781776e-01
2.022100007624977880e-01
2.018874922995207433e-01
2.015660086675040708e-01
2.012455450193701700e-01
2.009260965218302442e-01
2.006076583734782426e-01
2.002902258324501528e-01
1.999737941774106798e-01
1.996583587003300242e-01
1.993439147118056809e-01
1.990304575787912589e-01
1.987179827020223999e-01
1.984064854952499735e-01
1.980959613855898527e-01
1.977864058392710955e-01
1.974778143730002711e-01
1.971701825188947599e-01
1.968635058214961986e-01
1.965577798462230519e-01
1.962530002142659769e-01
1.959491625727932396e-01
1.956462625810093947e-01
1.953442959110370802e-01
1.950432582753540978e-01
1.947431454311393528e-01
1.944439531490654571e-01
1.941456772114109053e-01
1.938483134205960801e-01
1.935518576318942530e-01
1.932563057243452953e-01
1.929616535882320016e-01
1.926678971256835793e-01
1.923750322751869857e-01
1.920830550189618069e-01
1.917919613523035860e-01
1.915017472813532462e-01
1.912124088287130985e-01
1.909239420656036190e-01
1.906363430893837918e-01
1.903496080079663810e-01
1.900637329398464637e-01
1.897787140313192122e-01
1.894945474746921321e-01
1.892112294768475700e-01
1.889287562548070676e-01
1.886471240376710601e-01
1.883663290946520075e-01
1.880863677282657576e-01
1.878072362514692228e-01
1.875289309870064314e-01
1.872514482746810149e-01
1.869747845000833963e-01
1.866989360694762956e-01
1.864238993986086501e-01
1.861496709127861970e-01
1.858762470627972063e-01
1.856036243416360754e-01
1.853317992555188198e-01
1.850607683198167708e-01
1.847905280600944666e-01
1.845210750357346996e-01
1.842524058398740117e-01
1.839845170756059523e-01
1.837174053548635555e-01
1.834510673017062665e-01
1.831854995794040264e-01
1.829206988762345776e-01
1.826566618892004334e-01
1.823933853238407510e-01
1.821308659008880615e-01
1.818691003819622731e-01
1.816080855468329147e-01
1.813478181835454783e-01
1.810882950883988818e-01
1.808295130765511793e-01
1.805714690025818359e-01
1.803141597348184855e-01
1.800575821495807582e-01
1.798017331312550260e-01
1.795466095864070855e-01
