1.000000000000000000e+00
9.947768435360276884e-01
9.895730982497189521e-01
9.843895231455166428e-01
9.792267124522637811e-01
9.740852466962440781e-01
9.689656822772587663e-01
9.638685510826823233e-01
9.587943613302750689e-01
9.537435979302840705e-01
9.487167228270996233e-01
9.437141754885985945e-01
9.387363733345679417e-01
9.337837121169457744e-01
9.288565663931246386e-01
9.239552899960197241e-01
9.190802164717397638e-01
9.142316595030377524e-01
9.094099133980753091e-01
9.046152535599715216e-01
8.998479369454147614e-01
8.951082025145541410e-01
8.903962716888249584e-01
8.857123488316259730e-01
8.810566217097482999e-01
8.764292619514807425e-01
8.718304255027515826e-01
8.672602530781372554e-01
8.627188706088450010e-01
8.582063896970538730e-01
8.537229080592687591e-01
8.492685099638017654e-01
8.448432666632660348e-01
8.404472368217028588e-01
8.360804669359647168e-01
8.317429917510353876e-01
8.274348346689839317e-01
8.231560081512797611e-01
8.189065141142343185e-01
8.146863443173151254e-01
8.104954807442331655e-01
8.063338959767014646e-01
8.022015535604313241e-01
7.980984083634516946e-01
7.940244069266778615e-01
7.899794878066602744e-01
7.859635819104552334e-01
7.819766128225825730e-01
7.780184971240468039e-01
7.740891447033574346e-01
7.701884590594999525e-01
7.663163375971424607e-01
7.624726719139469644e-01
7.586573480800435920e-01
7.548702469097461343e-01
7.511112442255643007e-01
7.473802111146032878e-01
7.436770141774146081e-01
7.400015157694098678e-01
7.363535742349055502e-01
7.327330441339197087e-01
7.291397764618068322e-01
7.255736188614045901e-01
7.220344158260532108e-01
7.185220088999272336e-01
7.150362368714674455e-01
7.115769359591498366e-01
7.081439399908061594e-01
7.047370805766242086e-01
7.013561872758768967e-01
6.980010877547270232e-01
6.946716079398572719e-01
6.913675721720212719e-01
6.880888033500667245e-01
6.848351230690077340e-01
6.816063517525453586e-01
6.784023087770497673e-01
6.752228125936455827e-01
6.720676808509716826e-01
6.689367305081569404e-01
6.658297779425152996e-01
6.627466390505833971e-01
6.596871293462509556e-01
6.566510640609765082e-01
6.536382582346352832e-01
6.506485268012039969e-01
6.476816846698315588e-01
6.447375468069675986e-01
6.418159283135191906e-01
6.389166444953253698e-01
6.360395109314507245e-01
6.331843435430219991e-01
6.303509586549110866e-01
6.275391730523586231e-01
6.247488040390749564e-01
6.219796694965546990e-01
6.192315879292498160e-01
6.165043785089010520e-01
6.137978611286918351e-01
6.111118564494386618e-01
6.084461859288621266e-01
6.058006718597660489e-01
6.031751374253461195e-01
6.005694067197656638e-01
5.979833047695307657e-01
5.954166575831502106e-01
5.928692921828279117e-01
5.903410366057756375e-01
5.878317199408383820e-01
5.853411723762673713e-01
5.828692251851955719e-01
5.804157107477935229e-01
5.779804626107422072e-01
5.755633154631497606e-01
5.731641051455680369e-01
5.707826687171220215e-01
5.684188444232329829e-01
5.660724716959222302e-01
5.637433912273484005e-01
5.614314449242263638e-01
5.591364759090308167e-01
5.568583285967834140e-01
5.545968486290631105e-01
5.523518828921970547e-01
5.501232795841627388e-01
5.479108881283154542e-01
5.457145592275495227e-01
5.435341448937337505e-01
5.413694983593483334e-01
5.392204741761119635e-01
5.370869281733812173e-01
5.349687174116063426e-01
5.328657002953857136e-01
5.307777364551626853e-01
5.287046867988144383e-01
5.266464135481394582e-01
5.246027801214588893e-01
5.225736512699467040e-01
5.205588929727187342e-01
5.185583724464856159e-01
5.165719582227198403e-01
5.145995199964710221e-01
5.126409287787659919e-01
5.106960567785105987e-01
5.087647774219973273e-01
5.068469654181629869e-01
5.049424966039158802e-01
5.030512481214703957e-01
5.011730982430862014e-01
4.993079264699154529e-01
4.974556135063278872e-01
4.956160411776617258e-01
4.937890925754507276e-01
4.919746518492691401e-01
4.901726044067862831e-01
4.883828367279297589e-01
4.866052364722283086e-01
4.848396924334646974e-01
4.830860944843016758e-01
4.813443336915975146e-01
4.796143021214043234e-01
4.778958930564291552e-01
4.761890007468402852e-01
4.744935206290409879e-01
4.728093491224025779e-01
4.711363837649051312e-01
4.694745231176185585e-01
4.678236667794325454e-01
4.661837154156752150e-01
4.645545706527933749e-01
4.629361352169484856e-01
4.613283127327683641e-01
4.597310079409773209e-01
4.581441264364172761e-01
4.565675749276791318e-01
4.550012609512863460e-01
4.534450931386666550e-01
4.518989809368054167e-01
4.503628348583758045e-01
4.488365662264598988e-01
4.473200873965527680e-01
4.458133115312636896e-01
4.443161527926352550e-01
4.428285261449971810e-01
4.413503475221054462e-01
4.398815336516352925e-01
4.384220022051992238e-01
4.369716716353258534e-01
4.355304613183172968e-01
4.340982913932531773e-01
4.326750829084476946e-01
4.312607576516661601e-01
4.298552383108660835e-01
4.284584482853212584e-01
4.270703118703441659e-01
4.256907540405568957e-01
4.243197006660681669e-01
4.229570782621832059e-01
4.216028142404401602e-01
4.202568366243408238e-01
4.189190743319012311e-01
4.175894568654610617e-01
4.162679146120590867e-01
4.149543785274371621e-01
4.136487804276109403e-01
4.123510526990873393e-01
4.110611285459624953e-01
4.097789417639813303e-01
4.085044269052833799e-01
4.072375191526803051e-01
4.059781543690989536e-01
4.047262690994225531e-01
4.034818004853501505e-01
4.022446864032788172e-01
4.010148652499314070e-01
3.997922761937934832e-01
3.985768588747088947e-01
3.973685537030277604e-01
3.961673015600132297e-01
3.949730440433302237e-01
3.937857232715836209e-01
3.926052819842686947e-01
3.914316635219439178e-01
3.902648117359675539e-01
3.891046711561700899e-01
3.879511867372294476e-01
3.868043041437811969e-01
3.856639694479858105e-01
3.845301293815130972e-01
3.834027311460358467e-01
3.822817224883241494e-01
3.811670517280145720e-01
3.800586676061639135e-01
3.789565195150119692e-01
3.778605572073497898e-01
3.767707310725031955e-01
3.756869919060240037e-01
3.746092910264883225e-01
3.735375802736318751e-01
3.724718118725170446e-01
3.714119386594808003e-01
3.703579137968210921e-01
3.693096910306228886e-01
3.682672245016968549e-01
3.672304687987599792e-01
3.661993790346665945e-01
3.651739106402270285e-01
3.641540196290041775e-01
3.631396623305196969e-01
3.621307955625283626e-01
3.611273765827248683e-01
3.601293629803630214e-01
3.591367128925715968e-01
3.581493847330570746e-01
3.571673374128091494e-01
3.561905302238181914e-01
3.552189227936107252e-01
3.542524752610915484e-01
3.532911480190144005e-01
3.523349019441596730e-01
3.513836982622988159e-01
3.504374985191555103e-01
3.494962647472938944e-01
3.485599592156604642e-01
3.476285446480100738e-01
3.467019841094139410e-01
3.457802409501513630e-01
3.448632789944042210e-01
3.439510622915661897e-01
3.430435552995401149e-01
3.421407228323635197e-01
3.412425299426600223e-01
3.403489421439281903e-01
3.394599251803852025e-01
3.385754451370117102e-01
3.376954684863644474e-01
3.368199618993798494e-01
3.359488924705549273e-01
3.350822275619126933e-01
3.342199347906952833e-01
3.333619821910199787e-01
3.325083379856412780e-01
3.316589707416124355e-01
3.308138493585467965e-01
3.299729429192754804e-01
3.291362209062226318e-01
3.283036530360687322e-01
3.274752092595268338e-01
3.266508599150976799e-01
3.258305755127735015e-01
3.250143268662757379e-01
3.242020851128216141e-01
3.233938215470666955e-01
3.225895078185443410e-01
3.217891158224569503e-01
3.209926176337904447e-01
3.201999856967574498e-01
3.194111926367385612e-01
3.186262113036010812e-01
3.178450148904020667e-01
3.170675767354350083e-01
3.162938704473523543e-01
3.155238699302110317e-01
3.147575492216696524e-01
3.139948826643996771e-01
3.132358448440210053e-01
3.124804104846777841e-01
3.117285546339828017e-01
3.109802525354667946e-01
3.102354795863175863e-01
3.094942115088752388e-01
3.087564241847881585e-01
3.080220936692850686e-01
3.072911963304994498e-01
3.065637086710565340e-01
3.058396073862483244e-01
3.051188694647409272e-01
3.044014720139477381e-01
3.036873923491524851e-01
3.029766080577037113e-01
3.022690968358324737e-01
3.015648365979528567e-01
3.008638055106805376e-01
3.001659818431488547e-01
2.994713440880669153e-01
2.987798709736296798e-01
2.980915413260110114e-01
2.974063341958558815e-01
2.967242288564734820e-01
2.960452046753780930e-01
2.953692412414627988e-01
2.946963183575542766e-01
2.940264159171324110e-01
2.933595140283636882e-01
2.926955930086060365e-01
2.920346332624336738e-01
2.913766153990043906e-01
2.907215202356231432e-01
2.900693286737427434e-01
2.894200218059187479e-01
2.887735809350254201e-01
2.881299874459216648e-01
2.874892228977459774e-01
2.868512690645429464e-01
2.862161078018468641e-01
2.855837211195830228e-01
2.849540912482619315e-01
2.843272005019819582e-01
2.837030313271298732e-01
2.830815663952966355e-01
2.824627884673878153e-01
2.818466804141043225e-01
2.812332253315646957e-01
2.806224064157249454e-01
2.800142069524235722e-01
2.794086104441740326e-01
2.788056005102990120e-01
2.782051608446662883e-01
2.776072753379356661e-01
2.770119280206211898e-01
2.764191029883489303e-01
2.758287845035430896e-01
2.752409569942605994e-01
2.746556049515672671e-01
2.740727129969747211e-01
2.734922659399666722e-01
2.729142486595734773e-01
2.723386461296911643e-01
2.717654435214489350e-01
2.711946260923169261e-01
2.706261791692179397e-01
2.700600882614109244e-01
2.694963389943343390e-01
2.689349170497196684e-01
2.683758082554474900e-01
2.678189985911615945e-01
2.672644740921858997e-01
2.667122208954300078e-01
2.661622253150985884e-01
2.656144737340424555e-01
2.650689526020225673e-01
2.645256485407709857e-01
2.639845482714667235e-01
2.634456385659832423e-01
2.629089063293634787e-01
2.623743386077022066e-01
2.618419224979194326e-01
2.613116451811986485e-01
2.607834940054851725e-01
2.602574563872380731e-01
2.597335197963465681e-01
2.592116718502032180e-01
2.586919002753885755e-01
2.581741928429667210e-01
2.576585374208205659e-01
2.571449220268224312e-01
2.566333347333749071e-01
2.561237636681503727e-01
2.556161971066636673e-01
2.551106234148992069e-01
2.546070310001990467e-01
2.541054083684049503e-01
2.536057441626654585e-01
2.531080270745378891e-01
2.526122458483407995e-01
2.521183893692304223e-01
2.516264466061377547e-01
2.511364065664761780e-01
2.506482583472499082e-01
2.501619911777940297e-01
2.496775943342497139e-01
2.491950571387093749e-01
2.487143690416036557e-01
2.482355195807791626e-01
2.477584983300869237e-01
2.472832949353243326e-01
2.468098991744432646e-01
2.463383008756752368e-01
2.458684899051598594e-01
2.454004562363316377e-01
2.449341899428629787e-01
2.444696811340088261e-01
2.440069199697539326e-01
2.435458967366749272e-01
2.430866017845230709e-01
2.426290254954580616e-01
2.421731583275424371e-01
2.417189908551998501e-01
2.412665136936045229e-01
2.408157174931045141e-01
2.403665930056433642e-01
2.399191310720376891e-01
2.394733225648850439e-01
2.390291584010082460e-01
2.385866296126745167e-01
2.381457272931297442e-01
2.377064425647296420e-01
2.372687666098610426e-01
2.368326907230049461e-01
2.363982062406763951e-01
2.359653045285424189e-01
2.355339770302531388e-01
2.351042152860306211e-01
2.346760108683515478e-01
2.342493553810306717e-01
2.338242405201144680e-01
2.334006580593556979e-01
2.329785998001743519e-01
2.325580575796729332e-01
2.321390233352346733e-01
2.317214890648121584e-01
2.313054467919792856e-01
2.308908885819204726e-01
2.304778066018312033e-01
2.300661930662972476e-01
2.296560402144866286e-01
2.292473403337404736e-01
2.288400858101861668e-01
2.284342690684576516e-01
2.280298825570655497e-01
2.276269187785021908e-01
2.272253703284114190e-01
2.268252298352923801e-01
2.264264899509614570e-01
2.260291433853031939e-01
2.256331829354510377e-01
2.252386014277876491e-01
2.248453917114932310e-01
2.244535466958745562e-01
2.240630593724649011e-01
2.236739227597414892e-01
2.232861298983817022e-01
2.228996738892433382e-01
2.225145479117837111e-01
2.221307451709708947e-01
2.217482588932366550e-01
2.213670823633673568e-01
2.209872089426551667e-01
2.206086320171339876e-01
2.202313449934414913e-01
2.198553413329968620e-01
2.194806145730456015e-01
2.191071582754355318e-01
2.187349660217175196e-01
2.183640314430468909e-01
2.179943482467875115e-01
2.176259101655159678e-01
2.172587109506803338e-01
2.168927443968043656e-01
2.165280043754035932e-01
2.161644847848586681e-01
2.158021795417327526e-01
2.154410825983181232e-01
2.150811879839623353e-01
2.147224897580812808e-01
2.143649819976795878e-01
2.140086588083563446e-01
2.136535143703565953e-01
2.132995428995034526e-01
2.129467386286478525e-01
2.125950958133402124e-01
2.122446087774195744e-01
2.118952718884171693e-01
2.115470795305759988e-01
2.112000261066933060e-01
2.108541060773237719e-01
2.105093139565067939e-01
2.101656442755620580e-01
2.098230915820700759e-01
2.094816504677321778e-01
2.091413155868957208e-01
2.088020816137766411e-01
2.084639432379538082e-01
2.081268951791966360e-01
2.077909322243199630e-01
2.074560491863851330e-01
2.071222408933229286e-01
2.067895021933210953e-01
2.064578279959507490e-01
2.061272132490058473e-01
2.057976529148616285e-01
2.054691419712325884e-01
2.051416754424143507e-01
2.048152484052540023e-01
2.044898559527831838e-01
2.041654931919192340e-01
2.038421552585730212e-01
2.035198373499433888e-01
2.031985346860473163e-01
2.028782425003392287e-01
2.025589560436575065e-01
2.022406706215388317e-01
2.019233815771079854e-01
2.016070842668194474e-01
2.012917740603549777e-01
2.009774463634677877e-01
2.006640966354288624e-01
2.003517203522574563e-01
2.000403130025229237e-01
1.997298700939224014e-01
1.994203871893964475e-01
1.991118598811551232e-01
1.988042837736056223e-01
1.984976544837966372e-01
1.981919676662822205e-01
1.978872190235794193e-01
1.975834042727175333e-01
1.972805191424515103e-01
1.969785593799195378e-01
1.966775207847620555e-01
1.963773991834829868e-01
1.960781904139724530e-01
1.957798903257783329e-01
1.954824948020169317e-01
1.951859997725124418e-01
1.948904011812776782e-01
1.945956949832856053e-01
1.943018771486769991e-01
1.940089436950890589e-01
1.937168906695845849e-01
1.934257141299950133e-01
1.931354101447637084e-01
1.928459748075170288e-01
1.925574042598849900e-01
1.922696946597354239e-01
1.919828421751846870e-01
1.916968429858610101e-01
1.914116933092800121e-01
1.911273893995387441e-01
1.908439275217328479e-01
1.905613039508516626e-01
1.902795149773824079e-01
1.899985569372143190e-01
1.897184261897451873e-01
1.894391191039908606e-01
1.891606320585490220e-01
1.888829614550327218e-01
1.886061037391407180e-01
1.883300553713581349e-01
1.880548128214266645e-01
1.877803725689461689e-01
1.875067311249885016e-01
1.872338850373071462e-01
1.869618308643458404e-01
1.866905651734863947e-01
1.864200845433718889e-01
1.861503855903381133e-01
1.858814649587754719e-01
1.856133193020942096e-01
1.853459452823369991e-01
1.850793395752783344e-01
1.848134988972585935e-01
1.845484199853706375e-01
1.842840995851012242e-01
1.840205344502743867e-01
1.837577213515680097e-01
1.834956571000053438e-01
1.832343385222744148e-01
1.829737624531454498e-01
1.827139257354711555e-01
1.824548252320410124e-01
