1.000000000000000000e+00
9.947505839401737937e-01
9.895210781580835446e-01
9.843122397490212672e-01
9.791246610061792310e-01
9.739589201716234435e-01
9.688155710474164461e-01
9.636951426245027319e-01
9.585981399406894310e-01
9.535250444572175299e-01
9.484763144142499547e-01
9.434523853353148359e-01
9.384536704697206133e-01
9.334805611860576002e-01
9.285334274595089532e-01
9.236126183553899915e-01
9.187184624796413956e-01
9.138512684147405141e-01
9.090113252211927675e-01
9.041989029191528360e-01
8.994142529587084711e-01
8.946576086810063000e-01
8.899291857871556299e-01
8.852291828296691145e-01
8.805577816841596572e-01
8.759151480173524851e-01
8.713014317527769670e-01
8.667167675309170871e-01
8.621612751660523433e-01
8.576350601090807491e-01
8.531382138989401787e-01
8.486708146078048021e-01
8.442329272809434570e-01
8.398246043708507136e-01
8.354458861652954704e-01
8.310968012089584578e-01
8.267773667183743180e-01
8.224875889898987102e-01
8.182274638004888301e-01
8.139969768010342221e-01
8.097961039021706053e-01
8.056248116524518110e-01
8.014830576084801539e-01
7.973707906970777248e-01
7.932879515694389871e-01
7.892344729472016152e-01
7.852102799603879468e-01
7.812152904771912931e-01
7.772494154255910059e-01
7.733125591067446791e-01
7.694046195001169597e-01
7.655254885606294080e-01
7.616750525077258249e-01
7.578531921064125543e-01
7.540597829403519192e-01
7.502946956770912834e-01
7.465577963255044525e-01
7.428489464855387858e-01
7.391680035903686052e-01
7.355148211410474923e-01
7.318892489337698315e-01
7.282911332798551740e-01
7.247203172181392317e-01
7.211766407181792182e-01
7.176599408805337532e-01
7.141700521301153071e-01
7.107068064017766362e-01
7.072700333193651101e-01
7.038595603683690527e-01
7.004752130622274864e-01
6.971168150997828494e-01
6.937841885183742008e-01
6.904771538466580871e-01
6.871955302479558769e-01
6.839391356575911241e-01
6.807077869146366256e-01
6.775012998853172652e-01
6.743194895842986591e-01
6.711621702963334046e-01
6.680291556882940185e-01
6.649202589159040055e-01
6.618352927240408468e-01
6.587740695441348660e-01
6.557364015929738610e-01
6.527221009624469827e-01
6.497309797041912471e-01
6.467628499101252260e-01
6.438175237934626871e-01
6.408948137643453169e-01
6.379945324991931344e-01
6.351164930083325055e-01
6.322605087041636152e-01
6.294263934610313527e-01
6.266139616706403181e-01
6.238230282995654852e-01
6.210534089480117537e-01
6.183049198930159474e-01
6.155773781315760917e-01
6.128706014345876030e-01
6.101844083921058592e-01
6.075186184406132783e-01
6.048730519002952777e-01
6.022475300305706325e-01
5.996418750487423344e-01
5.970559101497946441e-01
5.944894595560871187e-01
5.919423485483750191e-01
5.894144034648383101e-01
5.869054517372342961e-01
5.844153219390276766e-01
5.819438437683658316e-01
5.794908480692773090e-01
5.770561668919913512e-01
5.746396334665463401e-01
5.722410822104599948e-01
5.698603487969213788e-01
5.674972701204321623e-01
5.651516842955400799e-01
5.628234307316410945e-01
5.605123500852866592e-01
5.582182842598653050e-01
5.559410764838716990e-01
5.536805712424520687e-01
5.514366142945192895e-01
5.492090527411460643e-01
5.469977349363338570e-01
5.448025105410233548e-01
5.426232305534450795e-01
5.404597472175762807e-01
5.383119141228815963e-01
5.361795861622227211e-01
5.340626194827007289e-01
5.319608716008723537e-01
5.298742012819501745e-01
5.278024685907153346e-01
5.257455349295062641e-01
5.237032629173804521e-01
5.216755165282040974e-01
5.196621609845581968e-01
5.176630627655494088e-01
5.156780896862842578e-01
5.137071107431064876e-01
5.117499962676522740e-01
5.098066178078527466e-01
5.078768481455564476e-01
5.059605613641854349e-01
5.040576326903112303e-01
5.021679386733339800e-01
5.002913570083591388e-01
4.984277666343743252e-01
4.965770477100741598e-01
4.947390815281595411e-01
4.929137506637547572e-01
4.911009387626400491e-01
4.893005307431619322e-01
4.875124126092350574e-01
4.857364715566747093e-01
4.839725959295251845e-01
4.822206751613290487e-01
4.804805998937666800e-01
4.787522617775921696e-01
4.770355536931667473e-01
4.753303694984122862e-01
4.736366042487553663e-01
4.719541539933012619e-01
4.702829159093731004e-01
4.686227882085448604e-01
4.669736701484730190e-01
4.653354620645386852e-01
4.637080652605709008e-01
4.620913821511490882e-01
4.604853160561379055e-01
4.588897714219256074e-01
4.573046535557040992e-01
4.557298688879488080e-01
4.541653246838815994e-01
4.526109293121418631e-01
4.510665919639318400e-01
4.495322229037072015e-01
4.480077332134536627e-01
4.464930350143136439e-01
4.449880412416927222e-01
4.434926658364781726e-01
4.420068235489341135e-01
4.405304301042206605e-01
4.390634020283722960e-01
4.376056567963588773e-01
4.361571126708171375e-01
4.347176888427813357e-01
4.332873052725494945e-01
4.318658828339920763e-01
4.304533431465950022e-01
4.290496087341780784e-01
4.276546028376558839e-01
4.262682495980212316e-01
4.248904738408995629e-01
4.235212012914434387e-01
4.221603583247842684e-01
4.208078722164438346e-01
4.194636708580550266e-01
4.181276830401650102e-01
4.167998381410435993e-01
4.154800664284292733e-01
4.141682987413590755e-01
4.128644667842871763e-01
4.115685028340508311e-01
4.102803399904407233e-01
4.089999119463028632e-01
4.077271531562340900e-01
4.064619987066984685e-01
4.052043843693466374e-01
4.039542465990837439e-01
4.027115224521033432e-01
4.014761497210412866e-01
4.002480667224006528e-01
3.990272125469879194e-01
3.978135267592503022e-01
3.966069496977215891e-01
3.954074221729155236e-01
3.942148857160327480e-01
3.930292823796245893e-01
3.918505548414565887e-01
3.906786463808262777e-01
3.895135007915042635e-01
3.883550625469464612e-01
3.872032765478243821e-01
3.860580884072769003e-01
3.849194441467929106e-01
3.837872904510044036e-01
3.826615744744831238e-01
3.815422439206530014e-01
3.804292470659581538e-01
3.793225326110887252e-01
3.782220499092573407e-01
3.771277486753419339e-01
3.760395792636786472e-01
3.749574924345921989e-01
3.738814394748722347e-01
3.728113721922450274e-01
3.717472427823316217e-01
3.706890040530964048e-01
3.696366091391913300e-01
3.685900117618282068e-01
3.675491660363810476e-01
3.665140265291967347e-01
3.654845483306192189e-01
3.644606868506275466e-01
3.634423980835898016e-01
3.624296383396296006e-01
3.614223644200010854e-01
3.604205335652019282e-01
3.594241033495087501e-01
3.584330318957746897e-01
3.574472776036493049e-01
3.564667993725928463e-01
3.554915564821747864e-01
3.545215085498494845e-01
3.535566157046719504e-01
3.525968383299160069e-01
3.516421372951353819e-01
3.506924738179003076e-01
3.497478094379855573e-01
3.488081061820866302e-01
3.478733263135333487e-01
3.469434325526254970e-01
3.460183879599346146e-01
3.450981558832292295e-01
3.441827001444184853e-01
3.432719847905231214e-01
3.423659742792704019e-01
3.414646334234904823e-01
3.405679272760667176e-01
3.396758213515142510e-01
3.387882813944297355e-01
3.379052734923629897e-01
3.370267641196638686e-01
3.361527199497257867e-01
3.352831080810010911e-01
3.344178958783490252e-01
3.335570509636875958e-01
3.327005413757220809e-01
3.318483353415503379e-01
3.310004014345190315e-01
3.301567085594968587e-01
3.293172258053853607e-01
3.284819226618401200e-01
3.276507688516676620e-01
3.268237343334153278e-01
3.260007894532511719e-01
3.251819047284697506e-01
3.243670509819253645e-01
3.235561993589875507e-01
3.227493211629048342e-01
3.219463880531674427e-01
3.211473719337264443e-01
3.203522448895046448e-01
3.195609793750970318e-01
3.187735480253757192e-01
3.179899237013368851e-01
3.172100796066951167e-01
3.164339890900915164e-01
3.156616257721718832e-01
3.148929635679936223e-01
3.141279765264272661e-01
3.133666390027357584e-01
3.126089255939322742e-01
3.118548110362224790e-01
3.111042703901990003e-01
3.103572789112096220e-01
3.096138120093163137e-01
3.088738454200717354e-01
3.081373550373934789e-01
3.074043169300984535e-01
3.066747074797016581e-01
3.059485032015590855e-01
3.052256808051104775e-01
3.045062172925911970e-01
3.037900897845746684e-01
3.030772756109295085e-01
3.023677523727715810e-01
3.016614977798784403e-01
3.009584897615930066e-01
3.002587064984982290e-01
2.995621262736108403e-01
2.988687275948425093e-01
2.981784892045504232e-01
2.974913899430756681e-01
2.968074088764879881e-01
2.961265252924437652e-01
2.954487185728540966e-01
2.947739683222189155e-01
2.941022543578853399e-01
2.934335565879066521e-01
2.927678551362063453e-01
2.921051303348230488e-01
2.914453626030318878e-01
2.907885325658666198e-01
2.901346210554636706e-01
2.894836089880608032e-01
2.888354774721751950e-01
2.881902078256567412e-01
2.875477814481980365e-01
2.869081799149439393e-01
2.862713850150584438e-01
2.856373786189336239e-01
2.850061427524922530e-01
2.843776596615170682e-01
2.837519116749733783e-01
2.831288812551679412e-01
2.825085510891353624e-01
2.818909039526569793e-01
2.812759227321877109e-01
2.806635905394905262e-01
2.800538905854090266e-01
2.794468061712914175e-01
2.788423208155075272e-01
2.782404181522726283e-01
2.776410818907225631e-01
2.770442959375036263e-01
2.764500443380585315e-01
2.758583112030619788e-01
2.752690808109402032e-01
2.746823376047627940e-01
2.740980660904672739e-01
2.735162509054326341e-01
2.729368768743069551e-01
2.723599288908792881e-01
2.717853919445899491e-01
2.712132512219729841e-01
2.706434919951894447e-01
2.700760996062731567e-01
2.695110595801207820e-01
2.689483575568223928e-01
2.683879792328718872e-01
2.678299104517978813e-01
2.672741372079649458e-01
2.667206455512226571e-01
2.661694216338660879e-01
2.656204517850248581e-01
2.650737224019555360e-01
2.645292199492813578e-01
2.639869310639633149e-01
2.634468424814973564e-01
2.629089409881827377e-01
2.623732135043226887e-01
2.618396470903865403e-01
2.613082288574570256e-01
2.607789460016216587e-01
2.602517858854547228e-01
2.597267359394469510e-01
2.592037836477990576e-01
2.586829166428048499e-01
2.581641226650142618e-01
2.576473894994080749e-01
2.571327050285956428e-01
2.566200572845872552e-01
2.561094343535242346e-01
2.556008243771874522e-01
2.550942156455852095e-01
2.545895965383239701e-01
2.540869554763767191e-01
2.535862809800027429e-01
2.530875617060994731e-01
2.525907863596456027e-01
2.520959436987504354e-01
2.516030226226971811e-01
2.511120121137073169e-01
2.506229011924836492e-01
2.501356789700707739e-01
2.496503346892371966e-01
2.491668576392093160e-01
2.486852371554466035e-01
2.482054627021938742e-01
2.477275238302676930e-01
2.472514101264316200e-01
2.467771112500660724e-01
2.463046169923221451e-01
2.458339171941668067e-01
2.453650017346171996e-01
2.448978606006061431e-01
2.444324838784986409e-01
2.439688616900944906e-01
2.435069842083562308e-01
2.430468417329380293e-01
2.425884246259721599e-01
2.421317232820063281e-01
2.416767281721664273e-01
2.412234298833947077e-01
2.407718190430477023e-01
2.403218863138092964e-01
2.398736224605112766e-01
2.394270183360795445e-01
2.389820648250980673e-01
2.385387528567462501e-01
2.380970734758077190e-01
2.376570177873510159e-01
2.372185769255316101e-01
2.367817420851285048e-01
2.363465045726623470e-01
2.359128557362646927e-01
2.354807869532697939e-01
2.350502896796130559e-01
2.346213554671606194e-01
2.341939758998086152e-01
2.337681425929445389e-01
2.333438472546771891e-01
2.329210816700882647e-01
2.324998376518202514e-01
2.320801070484732609e-01
2.316618818091963350e-01
2.312451539430138980e-01
2.308299154845254719e-01
2.304161585103425280e-01
2.300038751990905739e-01
2.295930577762094471e-01
2.291836984917008380e-01
2.287757896442430827e-01
2.283693236310575247e-01
2.279642928874360819e-01
2.275606898725417715e-01
2.271585071000655764e-01
2.267577371764519234e-01
2.263583727406634216e-01
2.259604064549923519e-01
2.255638310403508540e-01
2.251686393044141921e-01
2.247748240838361722e-01
2.243823782380934551e-01
2.239912946873321986e-01
2.236015664333957931e-01
2.232131865048410380e-01
2.228261479524578370e-01
2.224404438877457812e-01
2.220560675002629936e-01
2.216730120048673869e-01
2.212912706379121519e-01
2.209108366946242186e-01
2.205317035462056874e-01
2.201538645883924228e-01
2.197773132375467620e-01
2.194020429653231463e-01
2.190280473187051213e-01
2.186553198690562028e-01
2.182838542074513610e-01
2.179136439750688492e-01
2.175446828888579209e-01
2.171769646907273088e-01
2.168104831414493505e-01
2.164452320453428280e-01
2.160812052833801788e-01
2.157183967630923460e-01
2.153568004101736322e-01
2.149964101864573207e-01
2.146372201306483152e-01
2.142792243111331651e-01
2.139224168138667281e-01
2.135667917537007743e-01
2.132123433201671969e-01
2.128590657378851003e-01
2.125069532484790136e-01
2.121560001164625453e-01
2.118062006748779591e-01
2.114575492999001827e-01
2.111100403843707840e-01
2.107636683397768607e-01
2.104184276357519423e-01
2.100743127948613842e-01
2.097313183568516592e-01
2.093894388777470250e-01
2.090486689581371182e-01
2.087090032608264201e-01
2.083704364682877064e-01
2.080329632783394223e-01
2.076965784193540443e-01
2.073612766865977897e-01
2.070270529012215033e-01
2.066939018992272614e-01
2.063618185370570957e-01
2.060307977327438533e-01
2.057008344420274137e-01
2.053719236351900512e-01
2.050440602979023974e-01
2.047172394628156700e-01
2.043914562146538494e-01
2.040667056541939639e-01
2.037429828960838629e-01
2.034202830843258036e-01
2.030986014240218074e-01
2.027779331427748410e-01
2.024582734816087193e-01
2.021396176990764570e-01
2.018219611086724818e-01
2.015052990609809969e-01
2.011896269198693576e-01
2.008749400624434966e-01
2.005612339022752044e-01
2.002485039060832306e-01
1.999367455571460506e-01
1.996259543512759471e-01
1.993161258036219852e-01
1.990072554846809560e-01
1.986993389937785903e-01
1.983923719424144361e-01
1.980863499547570739e-01
1.977812686928556163e-01
1.974771238663160233e-01
1.971739111991118176e-01
1.968716264269264327e-01
1.965702653040372061e-01
1.962698236373048022e-01
1.959702972600372850e-01
1.956716820169082383e-01
1.953739737642663787e-01
1.950771683923931687e-01
1.947812618379113625e-01
1.944862500514746018e-01
1.941921289946818563e-01
1.938988946444524519e-01
1.936065430253759712e-01
1.933150701910336944e-01
1.930244722057439521e-01
1.927347451444283710e-01
1.924458851075241672e-01
1.921578882432427859e-01
1.918707507158012859e-01
1.915844686996512336e-01
1.912990383808186035e-01
1.910144559835198486e-01
1.907307177681341059e-01
1.904478200059579185e-01
1.901657589781674540e-01
1.898845309816229732e-01
1.896041323586697136e-01
1.893245594747803850e-01
1.890458087050264913e-01
1.887678764340545157e-01
1.884907590698387259e-01
1.882144530642235469e-01
1.879389548836207791e-01
1.876642610036852454e-01
1.873903679099656050e-01
1.871172721197943978e-01
1.868449701868182822e-01
1.865734586752681168e-01
1.863027341583004537e-01
1.860327932204323409e-01
1.857636324840920006e-01
1.854952485993649480e-01
1.852276382253125186e-01
1.849607980296158471e-01
1.846947246938618892e-01
1.844294149402768423e-01
1.841648655114886124e-01
1.839010731585017377e-01
1.836380346406463471e-01
1.833757467343518077e-01
1.831142062563073658e-01
1.828534100386003114e-01
1.825933549213882845e-01
1.823340377529066025e-01
1.820754554016107141e-01
