1.000000000000000000e+00
9.948830239953546650e-01
9.897834896541253258e-01
9.847021618923545994e-01
9.796396410692108647e-01
9.745965152387464636e-01
9.695733495990036532e-01
9.645706860499521085e-01
9.595890439775466296e-01
9.546289205601589112e-01
9.496907910569837297e-01
9.447751092388118055e-01
9.398823077621721866e-01
9.350127984981859708e-01
9.301669729512174190e-01
9.253452026763044902e-01
9.205478396666851859e-01
9.157752167284521905e-01
9.110276479192421784e-01
9.063054289701960586e-01
9.016088376984919828e-01
8.969381344128145583e-01
8.922935623272582051e-01
8.876753479991642548e-01
8.830837017496419028e-01
8.785188180820878712e-01
8.739808761001115478e-01
8.694700399218370235e-01
8.649864590922650143e-01
8.605302690033705959e-01
8.561015913048307668e-01
8.517005343102067583e-01
8.473271933995062399e-01
8.429816514177236320e-01
8.386639790689773832e-01
8.343742353059061534e-01
8.301124677139900543e-01
8.258787128905151764e-01
8.216729968179092847e-01
8.174953352311867816e-01
8.133457339793342955e-01
8.092241893805505182e-01
8.051306885708707783e-01
8.010652098461985560e-01
7.970277229976618916e-01
7.930181896401798936e-01
7.890365635341596295e-01
7.850827909002408012e-01
7.811568107270431272e-01
7.772585550717968639e-01
7.733879493538085015e-01
7.695449126409927842e-01
7.657293579292957508e-01
7.619411924150502058e-01
7.581803177603002597e-01
7.544466303511335736e-01
7.507400215490529494e-01
7.470603779354563212e-01
7.434075815492710015e-01
7.397815101178086827e-01
7.361820372809153579e-01
7.326090328084882142e-01
7.290623628108832133e-01
7.255418899405292610e-01
7.220474735917602471e-01
7.185789700938995939e-01
7.151362328971010429e-01
7.117191127521167449e-01
7.083274578840912383e-01
7.049611141603897568e-01
7.016199252492150151e-01
6.983037327749116452e-01
6.950123764738599386e-01
6.917456943407040981e-01
6.885035227688643955e-01
6.852856966856780696e-01
6.820920496782139075e-01
6.789224141182206296e-01
6.757766212888646207e-01
6.726545015010715334e-01
6.695558842047034664e-01
6.664805980921062467e-01
6.634284711989488770e-01
6.603993310097154845e-01
6.573930045526266142e-01
6.544093184891661696e-01
6.514480991969615609e-01
6.485091728562737412e-01
6.455923655328997812e-01
6.426975032528912113e-01
6.398244120731786388e-01
6.369729181530652262e-01
6.341428478228926524e-01
6.313340276452744648e-01
6.285462844752609524e-01
6.257794455218994578e-01
6.230333384011053077e-01
6.203077911845780168e-01
6.176026324545703661e-01
6.149176913539201594e-01
6.122527976231220137e-01
6.096077816418881135e-01
6.069824744834795283e-01
6.043767079430906186e-01
6.017903145652960806e-01
5.992231276933221995e-01
5.966749815036624938e-01
5.941457110163789190e-01
5.916351521333158558e-01
5.891431416846085733e-01
5.866695174241822741e-01
5.842141180554412117e-01
5.817767832873687039e-01
5.793573538198847350e-01
5.769556713579486740e-01
5.745715786743561537e-01
5.722049195861170778e-01
5.698555389607216082e-01
5.675232827845257955e-01
5.652079981259893193e-01
5.629095331426137161e-01
5.606277371517798258e-01
5.583624605749719638e-01
5.561135549598494876e-01
5.538808730413330439e-01
5.516642686674144702e-01
5.494635968534464787e-01
5.472787138082945146e-01
5.451094768587161354e-01
5.429557445431290041e-01
5.408173765725078352e-01
5.386942337940466841e-01
5.365861782953953441e-01
5.344930732968645737e-01
5.324147832051827622e-01
5.303511736443318192e-01
5.283021113519932310e-01
5.262674643083860015e-01
5.242471016367629133e-01
5.222408936199257612e-01
5.202487117683824991e-01
5.182704286836994356e-01
5.163059182037683659e-01
5.143550552889971650e-01
5.124177160488286864e-01
5.104937777976907842e-01
5.085831189154856879e-01
5.066856190150662576e-01
5.048011587751616291e-01
5.029296200412303186e-01
5.010708857943445560e-01
4.992248400825249344e-01
4.973913681531441644e-01
4.955703562596671108e-01
4.937616918536419375e-01
4.919652634042966932e-01
4.901809605092504740e-01
4.884086738430332697e-01
4.866482951148429215e-01
4.848997171706485587e-01
4.831628338146967128e-01
4.814375400142069106e-01
4.797237316623105263e-01
4.780213057913810237e-01
4.763301603728207212e-01
4.746501944564100461e-01
4.729813080692139016e-01
4.713234022414681257e-01
4.696763790234270153e-01
4.680401413957693824e-01
4.664145933933460109e-01
4.647996399210421181e-01
4.631951869566101054e-01
4.616011413042289124e-01
4.600174108420746477e-01
4.584439042481989190e-01
4.568805312598795965e-01
4.553272024011960628e-01
4.537838292300830356e-01
4.522503240856771134e-01
4.507266003110609875e-01
4.492125720271235578e-01
4.477081543285792997e-01
4.462132630833645641e-01
4.447278151056164308e-01
4.432517279748842132e-01
4.417849201933748970e-01
4.403273110165414339e-01
4.388788206038798934e-01
4.374393698510842254e-01
4.360088805445299087e-01
4.345872751847980608e-01
4.331744771549171924e-01
4.317704105255799618e-01
4.303750002461964597e-01
4.289881719237159663e-01
4.276098520432556893e-01
4.262399677155782607e-01
4.248784469298975131e-01
4.235252182704507540e-01
4.221802111972265403e-01
4.208433557406519032e-01
4.195145827956316964e-01
4.181938238151044485e-01
4.168810110906646660e-01
4.155760774764758470e-01
4.142789566219303166e-01
4.129895827619916582e-01
4.117078908658450831e-01
4.104338165280077555e-01
4.091672960022466610e-01
4.079082662184115859e-01
4.066566646848670530e-01
4.054124296368984970e-01
4.041754998157088274e-01
4.029458147231980703e-01
4.017233143233596149e-01
4.005079393354656903e-01
3.992996309452590542e-01
3.980983310370052042e-01
3.969039820139300123e-01
3.957165268823301663e-01
3.945359092471701912e-01
3.933620732092309447e-01
3.921949635421970171e-01
3.910345254350575117e-01
3.898807047758848787e-01
3.887334478569234308e-01
3.875927016147133752e-01
3.864584134558072814e-01
3.853305313164140378e-01
3.842090037045139961e-01
3.830937795380512378e-01
3.819848083801126171e-01
3.808820401498709818e-01
3.797854253906705613e-01
3.786949150529096975e-01
3.776104605958214289e-01
3.765320140003124982e-01
3.754595276222164602e-01
3.743929544237481477e-01
3.733322476902010134e-01
3.722773612789767594e-01
3.712282494443354119e-01
3.701848668758661587e-01
3.691471687874393615e-01
3.681151107041744641e-01
3.670886487267613907e-01
3.660677392727078594e-01
3.650523392357351016e-01
3.640424059520438460e-01
3.630378970804372663e-01
3.620387708242466807e-01
3.610449856625842502e-01
3.600565005612665348e-01
3.590732748705404709e-01
3.580952682666648790e-01
3.571224409359320950e-01
3.561547533170881796e-01
3.551921663234234861e-01
3.542346412210436446e-01
3.532821395868616654e-01
3.523346234838941604e-01
3.513920552106272188e-01
3.504543975112754950e-01
3.495216134754715043e-01
3.485936664700250986e-01
3.476705203342627670e-01
3.467521391332386016e-01
3.458384873313612440e-01
3.449295297531658755e-01
3.440252314559415492e-01
3.431255579543324163e-01
3.422304749963847037e-01
3.413399486618863277e-01
3.404539454210846472e-01
3.395724319400398317e-01
3.386953753019584790e-01
3.378227428620798056e-01
3.369545022234221587e-01
3.360906214058738684e-01
3.352310686190756450e-01
3.343758124088682671e-01
3.335248216576812696e-01
3.326780654279816174e-01
3.318355131767759536e-01
3.309971345998292125e-01
3.301628996200234312e-01
3.293327785483759484e-01
3.285067418689956997e-01
3.276847603621488303e-01
3.268668051353896820e-01
3.260528474520457132e-01
3.252428589245173196e-01
3.244368114157312744e-01
3.236346769636859744e-01
3.228364279734292630e-01
3.220420370348964778e-01
3.212514769558444394e-01
3.204647208888569687e-01
3.196817421331341058e-01
3.189025142514301803e-01
3.181270111057688532e-01
3.173552066910325098e-01
3.165870753013124150e-01
3.158225914784418831e-01
3.150617299001750027e-01
3.143044655637314277e-01
3.135507736669828072e-01
3.128006295572690054e-01
3.120540089053744914e-01
3.113108875453263202e-01
3.105712414794077891e-01
3.098350470233592890e-01
3.091022806301705339e-01
3.083729189397249049e-01
3.076469388873979138e-01
3.069243175290889969e-01
3.062050321227218763e-01
3.054890602014215806e-01
3.047763794082057887e-01
3.040669675985712694e-01
3.033608028839758219e-01
3.026578634788456568e-01
3.019581278157131288e-01
3.012615745667066025e-01
3.005681825020199982e-01
2.998779306110864740e-01
2.991907981102842062e-01
2.985067643101000368e-01
2.978258087373537033e-01
2.971479111371298498e-01
2.964730513450525295e-01
2.958012094064987330e-01
2.951323655803263502e-01
2.944665002126293230e-01
2.938035938491958543e-01
2.931436272481185989e-01
2.924865812519245600e-01
2.918324368893687737e-01
2.911811754034278055e-01
2.905327781197356574e-01
2.898872265333780618e-01
2.892445023578184560e-01
2.886045873891740499e-01
2.879674635732911159e-01
2.873331130793845278e-01
2.867015181620012898e-01
2.860726612037138850e-01
2.854465248140302114e-01
2.848230916941765778e-01
2.842023446516735441e-01
2.835842667196478706e-01
2.829688410342539040e-01
2.823560508190683382e-01
2.817458795127069093e-01
2.811383106745847793e-01
2.805333279372104749e-01
2.799309151267898033e-01
2.793310562136979702e-01
2.787337352330112039e-01
2.781389363826242689e-01
2.775466440300269344e-01
2.769568426063707678e-01
2.763695166691833571e-01
2.757846509666788126e-01
2.752022303183514484e-01
2.746222396354331963e-01
2.740446640267212297e-01
2.734694886903680233e-01
2.728966988923328674e-01
2.723262800785894444e-01
2.717582178153406525e-01
2.711924977246986113e-01
2.706291055712350957e-01
2.700680272749940714e-01
2.695092488125660490e-01
2.689527562586502829e-01
2.683985358669370158e-01
2.678465739619717567e-01
2.672968569334164268e-01
2.667493713412265044e-01
2.662041038485751243e-01
2.656610411689414031e-01
2.651201701455045967e-01
2.645814777660363548e-01
2.640449510700597080e-01
2.635105771783951556e-01
2.629783433795467862e-01
2.624482370330645797e-01
2.619202455508476413e-01
2.613943564897576732e-01
2.608705575196514359e-01
2.603488363551370033e-01
2.598291808043422524e-01
2.593115788276440514e-01
2.587960184416603915e-01
2.582824877168330979e-01
2.577709748697180614e-01
2.572614682109337636e-01
2.567539560924698150e-01
2.562484269615892263e-01
2.557448694054753613e-01
2.552432720611306771e-01
2.547436236168739709e-01
2.542459129003331597e-01
2.537501288263683263e-01
2.532562603483681785e-01
2.527642965062421587e-01
2.522742264745903018e-01
2.517860394763114518e-01
2.512997247791633471e-01
2.508152717772866858e-01
2.503326699557015256e-01
2.498519088357082085e-01
2.493729780078506875e-01
2.488958671962367419e-01
2.484205661772316276e-01
2.479470647645750925e-01
2.474753528766854838e-01
2.470054205354784982e-01
2.465372577990970482e-01
2.460708547747172681e-01
2.456062016955279093e-01
2.451432888608092997e-01
2.446821066022471236e-01
2.442226453246806039e-01
2.437648955514133686e-01
2.433088478479492611e-01
2.428544928143820392e-01
2.424018211500591768e-01
2.419508236463653594e-01
2.415014911270065012e-01
2.410538144584659093e-01
2.406077846218646343e-01
2.401633926621955795e-01
2.397206296536762982e-01
2.392794867281759497e-01
2.388399551309476343e-01
2.384020261510904348e-01
2.379656911066786174e-01
2.375309413912148060e-01
2.370977684973187838e-01
2.366661639508402526e-01
2.362361193083861721e-01
2.358076262167116133e-01
2.353806764032604359e-01
2.349552616236155189e-01
2.345313736679750793e-01
2.341090044255964286e-01
2.336881458491774921e-01
2.332687899172439794e-01
2.328509286483619323e-01
2.324345541629322387e-01
2.320196586311762399e-01
2.316062342479934810e-01
2.311942732544483292e-01
2.307837679912319584e-01
2.303747108394104959e-01
2.299670942039615529e-01
2.295609105416335227e-01
2.291561524038341624e-01
2.287528123762763710e-01
2.283508830679616408e-01
2.279503571437019871e-01
2.275512273574498423e-01
2.271534864935786380e-01
2.267571273591773573e-01
2.263621428192322815e-01
2.259685258230368365e-01
2.255762693478314818e-01
2.251853663929466176e-01
2.247958100157119443e-01
2.244075933541958556e-01
2.240207095728956599e-01
2.236351518576671915e-01
2.232509134505824833e-01
2.228679876723160813e-01
2.224863678691908764e-01
2.221060474080629732e-01
2.217270197084716676e-01
2.213492782677389525e-01
2.209728166087542300e-01
2.205976282740943484e-01
2.202237068539051601e-01
2.198510460162376723e-01
2.194796394554544561e-01
2.191094808848328135e-01
2.187405640588251099e-01
2.183728828101456076e-01
2.180064309996980199e-01
2.176412025066474520e-01
2.172771912442680864e-01
2.169143912034958155e-01
2.165527964069979272e-01
2.161924008951107978e-01
2.158331987355913695e-01
2.154751840705632082e-01
2.151183510798027054e-01
2.147626939602105267e-01
2.144082069306596228e-01
2.140548842772307114e-01
2.137027203320127355e-01
2.133517094440073869e-01
2.130018459804348951e-01
2.126531243646261338e-01
2.123055390756361516e-01
2.119590846102431259e-01
2.116137554814363220e-01
2.112695462445020878e-01
2.109264515190624745e-01
2.105844659454819134e-01
2.102435841795614324e-01
2.099038009058571963e-01
2.095651108764578774e-01
2.092275088712533260e-01
2.088909896850762726e-01
2.085555481323179139e-01
2.082211790878057134e-01
2.078878774667275164e-01
2.075556381990294741e-01
2.072244562298254378e-01
2.068943265491420824e-01
2.065652442014758450e-01
2.062372042480880019e-01
2.059102017641896154e-01
2.055842318525537560e-01
2.052592896778893117e-01
2.049353704290912126e-01
2.046124693085603907e-01
2.042905815355277876e-01
2.039697023828492550e-01
2.036498271630201584e-01
2.033309512020785303e-01
2.030130698392610400e-01
2.026961784482613216e-01
2.023802724577359879e-01
2.020653473139142620e-01
2.017513984756411360e-01
2.014384214200840295e-01
2.011264116791213752e-01
2.008153648157459670e-01
2.005052764052556447e-01
2.001961420354981813e-01
1.998879573302761170e-01
1.995807179629622841e-01
1.992744196220806174e-01
1.989690580079434834e-01
1.986646288384354142e-01
1.983611278835041014e-01
1.980585509417087109e-01
1.977568938230894469e-01
1.974561523492920634e-01
1.971563223740330217e-01
1.968573997991749647e-01
1.965593805414631301e-01
1.962622605286626909e-01
1.959660357031259292e-01
1.956707020539035224e-01
1.953762556012723639e-01
1.950826923764273635e-01
1.947900084212122462e-01
1.944981998013258218e-01
1.942072626313096073e-01
1.939171930429547108e-01
1.936279871783580242e-01
1.933396411908999690e-01
1.930521512705676290e-01
1.927655136456217499e-01
1.924797245556878755e-01
1.921947802503398695e-01
1.919106769939355750e-01
1.916274110957965904e-01
1.913449788903544280e-01
1.910633767217476964e-01
1.907826009437317560e-01
1.905026479318260024e-01
1.902235141064242963e-01
1.899451959036619064e-01
1.896676897689837937e-01
1.893909921575731015e-01
1.891150995547832836e-01
1.888400084841160287e-01
1.885657154802347635e-01
1.882922170867927236e-01
1.880195098583311297e-01
1.877475903861295647e-01
1.874764552911521442e-01
1.872061012035858840e-01
1.869365247623006598e-01
1.866677226192310357e-01
1.863996914664840798e-01
1.861324280183939972e-01
1.858659289977691031e-01
1.856001911358043654e-01
1.853352111795911472e-01
1.850709859168043758e-01
1.848075121519385244e-01
1.845447866976180629e-01
1.842828063745799994e-01
1.840215680223591110e-01
