1.000000000000000000e+00
9.947768435360276884e-01
9.895730982497188410e-01
9.843895231455168648e-01
9.792267124522637811e-01
9.740852466962444112e-01
9.689656822772587663e-01
9.638685510826826564e-01
9.587943613302750689e-01
9.537435979302840705e-01
9.487167228270996233e-01
9.437141754885988165e-01
9.387363733345679417e-01
9.337837121169457744e-01
9.288565663931246386e-01
9.239552899960198351e-01
9.190802164717397638e-01
9.142316595030378634e-01
9.094099133980753091e-01
9.046152535599717437e-01
8.998479369454150945e-01
8.951082025145542520e-01
8.903962716888251805e-01
8.857123488316259730e-01
8.810566217097485220e-01
8.764292619514809646e-01
8.718304255027516936e-01
8.672602530781371444e-01
8.627188706088450010e-01
8.582063896970538730e-01
8.537229080592685371e-01
8.492685099638012103e-01
8.448432666632660348e-01
8.404472368217029699e-01
8.360804669359648278e-01
8.317429917510354986e-01
8.274348346689841538e-01
8.231560081512799831e-01
8.189065141142344295e-01
8.146863443173149033e-01
8.104954807442334985e-01
8.063338959767013536e-01
8.022015535604313241e-01
7.980984083634518056e-01
7.940244069266779725e-01
7.899794878066601633e-01
7.859635819104551224e-01
7.819766128225827950e-01
7.780184971240470260e-01
7.740891447033573236e-01
7.701884590595000635e-01
7.663163375971425717e-01
7.624726719139470754e-01
7.586573480800437030e-01
7.548702469097461343e-01
7.511112442255645227e-01
7.473802111146029548e-01
7.436770141774148302e-01
7.400015157694099788e-01
7.363535742349058832e-01
7.327330441339197087e-01
7.291397764618073873e-01
7.255736188614047011e-01
7.220344158260533218e-01
7.185220088999275667e-01
7.150362368714676675e-01
7.115769359591499477e-01
7.081439399908063814e-01
7.047370805766245416e-01
7.013561872758770077e-01
6.980010877547270232e-01
6.946716079398576049e-01
6.913675721720212719e-01
6.880888033500667245e-01
6.848351230690076230e-01
6.816063517525454696e-01
6.784023087770498783e-01
6.752228125936458047e-01
6.720676808509720157e-01
6.689367305081567183e-01
6.658297779425152996e-01
6.627466390505832861e-01
6.596871293462509556e-01
6.566510640609766192e-01
6.536382582346350612e-01
6.506485268012044410e-01
6.476816846698316699e-01
6.447375468069678206e-01
6.418159283135193016e-01
6.389166444953257029e-01
6.360395109314508355e-01
6.331843435430221101e-01
6.303509586549111976e-01
6.275391730523588452e-01
6.247488040390750674e-01
6.219796694965548101e-01
6.192315879292499270e-01
6.165043785089011630e-01
6.137978611286918351e-01
6.111118564494388838e-01
6.084461859288622376e-01
6.058006718597660489e-01
6.031751374253463416e-01
6.005694067197659969e-01
5.979833047695308768e-01
5.954166575831503216e-01
5.928692921828280227e-01
5.903410366057760816e-01
5.878317199408386040e-01
5.853411723762677044e-01
5.828692251851960160e-01
5.804157107477937450e-01
5.779804626107420962e-01
5.755633154631498716e-01
5.731641051455684810e-01
5.707826687171221325e-01
5.684188444232332049e-01
5.660724716959225633e-01
5.637433912273488446e-01
5.614314449242265859e-01
5.591364759090310388e-01
5.568583285967834140e-01
5.545968486290633326e-01
5.523518828921972768e-01
5.501232795841628498e-01
5.479108881283156762e-01
5.457145592275495227e-01
5.435341448937338615e-01
5.413694983593483334e-01
5.392204741761120745e-01
5.370869281733813283e-01
5.349687174116063426e-01
5.328657002953858246e-01
5.307777364551626853e-01
5.287046867988147714e-01
5.266464135481395692e-01
5.246027801214592223e-01
5.225736512699471481e-01
5.205588929727188452e-01
5.185583724464856159e-01
5.165719582227200624e-01
5.145995199964713551e-01
5.126409287787661029e-01
5.106960567785105987e-01
5.087647774219974384e-01
5.068469654181633199e-01
5.049424966039159912e-01
5.030512481214706177e-01
5.011730982430863124e-01
4.993079264699158415e-01
4.974556135063281648e-01
4.956160411776620034e-01
4.937890925754507832e-01
4.919746518492692511e-01
4.901726044067864496e-01
4.883828367279298699e-01
4.866052364722286416e-01
4.848396924334649749e-01
4.830860944843020088e-01
4.813443336915977921e-01
4.796143021214043789e-01
4.778958930564291552e-01
4.761890007468403962e-01
4.744935206290410989e-01
4.728093491224029110e-01
4.711363837649054087e-01
4.694745231176187250e-01
4.678236667794327674e-01
4.661837154156755481e-01
4.645545706527935970e-01
4.629361352169488741e-01
4.613283127327686972e-01
4.597310079409774874e-01
4.581441264364173871e-01
4.565675749276792428e-01
4.550012609512866235e-01
4.534450931386667105e-01
4.518989809368056387e-01
4.503628348583760821e-01
4.488365662264601208e-01
4.473200873965528790e-01
4.458133115312637451e-01
4.443161527926353660e-01
4.428285261449974586e-01
4.413503475221055017e-01
4.398815336516354035e-01
4.384220022051993348e-01
4.369716716353260755e-01
4.355304613183174633e-01
4.340982913932534548e-01
4.326750829084478056e-01
4.312607576516666041e-01
4.298552383108663610e-01
4.284584482853213694e-01
4.270703118703441103e-01
4.256907540405571733e-01
4.243197006660684445e-01
4.229570782621833724e-01
4.216028142404402157e-01
4.202568366243409348e-01
4.189190743319013976e-01
4.175894568654611727e-01
4.162679146120591422e-01
4.149543785274374397e-01
4.136487804276109959e-01
4.123510526990873948e-01
4.110611285459627728e-01
4.097789417639815523e-01
4.085044269052835464e-01
4.072375191526804161e-01
4.059781543690990646e-01
4.047262690994226642e-01
4.034818004853502060e-01
4.022446864032789282e-01
4.010148652499315181e-01
3.997922761937936498e-01
3.985768588747091168e-01
3.973685537030278714e-01
3.961673015600133407e-01
3.949730440433303347e-01
3.937857232715837319e-01
3.926052819842688058e-01
3.914316635219439733e-01
3.902648117359678315e-01
3.891046711561702010e-01
3.879511867372295586e-01
3.868043041437813079e-01
3.856639694479860880e-01
3.845301293815132637e-01
3.834027311460360132e-01
3.822817224883243159e-01
3.811670517280146830e-01
3.800586676061638025e-01
3.789565195150122467e-01
3.778605572073498453e-01
3.767707310725035286e-01
3.756869919060240592e-01
3.746092910264886000e-01
3.735375802736319306e-01
3.724718118725171556e-01
3.714119386594809114e-01
3.703579137968212032e-01
3.693096910306229441e-01
3.682672245016968549e-01
3.672304687987599792e-01
3.661993790346668165e-01
3.651739106402270840e-01
3.641540196290043441e-01
3.631396623305197524e-01
3.621307955625283070e-01
3.611273765827249238e-01
3.601293629803630769e-01
3.591367128925717633e-01
3.581493847330571856e-01
3.571673374128092604e-01
3.561905302238183024e-01
3.552189227936108917e-01
3.542524752610915484e-01
3.532911480190145670e-01
3.523349019441596730e-01
3.513836982622990379e-01
3.504374985191556768e-01
3.494962647472940609e-01
3.485599592156606863e-01
3.476285446480101293e-01
3.467019841094139965e-01
3.457802409501515295e-01
3.448632789944042210e-01
3.439510622915663562e-01
3.430435552995402260e-01
3.421407228323636862e-01
3.412425299426602443e-01
3.403489421439283569e-01
3.394599251803853135e-01
3.385754451370117102e-01
3.376954684863645584e-01
3.368199618993798494e-01
3.359488924705551494e-01
3.350822275619128043e-01
3.342199347906953388e-01
3.333619821910200343e-01
3.325083379856414445e-01
3.316589707416127131e-01
3.308138493585469075e-01
3.299729429192755914e-01
3.291362209062226873e-01
3.283036530360687877e-01
3.274752092595268338e-01
3.266508599150977354e-01
3.258305755127736680e-01
3.250143268662758489e-01
3.242020851128216141e-01
3.233938215470667510e-01
3.225895078185443410e-01
3.217891158224569503e-01
3.209926176337905557e-01
3.201999856967576719e-01
3.194111926367386722e-01
3.186262113036011367e-01
3.178450148904022332e-01
3.170675767354350083e-01
3.162938704473523543e-01
3.155238699302111982e-01
3.147575492216697080e-01
3.139948826643997326e-01
3.132358448440210608e-01
3.124804104846777841e-01
3.117285546339828017e-01
3.109802525354669056e-01
3.102354795863177528e-01
3.094942115088751833e-01
3.087564241847881030e-01
3.080220936692849576e-01
3.072911963304994498e-01
3.065637086710564785e-01
3.058396073862483799e-01
3.051188694647409272e-01
3.044014720139476826e-01
3.036873923491525962e-01
3.029766080577039333e-01
3.022690968358325292e-01
3.015648365979528567e-01
3.008638055106806486e-01
3.001659818431487992e-01
2.994713440880669153e-01
2.987798709736297353e-01
2.980915413260110114e-01
2.974063341958558260e-01
2.967242288564734820e-01
2.960452046753782041e-01
2.953692412414628543e-01
2.946963183575542766e-01
2.940264159171324665e-01
2.933595140283637437e-01
2.926955930086061475e-01
2.920346332624337293e-01
2.913766153990043906e-01
2.907215202356232542e-01
2.900693286737427434e-01
2.894200218059187479e-01
2.887735809350254756e-01
2.881299874459217203e-01
2.874892228977460884e-01
2.868512690645430019e-01
2.862161078018469196e-01
2.855837211195830228e-01
2.849540912482620425e-01
2.843272005019820137e-01
2.837030313271299287e-01
2.830815663952966910e-01
2.824627884673879263e-01
2.818466804141043780e-01
2.812332253315646402e-01
2.806224064157248899e-01
2.800142069524236832e-01
2.794086104441740881e-01
2.788056005102991231e-01
2.782051608446664548e-01
2.776072753379357771e-01
2.770119280206212453e-01
2.764191029883488748e-01
2.758287845035431451e-01
2.752409569942607659e-01
2.746556049515673226e-01
2.740727129969747766e-01
2.734922659399666167e-01
2.729142486595735884e-01
2.723386461296912198e-01
2.717654435214489905e-01
2.711946260923169261e-01
2.706261791692180507e-01
2.700600882614111464e-01
2.694963389943345056e-01
2.689349170497197794e-01
2.683758082554476565e-01
2.678189985911615945e-01
2.672644740921858997e-01
2.667122208954300078e-01
2.661622253150986439e-01
2.656144737340427331e-01
2.650689526020227338e-01
2.645256485407710967e-01
2.639845482714669456e-01
2.634456385659833533e-01
2.629089063293635897e-01
2.623743386077022621e-01
2.618419224979194881e-01
2.613116451811987040e-01
2.607834940054852835e-01
2.602574563872381841e-01
2.597335197963466236e-01
2.592116718502033290e-01
2.586919002753886865e-01
2.581741928429668320e-01
2.576585374208206769e-01
2.571449220268224312e-01
2.566333347333750181e-01
2.561237636681504282e-01
2.556161971066637228e-01
2.551106234148992069e-01
2.546070310001990467e-01
2.541054083684049503e-01
2.536057441626655695e-01
2.531080270745379446e-01
2.526122458483408550e-01
2.521183893692305888e-01
2.516264466061378657e-01
2.511364065664762890e-01
2.506482583472499082e-01
2.501619911777940297e-01
2.496775943342497694e-01
2.491950571387094582e-01
2.487143690416037389e-01
2.482355195807791071e-01
2.477584983300869237e-01
2.472832949353243603e-01
2.468098991744433202e-01
2.463383008756753201e-01
2.458684899051600259e-01
2.454004562363317210e-01
2.449341899428630065e-01
2.444696811340089093e-01
2.440069199697539604e-01
2.435458967366749827e-01
2.430866017845231541e-01
2.426290254954580894e-01
2.421731583275424926e-01
2.417189908551998778e-01
2.412665136936046339e-01
2.408157174931046252e-01
2.403665930056434752e-01
2.399191310720377446e-01
2.394733225648850994e-01
2.390291584010083292e-01
2.385866296126745167e-01
2.381457272931297720e-01
2.377064425647296697e-01
2.372687666098609871e-01
2.368326907230050016e-01
2.363982062406763673e-01
2.359653045285425299e-01
2.355339770302531388e-01
2.351042152860307322e-01
2.346760108683516588e-01
2.342493553810307272e-01
2.338242405201145513e-01
2.334006580593557534e-01
2.329785998001744352e-01
2.325580575796729887e-01
2.321390233352347843e-01
2.317214890648122971e-01
2.313054467919794521e-01
2.308908885819205281e-01
2.304778066018313143e-01
2.300661930662972754e-01
2.296560402144867397e-01
2.292473403337406401e-01
2.288400858101862223e-01
2.284342690684577903e-01
2.280298825570656884e-01
2.276269187785022741e-01
2.272253703284115023e-01
2.268252298352924079e-01
2.264264899509615125e-01
2.260291433853032772e-01
2.256331829354511487e-01
2.252386014277878157e-01
2.248453917114932032e-01
2.244535466958746672e-01
2.240630593724649566e-01
2.236739227597415725e-01
2.232861298983817022e-01
2.228996738892433938e-01
2.225145479117837111e-01
2.221307451709709502e-01
2.217482588932366272e-01
2.213670823633674678e-01
2.209872089426551389e-01
2.206086320171339044e-01
2.202313449934415190e-01
2.198553413329968620e-01
2.194806145730456015e-01
2.191071582754355873e-01
2.187349660217174918e-01
2.183640314430469187e-01
2.179943482467875393e-01
2.176259101655159678e-01
2.172587109506803615e-01
2.168927443968043933e-01
2.165280043754036210e-01
2.161644847848587514e-01
2.158021795417327526e-01
2.154410825983181510e-01
2.150811879839623630e-01
2.147224897580813086e-01
2.143649819976796711e-01
2.140086588083563723e-01
2.136535143703566231e-01
2.132995428995034803e-01
2.129467386286479358e-01
2.125950958133402402e-01
2.122446087774196299e-01
2.118952718884171971e-01
2.115470795305760265e-01
2.112000261066933338e-01
2.108541060773237996e-01
2.105093139565068217e-01
2.101656442755620025e-01
2.098230915820700759e-01
2.094816504677322333e-01
2.091413155868957763e-01
2.088020816137766134e-01
2.084639432379538637e-01
2.081268951791966082e-01
2.077909322243199353e-01
2.074560491863852163e-01
2.071222408933230397e-01
2.067895021933212063e-01
2.064578279959507767e-01
2.061272132490058473e-01
2.057976529148617117e-01
2.054691419712326717e-01
2.051416754424143507e-01
2.048152484052539191e-01
2.044898559527832393e-01
2.041654931919192340e-01
2.038421552585730490e-01
2.035198373499433888e-01
2.031985346860473440e-01
2.028782425003392564e-01
2.025589560436575620e-01
2.022406706215387762e-01
2.019233815771079854e-01
2.016070842668194751e-01
2.012917740603549777e-01
2.009774463634678154e-01
2.006640966354288624e-01
2.003517203522575674e-01
2.000403130025229792e-01
1.997298700939224292e-01
1.994203871893964752e-01
1.991118598811551510e-01
1.988042837736055946e-01
1.984976544837966095e-01
1.981919676662823038e-01
1.978872190235794470e-01
1.975834042727175610e-01
1.972805191424515658e-01
1.969785593799195100e-01
1.966775207847620555e-01
1.963773991834830424e-01
1.960781904139724530e-01
1.957798903257783607e-01
1.954824948020169595e-01
1.951859997725124696e-01
1.948904011812776782e-01
1.945956949832856608e-01
1.943018771486771101e-01
1.940089436950891699e-01
1.937168906695846127e-01
1.934257141299951244e-01
1.931354101447637361e-01
1.928459748075170566e-01
1.925574042598850177e-01
1.922696946597355072e-01
1.919828421751846592e-01
1.916968429858610379e-01
1.914116933092800399e-01
1.911273893995387441e-01
1.908439275217329589e-01
1.905613039508517736e-01
1.902795149773824634e-01
1.899985569372143468e-01
1.897184261897452151e-01
1.894391191039909161e-01
1.891606320585490220e-01
1.888829614550327496e-01
1.886061037391407458e-01
1.883300553713581904e-01
1.880548128214266923e-01
1.877803725689461967e-01
1.875067311249885016e-01
1.872338850373071462e-01
1.869618308643458127e-01
1.866905651734863947e-01
1.864200845433718334e-01
1.861503855903381410e-01
1.858814649587754442e-01
1.856133193020942929e-01
1.853459452823370546e-01
1.850793395752784176e-01
1.848134988972586767e-01
1.845484199853707208e-01
1.842840995851012242e-01
1.840205344502744145e-01
1.837577213515680097e-01
1.834956571000053993e-01
1.832343385222744148e-01
1.829737624531454776e-01
1.827139257354711555e-01
1.824548252320410680e-01
