1.000000000000000000e+00
9.947715826447436349e-01
9.895626760746276673e-01
9.843740389261170787e-01
9.792062650538799762e-01
9.740599345402735088e-01
9.689356032783251749e-01
9.638338025887297489e-01
9.587550400656795757e-01
9.536997999418435068e-01
9.486685434327714050e-01
9.436617092292449716e-01
9.386797139284860370e-01
9.337229524170372885e-01
9.287917983468547689e-01
9.238866046080620453e-01
9.190077037691787298e-01
9.141554085030508814e-01
9.093300120781592222e-01
9.045317888305742793e-01
8.997609946248993351e-01
8.950178673064056456e-01
8.903026271610698927e-01
8.856154773984034057e-01
8.809566046149343022e-01
8.763261792542927919e-01
8.717243560652644385e-01
8.671512745546300360e-01
8.626070594369202871e-01
8.580918210904556753e-01
8.536056560023190798e-01
8.491486472073823677e-01
8.447208647222783640e-01
8.403223659739339491e-01
8.359531962222883639e-01
8.316133889768876353e-01
8.273029664070356004e-01
8.230219397452518404e-01
8.187703096837829486e-01
8.145480667639269923e-01
8.103551917580769093e-01
8.061916560443628255e-01
8.020574219734868393e-01
7.979524432278174428e-01
7.938766651726832935e-01
7.898300251997929511e-01
7.858124530627285109e-01
7.818238712044730532e-01
7.778641950769623614e-01
7.739333334525830832e-01
7.700311887275851364e-01
7.661576572176811428e-01
7.623126294457192031e-01
7.584959904214747528e-01
7.547076199136489860e-01
7.509473927141323557e-01
7.472151788946164164e-01
7.435108440556357223e-01
7.398342495681292652e-01
7.361852528076181512e-01
7.325637073810983280e-01
7.289694633467533880e-01
7.254023674261538268e-01
7.218622632073217193e-01
7.183489913450552544e-01
7.148623897543511241e-01
7.114022937961413939e-01
7.079685364565682093e-01
7.045609485199137989e-01
7.011793587352542767e-01
6.978235939741977978e-01
6.944934793844087517e-01
6.911888385430189352e-01
6.879094936005207828e-01
6.846552654186943698e-01
6.814259737029776387e-01
6.782214371263364239e-01
6.750414734511943626e-01
6.718858996519709859e-01
6.687545320278756034e-01
6.656471863104085340e-01
6.625636777642590625e-01
6.595038212852871728e-01
6.564674315004643823e-01
6.534543228584986929e-01
6.504643097153183229e-01
6.474972064150357198e-01
6.445528273718528212e-01
6.416309871469186854e-01
6.387315005185778549e-01
6.358541825505353851e-01
6.329988486605595543e-01
6.301653146818035900e-01
6.273533969191906756e-01
6.245629122073971251e-01
6.217936779700584671e-01
6.190455122645467378e-01
6.163182338260656534e-01
6.136116621217612144e-01
6.109256173967262393e-01
6.082599207028732691e-01
6.056143939369327267e-01
6.029888598958079715e-01
6.003831422967648157e-01
5.977970657984926772e-01
5.952304560507740705e-01
5.926831397260402534e-01
5.901549445202279864e-01
5.876456991893126425e-01
5.851552335971524910e-01
5.826833787004631615e-01
5.802299665707829623e-01
5.777948304541181690e-01
5.753778047463931067e-01
5.729787250022025935e-01
5.705974280021512968e-01
5.682337517201606625e-01
5.658875353234606997e-01
5.635586192463793997e-01
5.612468451443377582e-01
5.589520558947516093e-01
5.566740956741144108e-01
5.544128098915130920e-01
5.521680452066056732e-01
5.499396495968219556e-01
5.477274722704952303e-01
5.455313637210000843e-01
5.433511757563647127e-01
5.411867614102738866e-01
5.390379750409206583e-01
5.369046722893040524e-01
5.347867100321648248e-01
5.326839464954720160e-01
5.305962411356170971e-01
5.285234546908726960e-01
5.264654492181760626e-01
5.244220879750433051e-01
5.223932355562530550e-01
5.203787577886950233e-01
5.183785217406592372e-01
5.163923957994613900e-01
5.144202495195392411e-01
5.124619537751928799e-01
5.105173806422952376e-01
5.085864034174307768e-01
5.066688966836291330e-01
5.047647361549416622e-01
5.028737988542472115e-01
5.009959629376147250e-01
4.991311077930198903e-01
4.972791140149682709e-01
4.954398633215541525e-01
4.936132387003299704e-01
4.917991241994225660e-01
4.899974051279645804e-01
4.882079678700195768e-01
4.864306999917282215e-01
4.846654901962911821e-01
4.829122282679264022e-01
4.811708051878488823e-01
4.794411129384538173e-01
4.777230447213978715e-01
4.760164947078260878e-01
4.743213582573881371e-01
4.726375317148531763e-01
4.709649125455337981e-01
4.693033992400740262e-01
4.676528913286026046e-01
4.660132894099550116e-01
4.643844950455603970e-01
4.627664108987814551e-01
4.611589405328199720e-01
4.595619886290713829e-01
4.579754607243936015e-01
4.563992634713123775e-01
4.548333043516560870e-01
4.532774919438713468e-01
4.517317356433706022e-01
4.501959459127781726e-01
4.486700340265579734e-01
4.471539122929467647e-01
4.456474938287315335e-01
4.441506927513524938e-01
4.426634239819607908e-01
4.411856034122381698e-01
4.397171477291818009e-01
4.382579745647363634e-01
4.368080023331175621e-01
4.353671503732486348e-01
4.339353387881336732e-01
4.325124885908862016e-01
4.310985215353109190e-01
4.296933602762398885e-01
4.282969281809825834e-01
4.269091495137040670e-01
4.255299492189470456e-01
4.241592531375578123e-01
4.227969877565389556e-01
4.214430804599667013e-01
4.200974592447128675e-01
4.187600530030525237e-01
4.174307912122666719e-01
4.161096042352976920e-01
4.147964230043133527e-01
4.134911793127903912e-01
4.121938055250796706e-01
4.109042348242001874e-01
4.096224009851042736e-01
4.083482385402162351e-01
4.070816826528766974e-01
4.058226691675586029e-01
4.045711346109573392e-01
4.033270161074813953e-01
4.020902515165922786e-01
4.008607792187878216e-01
3.996385383668434321e-01
3.984234685853503821e-01
3.972155102701291352e-01
3.960146042881280692e-01
3.948206922235602545e-01
3.936337161816629293e-01
3.924536188894326982e-01
3.912803436750277308e-01
3.901138343781426765e-01
3.889540355171918762e-01
3.878008920359116707e-01
3.866543495885049753e-01
3.855143542368643095e-01
3.843808527031241096e-01
3.832537921794099689e-01
3.821331204037005658e-01
3.810187856868747502e-01
3.799107367617971520e-01
3.788089230127897888e-01
3.777132941849479231e-01
3.766238006604925026e-01
3.755403932278228440e-01
3.744630231990546121e-01
3.733916424074210649e-01
3.723262030719967641e-01
3.712666580233495717e-01
3.702129604181533806e-01
3.691650639974282111e-01
3.681229228968075362e-01
3.670864917004479366e-01
3.660557255166178581e-01
3.650305797718770284e-01
3.640110104758705889e-01
3.629969739541610840e-01
3.619884270211275457e-01
3.609853269309506452e-01
3.599876312698158665e-01
3.589952981719269354e-01
3.580082860481089146e-01
3.570265538069797295e-01
3.560500607379799565e-01
3.550787664665572829e-01
3.541126311295858531e-01
3.531516151178620277e-01
3.521956793066628455e-01
3.512447849200624472e-01
3.502988935025381778e-01
3.493579670854276564e-01
3.484219679365004874e-01
3.474908587787692849e-01
3.465646026763560816e-01
3.456431629789887272e-01
3.447265035103483921e-01
3.438145883193073904e-01
3.429073818636894644e-01
3.420048489572478645e-01
3.411069546526146468e-01
3.402136644634522478e-01
3.393249441340132067e-01
3.384407597497535725e-01
3.375610777835520437e-01
3.366858649067987486e-01
3.358150882147476479e-01
3.349487150699544946e-01
3.340867130905625371e-01
3.332290503115757363e-01
3.323756949565851437e-01
3.315266155938729753e-01
3.306817811240739813e-01
3.298411606312045552e-01
3.290047235991084285e-01
3.281724397456644016e-01
3.273442790231257948e-01
3.265202117715031438e-01
3.257002085022240312e-01
3.248842400308128986e-01
3.240722774960959618e-01
3.232642921944242631e-01
3.224602557773025291e-01
3.216601401416622763e-01
3.208639173644565190e-01
3.200715598919562921e-01
3.192830403514217430e-01
3.184983315949280192e-01
3.177174068176478738e-01
3.169402393599268231e-01
3.161668028328007418e-01
3.153970711425120865e-01
3.146310183289461881e-01
3.138686187372796144e-01
3.131098469553982855e-01
3.123546777098440974e-01
3.116030860508150480e-01
3.108550472241933260e-01
3.101105366297293719e-01
3.093695299923962527e-01
3.086320031962854205e-01
3.078979322993332102e-01
3.071672936723410241e-01
3.064400638204707872e-01
3.057162194418355794e-01
3.049957375278080085e-01
3.042785951884252604e-01
3.035647697418815127e-01
3.028542387782720557e-01
3.021469799965304515e-01
3.014429713140510669e-01
3.007421909002380711e-01
3.000446170269953083e-01
2.993502281900680684e-01
2.986590031204798268e-01
2.979709206472329619e-01
2.972859598240540357e-01
2.966040999271185585e-01
2.959253203268165655e-01
2.952496006151599794e-01
2.945769205978773231e-01
2.939072601713603738e-01
2.932405994469257093e-01
2.925769187448660213e-01
2.919161984726934000e-01
2.912584192427405405e-01
2.906035618752780825e-01
2.899516072747144735e-01
2.893025365367979385e-01
2.886563309673980116e-01
2.880129719543398359e-01
2.873724410599639567e-01
2.867347200613399316e-01
2.860997908169739534e-01
2.854676353399917543e-01
2.848382358639605094e-01
2.842115747059526520e-01
2.835876343155405710e-01
2.829663973674067523e-01
2.823478466254337182e-01
2.817319649634745238e-01
2.811187354807801464e-01
2.805081413762867126e-01
2.799001659389366847e-01
2.792947926744183684e-01
2.786920052050365082e-01
2.780917872277145486e-01
2.774941226363140112e-01
2.768989954643383822e-01
2.763063898104266003e-01
2.757162899402076373e-01
2.751286802847449087e-01
2.745435453380824509e-01
2.739608697249096281e-01
2.733806382577480543e-01
2.728028358185841662e-01
2.722274473844264464e-01
2.716544581294914606e-01
2.710838533141916584e-01
2.705156182684766430e-01
2.699497385047388009e-01
2.693861996513519097e-01
2.688249873930048106e-01
2.682660875607135176e-01
2.677094861370716283e-01
2.671551691603134548e-01
2.666031227704311890e-01
2.660533332846208854e-01
2.655057870886201599e-01
2.649604706351676442e-01
2.644173705490482917e-01
2.638764735543101536e-01
2.633377664257177120e-01
2.628012360713727347e-01
2.622668695402510797e-01
2.617346539321115384e-01
2.612045764311243801e-01
2.606766243881682432e-01
2.601507852225147799e-01
2.596270464069214134e-01
2.591053955617683147e-01
2.585858204164368512e-01
2.580683087447806501e-01
2.575528484176348165e-01
2.570394274557064596e-01
2.565280339341530214e-01
2.560186559834746189e-01
2.555112818820928222e-01
2.550058999987234176e-01
2.545024987434413855e-01
2.540010666249788440e-01
2.535015922892421836e-01
2.530040644304797359e-01
2.525084717957749025e-01
2.520148032731175380e-01
2.515230478341038967e-01
2.510331944888121170e-01
2.505452323370618850e-01
2.500591506108828521e-01
2.495749385890407290e-01
2.490925855963078139e-01
2.486120810858860053e-01
2.481334145982232731e-01
2.476565757097604348e-01
2.471815540690186497e-01
2.467083394565982302e-01
2.462369217032846780e-01
2.457672906778005928e-01
2.452994363562878144e-01
2.448333488149654347e-01
2.443690181656045235e-01
2.439064345707925296e-01
2.434455883197301773e-01
2.429864697646524074e-01
2.425290692902037082e-01
2.420733773570670488e-01
2.416193845421779618e-01
2.411670814631548532e-01
2.407164587728199412e-01
2.402675072257026145e-01
2.398202176650491568e-01
2.393745809658618384e-01
2.389305880474422716e-01
2.384882299445693632e-01
2.380474977528609648e-01
2.376083825970401742e-01
2.371708756619800018e-01
2.367349682445777370e-01
2.363006516836788362e-01
2.358679173472914281e-01
2.354367566815304680e-01
2.350071612289550416e-01
2.345791225643332478e-01
2.341526322938012883e-01
2.337276821158265905e-01
2.333042638064353469e-01
2.328823691692997744e-01
2.324619900438287257e-01
2.320431183697673205e-01
2.316257461472898960e-01
2.312098654021828015e-01
2.307954682019232873e-01
2.303825467160011686e-01
2.299710931611806120e-01
2.295610997788034569e-01
2.291525588584858719e-01
2.287454627885820990e-01
2.283398039958652315e-01
2.279355749309834867e-01
2.275327680986763967e-01
2.271313760967562378e-01
2.267313915558218651e-01
2.263328071297923128e-01
2.259356155307649938e-01
2.255398095579896622e-01
2.251453820399106631e-01
2.247523258277743241e-01
2.243606338330631778e-01
2.239702990493801782e-01
2.235813144972255972e-01
2.231936732193064155e-01
2.228073683186164167e-01
2.224223929766407648e-01
2.220387404003326959e-01
2.216564038181152441e-01
2.212753765168701814e-01
2.208956518598795826e-01
2.205172232351246264e-01
2.201400840511949508e-01
2.197642277715640968e-01
2.193896479354327245e-01
2.190163381065590997e-01
2.186442918684055325e-01
2.182735028541391842e-01
2.179039647730486029e-01
2.175356713595837932e-01
2.171686163670644154e-01
2.168027935919803473e-01
2.164381969077461831e-01
2.160748202145794106e-01
2.157126574308760869e-01
2.153517025108436789e-01
2.149919494857086555e-01
2.146333924166879126e-01
2.142760253825828909e-01
2.139198424908498597e-01
2.135648379235987049e-01
2.132110058984186263e-01
2.128583406499219288e-01
2.125068364354581740e-01
2.121564875807141759e-01
2.118072884549572210e-01
2.114592334441559862e-01
2.111123169528526244e-01
2.107665334434246085e-01
2.104218774316230778e-01
2.100783434504600033e-01
2.097359260492109023e-01
2.093946198213613996e-01
2.090544194229574659e-01
2.087153195298726005e-01
2.083773148333404046e-01
2.080404000548567167e-01
2.077045699829341840e-01
2.073698194322582955e-01
2.070361432323805095e-01
2.067035362331453019e-01
2.063719933458234013e-01
2.060415095198043223e-01
2.057120797190508388e-01
2.053836989228749743e-01
2.050563621572498718e-01
2.047300645006046582e-01
2.044048010475264243e-01
2.040805669064843231e-01
2.037573572150138679e-01
2.034351671719013543e-01
2.031139919986869047e-01
2.027938269303450336e-01
2.024746672192627994e-01
2.021565081725751611e-01
2.018393451349049517e-01
2.015231734641950712e-01
2.012079885316181427e-01
2.008937857444971775e-01
2.005805605635990474e-01
2.002683084664008406e-01
1.999570249429263591e-01
1.996467055023687931e-01
1.993373457091864032e-01
1.990289411570183020e-01
1.987214874516960994e-01
1.984149802116977890e-01
1.981094150930826636e-01
1.978047877997917425e-01
1.975010940502487100e-01
1.971983295746001508e-01
1.968964901214171337e-01
1.965955714917909380e-01
1.962955695135917000e-01
1.959964800260718953e-01
1.956982988801449497e-01
1.954010219603662390e-01
1.951046451979252805e-01
1.948091645381687942e-01
1.945145759374005967e-01
1.942208753671220145e-01
1.939280588463671018e-01
1.936361224235078338e-01
1.933450621576783823e-01
1.930548741186230988e-01
1.927655544013359978e-01
1.924770991487690652e-01
1.921895045200655017e-01
1.919027666846139513e-01
1.916168818233272841e-01
1.913318461550669869e-01
1.910476559351920456e-01
1.907643074300436337e-01
1.904817969158533741e-01
1.902001206843882131e-01
1.899192750728343482e-01
1.896392564418099003e-01
1.893600611615467721e-01
1.890816856118575084e-01
1.888041261956326100e-01
1.885273793598052916e-01
1.882514415660514473e-01
1.879763092853000694e-01
1.877019789983457032e-01
1.874284472175177518e-01
1.871557104917535019e-01
1.868837653806590948e-01
1.866126084527762463e-01
1.863422362879273986e-01
1.860726455036723348e-01
1.858038327455455441e-01
1.855357946680921688e-01
1.852685279344873925e-01
1.850020292216730255e-01
1.847362952471716946e-01
1.844713227491884544e-01
1.842071084743179266e-01
1.839436491774903148e-01
1.836809416305383580e-01
1.834189826456239514e-01
1.831577690505192535e-01
1.828972976810769036e-01
1.826375653812306599e-01
1.823785690149077876e-01
