1.000000000000000000e+00
9.947715826447441900e-01
9.895626760746276673e-01
9.843740389261171897e-01
9.792062650538801982e-01
9.740599345402735088e-01
9.689356032783253969e-01
9.638338025887297489e-01
9.587550400656796867e-01
9.536997999418433958e-01
9.486685434327712940e-01
9.436617092292450826e-01
9.386797139284862590e-01
9.337229524170371775e-01
9.287917983468547689e-01
9.238866046080620453e-01
9.190077037691786188e-01
9.141554085030509924e-01
9.093300120781590001e-01
9.045317888305742793e-01
8.997609946248992241e-01
8.950178673064055346e-01
8.903026271610698927e-01
8.856154773984032946e-01
8.809566046149340801e-01
8.763261792542926809e-01
8.717243560652643275e-01
8.671512745546298140e-01
8.626070594369200650e-01
8.580918210904553423e-01
8.536056560023188577e-01
8.491486472073819236e-01
8.447208647222786970e-01
8.403223659739337270e-01
8.359531962222885859e-01
8.316133889768877463e-01
8.273029664070357114e-01
8.230219397452517294e-01
8.187703096837830596e-01
8.145480667639271033e-01
8.103551917580769093e-01
8.061916560443629365e-01
8.020574219734869503e-01
7.979524432278175539e-01
7.938766651726831824e-01
7.898300251997929511e-01
7.858124530627281779e-01
7.818238712044730532e-01
7.778641950769622504e-01
7.739333334525830832e-01
7.700311887275850253e-01
7.661576572176812538e-01
7.623126294457189811e-01
7.584959904214743087e-01
7.547076199136485419e-01
7.509473927141320226e-01
7.472151788946164164e-01
7.435108440556359444e-01
7.398342495681292652e-01
7.361852528076179292e-01
7.325637073810979949e-01
7.289694633467532769e-01
7.254023674261537158e-01
7.218622632073213863e-01
7.183489913450549214e-01
7.148623897543506800e-01
7.114022937961410609e-01
7.079685364565678762e-01
7.045609485199136879e-01
7.011793587352544987e-01
6.978235939741977978e-01
6.944934793844085297e-01
6.911888385430187132e-01
6.879094936005204497e-01
6.846552654186941478e-01
6.814259737029774167e-01
6.782214371263364239e-01
6.750414734511941406e-01
6.718858996519710969e-01
6.687545320278752703e-01
6.656471863104085340e-01
6.625636777642590625e-01
6.595038212852869508e-01
6.564674315004640492e-01
6.534543228584982488e-01
6.504643097153181008e-01
6.474972064150353868e-01
6.445528273718524881e-01
6.416309871469183523e-01
6.387315005185777439e-01
6.358541825505353851e-01
6.329988486605593323e-01
6.301653146818034790e-01
6.273533969191903426e-01
6.245629122073972361e-01
6.217936779700583561e-01
6.190455122645464048e-01
6.163182338260653204e-01
6.136116621217605482e-01
6.109256173967259063e-01
6.082599207028731580e-01
6.056143939369327267e-01
6.029888598958076384e-01
6.003831422967647047e-01
5.977970657984923442e-01
5.952304560507738485e-01
5.926831397260400314e-01
5.901549445202277644e-01
5.876456991893125315e-01
5.851552335971524910e-01
5.826833787004628284e-01
5.802299665707829623e-01
5.777948304541180580e-01
5.753778047463933287e-01
5.729787250022024825e-01
5.705974280021510747e-01
5.682337517201604404e-01
5.658875353234604777e-01
5.635586192463793997e-01
5.612468451443375361e-01
5.589520558947514983e-01
5.566740956741141888e-01
5.544128098915129810e-01
5.521680452066056732e-01
5.499396495968217335e-01
5.477274722704952303e-01
5.455313637209999733e-01
5.433511757563647127e-01
5.411867614102736646e-01
5.390379750409206583e-01
5.369046722893038304e-01
5.347867100321646028e-01
5.326839464954716830e-01
5.305962411356167641e-01
5.285234546908725850e-01
5.264654492181761736e-01
5.244220879750430830e-01
5.223932355562529439e-01
5.203787577886951343e-01
5.183785217406594592e-01
5.163923957994610570e-01
5.144202495195393521e-01
5.124619537751927689e-01
5.105173806422952376e-01
5.085864034174305548e-01
5.066688966836289110e-01
5.047647361549416622e-01
5.028737988542473225e-01
5.009959629376147250e-01
4.991311077930200013e-01
4.972791140149680489e-01
4.954398633215540970e-01
4.936132387003298594e-01
4.917991241994225105e-01
4.899974051279644693e-01
4.882079678700194658e-01
4.864306999917282215e-01
4.846654901962912376e-01
4.829122282679262912e-01
4.811708051878488268e-01
4.794411129384539283e-01
4.777230447213977604e-01
4.760164947078261433e-01
4.743213582573883036e-01
4.726375317148531763e-01
4.709649125455337981e-01
4.693033992400740262e-01
4.676528913286027711e-01
4.660132894099549561e-01
4.643844950455602860e-01
4.627664108987813441e-01
4.611589405328198055e-01
4.595619886290714384e-01
4.579754607243934905e-01
4.563992634713124330e-01
4.548333043516559204e-01
4.532774919438712358e-01
4.517317356433706022e-01
4.501959459127782837e-01
4.486700340265579734e-01
4.471539122929468757e-01
4.456474938287314225e-01
4.441506927513523273e-01
4.426634239819608463e-01
4.411856034122381143e-01
4.397171477291818009e-01
4.382579745647363079e-01
4.368080023331175066e-01
4.353671503732486348e-01
4.339353387881333401e-01
4.325124885908862016e-01
4.310985215353109190e-01
4.296933602762398885e-01
4.282969281809826390e-01
4.269091495137041781e-01
4.255299492189470456e-01
4.241592531375577568e-01
4.227969877565390666e-01
4.214430804599666458e-01
4.200974592447126454e-01
4.187600530030524681e-01
4.174307912122666719e-01
4.161096042352978586e-01
4.147964230043132972e-01
4.134911793127906132e-01
4.121938055250798372e-01
4.109042348242002429e-01
4.096224009851042736e-01
4.083482385402161796e-01
4.070816826528765309e-01
4.058226691675584918e-01
4.045711346109572282e-01
4.033270161074813953e-01
4.020902515165924451e-01
4.008607792187879326e-01
3.996385383668434321e-01
3.984234685853503821e-01
3.972155102701291352e-01
3.960146042881280137e-01
3.948206922235601990e-01
3.936337161816628183e-01
3.924536188894326427e-01
3.912803436750277308e-01
3.901138343781426210e-01
3.889540355171918207e-01
3.878008920359117817e-01
3.866543495885049753e-01
3.855143542368644205e-01
3.843808527031240541e-01
3.832537921794100799e-01
3.821331204037006768e-01
3.810187856868746392e-01
3.799107367617970410e-01
3.788089230127895113e-01
3.777132941849478676e-01
3.766238006604926136e-01
3.755403932278227885e-01
3.744630231990547231e-01
3.733916424074209539e-01
3.723262030719967086e-01
3.712666580233495717e-01
3.702129604181533251e-01
3.691650639974281556e-01
3.681229228968075362e-01
3.670864917004481032e-01
3.660557255166178026e-01
3.650305797718770284e-01
3.640110104758705889e-01
3.629969739541612506e-01
3.619884270211274901e-01
3.609853269309507007e-01
3.599876312698159220e-01
3.589952981719268799e-01
3.580082860481089146e-01
3.570265538069798961e-01
3.560500607379799565e-01
3.550787664665572829e-01
3.541126311295857976e-01
3.531516151178621388e-01
3.521956793066627900e-01
3.512447849200624472e-01
3.502988935025381778e-01
3.493579670854276564e-01
3.484219679365004319e-01
3.474908587787692849e-01
3.465646026763561371e-01
3.456431629789886717e-01
3.447265035103483366e-01
3.438145883193073349e-01
3.429073818636895754e-01
3.420048489572478645e-01
3.411069546526146468e-01
3.402136644634521923e-01
3.393249441340131511e-01
3.384407597497536280e-01
3.375610777835519882e-01
3.366858649067988041e-01
3.358150882147476479e-01
3.349487150699543836e-01
3.340867130905625371e-01
3.332290503115757363e-01
3.323756949565851992e-01
3.315266155938728643e-01
3.306817811240740368e-01
3.298411606312046662e-01
3.290047235991084285e-01
3.281724397456642905e-01
3.273442790231257948e-01
3.265202117715031438e-01
3.257002085022239757e-01
3.248842400308128986e-01
3.240722774960960173e-01
3.232642921944243186e-01
3.224602557773025291e-01
3.216601401416624428e-01
3.208639173644565745e-01
3.200715598919562366e-01
3.192830403514217430e-01
3.184983315949281302e-01
3.177174068176479294e-01
3.169402393599268786e-01
3.161668028328008528e-01
3.153970711425121976e-01
3.146310183289461881e-01
3.138686187372797809e-01
3.131098469553982855e-01
3.123546777098442084e-01
3.116030860508151590e-01
3.108550472241934925e-01
3.101105366297294830e-01
3.093695299923961417e-01
3.086320031962855870e-01
3.078979322993333767e-01
3.071672936723411351e-01
3.064400638204709537e-01
3.057162194418356349e-01
3.049957375278081195e-01
3.042785951884253715e-01
3.035647697418814572e-01
3.028542387782721668e-01
3.021469799965305070e-01
3.014429713140512890e-01
3.007421909002381821e-01
3.000446170269953639e-01
2.993502281900682904e-01
2.986590031204798823e-01
2.979709206472330174e-01
2.972859598240540913e-01
2.966040999271186696e-01
2.959253203268166765e-01
2.952496006151600350e-01
2.945769205978774896e-01
2.939072601713605959e-01
2.932405994469259869e-01
2.925769187448661324e-01
2.919161984726935111e-01
2.912584192427407626e-01
2.906035618752781935e-01
2.899516072747145845e-01
2.893025365367979385e-01
2.886563309673980671e-01
2.880129719543399469e-01
2.873724410599640122e-01
2.867347200613399871e-01
2.860997908169738979e-01
2.854676353399918098e-01
2.848382358639606760e-01
2.842115747059527076e-01
2.835876343155407375e-01
2.829663973674070299e-01
2.823478466254338293e-01
2.817319649634745793e-01
2.811187354807802574e-01
2.805081413762867681e-01
2.799001659389367402e-01
2.792947926744184795e-01
2.786920052050366192e-01
2.780917872277146596e-01
2.774941226363141222e-01
2.768989954643385487e-01
2.763063898104267668e-01
2.757162899402076928e-01
2.751286802847449642e-01
2.745435453380825619e-01
2.739608697249096281e-01
2.733806382577481653e-01
2.728028358185842772e-01
2.722274473844266685e-01
2.716544581294915717e-01
2.710838533141918805e-01
2.705156182684768096e-01
2.699497385047388565e-01
2.693861996513520207e-01
2.688249873930050327e-01
2.682660875607135731e-01
2.677094861370716283e-01
2.671551691603134548e-01
2.666031227704312445e-01
2.660533332846209409e-01
2.655057870886202709e-01
2.649604706351679217e-01
2.644173705490484028e-01
2.638764735543103757e-01
2.633377664257178785e-01
2.628012360713727347e-01
2.622668695402510797e-01
2.617346539321115939e-01
2.612045764311246021e-01
2.606766243881684098e-01
2.601507852225148909e-01
2.596270464069216355e-01
2.591053955617684812e-01
2.585858204164370178e-01
2.580683087447807611e-01
2.575528484176347610e-01
2.570394274557065151e-01
2.565280339341531324e-01
2.560186559834747300e-01
2.555112818820930443e-01
2.550058999987236397e-01
2.545024987434414965e-01
2.540010666249790106e-01
2.535015922892422946e-01
2.530040644304799025e-01
2.525084717957751246e-01
2.520148032731178156e-01
2.515230478341041187e-01
2.510331944888123390e-01
2.505452323370620515e-01
2.500591506108830187e-01
2.495749385890408123e-01
2.490925855963078417e-01
2.486120810858861441e-01
2.481334145982233841e-01
2.476565757097605736e-01
2.471815540690188717e-01
2.467083394565983134e-01
2.462369217032848723e-01
2.457672906778007038e-01
2.452994363562879809e-01
2.448333488149654624e-01
2.443690181656046345e-01
2.439064345707927239e-01
2.434455883197302883e-01
2.429864697646524629e-01
2.425290692902039025e-01
2.420733773570672154e-01
2.416193845421782116e-01
2.411670814631550752e-01
2.407164587728200522e-01
2.402675072257026700e-01
2.398202176650492123e-01
2.393745809658620327e-01
2.389305880474424104e-01
2.384882299445695297e-01
2.380474977528611036e-01
2.376083825970403129e-01
2.371708756619801406e-01
2.367349682445777370e-01
2.363006516836789472e-01
2.358679173472915669e-01
2.354367566815306623e-01
2.350071612289551526e-01
2.345791225643333588e-01
2.341526322938014271e-01
2.337276821158267848e-01
2.333042638064355967e-01
2.328823691693000242e-01
2.324619900438288922e-01
2.320431183697675426e-01
2.316257461472900347e-01
2.312098654021829125e-01
2.307954682019234538e-01
2.303825467160014462e-01
2.299710931611807230e-01
2.295610997788036234e-01
2.291525588584860385e-01
2.287454627885823211e-01
2.283398039958653980e-01
2.279355749309837087e-01
2.275327680986766188e-01
2.271313760967564599e-01
2.267313915558221427e-01
2.263328071297925070e-01
2.259356155307651326e-01
2.255398095579899398e-01
2.251453820399108297e-01
2.247523258277744351e-01
2.243606338330632610e-01
2.239702990493802337e-01
2.235813144972257083e-01
2.231936732193065265e-01
2.228073683186164722e-01
2.224223929766409313e-01
2.220387404003328347e-01
2.216564038181152996e-01
2.212753765168703479e-01
2.208956518598796381e-01
2.205172232351247097e-01
2.201400840511950618e-01
2.197642277715641246e-01
2.193896479354328077e-01
2.190163381065591552e-01
2.186442918684056436e-01
2.182735028541392952e-01
2.179039647730487139e-01
2.175356713595838765e-01
2.171686163670645264e-01
2.168027935919804583e-01
2.164381969077462942e-01
2.160748202145794383e-01
2.157126574308760314e-01
2.153517025108436511e-01
2.149919494857086277e-01
2.146333924166878293e-01
2.142760253825828909e-01
2.139198424908499430e-01
2.135648379235987604e-01
2.132110058984187373e-01
2.128583406499220398e-01
2.125068364354581740e-01
2.121564875807142314e-01
2.118072884549572210e-01
2.114592334441560695e-01
2.111123169528526522e-01
2.107665334434246363e-01
2.104218774316231333e-01
2.100783434504599756e-01
2.097359260492109301e-01
2.093946198213614551e-01
2.090544194229574382e-01
2.087153195298726005e-01
2.083773148333404046e-01
2.080404000548568000e-01
2.077045699829341840e-01
2.073698194322583788e-01
2.070361432323805373e-01
2.067035362331453574e-01
2.063719933458234568e-01
2.060415095198042945e-01
2.057120797190508388e-01
2.053836989228749743e-01
2.050563621572498718e-01
2.047300645006046305e-01
2.044048010475263966e-01
2.040805669064843508e-01
2.037573572150139234e-01
2.034351671719013821e-01
2.031139919986869879e-01
2.027938269303450891e-01
2.024746672192627717e-01
2.021565081725751611e-01
2.018393451349049517e-01
2.015231734641950712e-01
2.012079885316181427e-01
2.008937857444971498e-01
2.005805605635990474e-01
2.002683084664008684e-01
1.999570249429263591e-01
1.996467055023687098e-01
1.993373457091864032e-01
1.990289411570183020e-01
1.987214874516960716e-01
1.984149802116977890e-01
1.981094150930826914e-01
1.978047877997917703e-01
1.975010940502487655e-01
1.971983295746001508e-01
1.968964901214171059e-01
1.965955714917909380e-01
1.962955695135917000e-01
1.959964800260719231e-01
1.956982988801450052e-01
1.954010219603662113e-01
1.951046451979253082e-01
1.948091645381688497e-01
1.945145759374005967e-01
1.942208753671220700e-01
1.939280588463671573e-01
1.936361224235077505e-01
1.933450621576784378e-01
1.930548741186231820e-01
1.927655544013359701e-01
1.924770991487690930e-01
1.921895045200655294e-01
1.919027666846140068e-01
1.916168818233273674e-01
1.913318461550670424e-01
1.910476559351920733e-01
1.907643074300436337e-01
1.904817969158533741e-01
1.902001206843882408e-01
1.899192750728344592e-01
1.896392564418099003e-01
1.893600611615468832e-01
1.890816856118574807e-01
1.888041261956324990e-01
1.885273793598053194e-01
1.882514415660514751e-01
1.879763092853000972e-01
1.877019789983457032e-01
1.874284472175177796e-01
1.871557104917534742e-01
1.868837653806591226e-01
1.866126084527762186e-01
1.863422362879273708e-01
1.860726455036723348e-01
1.858038327455454330e-01
1.855357946680922521e-01
1.852685279344874481e-01
1.850020292216730533e-01
1.847362952471717223e-01
1.844713227491883989e-01
1.842071084743179266e-01
1.839436491774903148e-01
1.836809416305383302e-01
1.834189826456239514e-01
1.831577690505192257e-01
1.828972976810769868e-01
1.826375653812307154e-01
1.823785690149078431e-01
