1.000000000000000000e+00
9.945190939881726200e-01
9.890627065660666517e-01
9.836315697852670015e-01
9.782262511601447219e-01
9.728473010545982680e-01
9.674952426663265825e-01
9.621705718030825194e-01
9.568737578852901660e-01
9.516052444620273221e-01
9.463654496998312737e-01
9.411547670303902491e-01
9.359735657257768349e-01
9.308221914178115286e-01
9.257009667169346923e-01
9.206101918216080815e-01
9.155501450884481196e-01
9.105210835841767159e-01
9.055232437043797544e-01
9.005568417660519964e-01
8.956220745847377485e-01
8.907191200381147089e-01
8.858481376354772063e-01
8.810092691061229830e-01
8.762026389632392442e-01
8.714283550604883244e-01
8.666865091425918211e-01
8.619771773864188802e-01
8.573004209358442429e-01
8.526562864387365881e-01
8.480448065685916026e-01
8.434660005365414159e-01
8.389198745945711799e-01
8.344064225296135007e-01
8.299256261482319541e-01
8.254774557516445510e-01
8.210618706008701029e-01
8.166788193718168554e-01
8.123282406001665068e-01
8.080100631158840807e-01
8.037242064674406938e-01
7.994705813355962309e-01
7.952490899365044497e-01
7.910596264143362477e-01
7.869020772234285310e-01
7.827763214999995389e-01
7.786822314234710385e-01
7.746196725674662220e-01
7.705885042405603569e-01
7.665885798168567966e-01
7.626197470563748082e-01
7.586818484156379050e-01
7.547747213484988782e-01
7.508981985972855711e-01
7.470521084744583540e-01
7.432362751349235186e-01
7.394505188391714556e-01
7.356946562074010432e-01
7.319685004647992210e-01
7.282718616781530541e-01
7.246045469839617059e-01
7.209663608082259589e-01
7.173571050778614344e-01
7.137765794224859572e-01
7.102245813713410350e-01
7.067009065429216141e-01
7.032053488261363894e-01
6.997377005542358974e-01
6.962977526716895849e-01
6.928852948941627288e-01
6.895001158603093483e-01
6.861420032779713685e-01
6.828107440680796225e-01
6.795061244997036010e-01
6.762279303187375135e-01
6.729759468706927317e-01
6.697499592168558724e-01
6.665497522470070768e-01
6.633751107891601162e-01
6.602258197114022620e-01
6.571016640183818813e-01
6.540024289432663229e-01
6.509279000376104740e-01
6.478778632560562301e-01
6.448521050347184591e-01
6.418504123651977977e-01
6.388725728689303995e-01
6.359183748677489367e-01
6.329876074444730216e-01
6.300800605011013245e-01
6.271955248191313226e-01
6.243337921215372788e-01
6.214946551154780785e-01
6.186779075358670443e-01
6.158833441963454947e-01
6.131107610432044996e-01
6.103599551801687229e-01
6.076307248998524813e-01
6.049228697346292760e-01
6.022361904941695432e-01
5.995704892738820124e-01
5.969255694831244741e-01
5.943012359023294167e-01
5.916972946849256010e-01
5.891135533619994424e-01
5.865498208911880118e-01
5.840059076827183171e-01
5.814816255773747056e-01
5.789767878772024146e-01
5.764912093973874052e-01
5.740247064270624922e-01
5.715770967407443059e-01
5.691481996661076348e-01
5.667378360379515811e-01
5.643458281925658460e-01
5.619720000449804909e-01
5.596161770374176170e-01
5.572781861226797639e-01
5.549578558497597625e-01
5.526550162988900228e-01
5.503694990661549546e-01
5.481011373547811649e-01
5.458497658862375701e-01
5.436152209059296192e-01
5.413973402654991274e-01
5.391959633081709891e-01
5.370109309194500691e-01
5.348420855671675023e-01
5.326892711816895165e-01
5.305523332637693823e-01
5.284311188404315907e-01
5.263254763913572942e-01
5.242352559826554126e-01
5.221603091260427210e-01
5.201004888213008881e-01
5.180556496092584284e-01
5.160256474204952815e-01
5.140103397272992591e-01
5.120095854297346261e-01
5.100232448449222300e-01
5.080511798079878627e-01
5.060932534863322729e-01
5.041493305462068086e-01
5.022192770286102448e-01
5.003029603478914566e-01
4.984002493819107982e-01
4.965110142808202287e-01
4.946351266656419665e-01
4.927724594375515466e-01
4.909228868672778634e-01
4.890862845865629471e-01
4.872625294707852439e-01
4.854514998154879080e-01
4.836530750942428236e-01
4.818671361744642501e-01
4.800935651232812740e-01
4.783322453020348308e-01
4.765830613398988613e-01
4.748458990439879401e-01
4.731206455479347595e-01
4.714071890776961871e-01
4.697054191974359694e-01
4.680152265350497887e-01
4.663365030093801211e-01
4.646691416247335504e-01
4.630130365927301872e-01
4.613680832547489841e-01
4.597341780661080013e-01
4.581112186559815891e-01
4.564991036824164183e-01
4.548977330075403835e-01
4.533070074555416440e-01
4.517268290645076179e-01
4.501571007897365306e-01
4.485977267888309195e-01
4.470486121122258516e-01
4.455096629836815536e-01
4.439807865095039552e-01
4.424618909309083192e-01
4.409528853677367466e-01
4.394536800335723803e-01
4.379641860176314849e-01
4.364843154632691014e-01
4.350139813840840919e-01
4.335530978123414703e-01
4.321015796408715914e-01
4.306593427512371286e-01
4.292263038706127243e-01
4.278023806912078508e-01
4.263874917301913037e-01
4.249815564525343814e-01
4.235844951217878629e-01
4.221962289384059153e-01
4.208166798696529320e-01
4.194457708145717945e-01
4.180834254027092078e-01
4.167295681948475772e-01
4.153841244430623303e-01
4.140470203325368748e-01
4.127181827004601788e-01
4.113975393178056494e-01
4.100850185727350494e-01
4.087805497810726441e-01
4.074840628522355956e-01
4.061954886030046952e-01
4.049147584382444820e-01
4.036418046302550633e-01
4.023765600553594335e-01
4.011189583966757177e-01
3.998689339778065954e-01
3.986264218507092894e-01
3.973913577596401847e-01
3.961636780886531040e-01
3.949433199707759190e-01
3.937302210937381752e-01
3.925243199387958848e-01
3.913255554809403347e-01
3.901338674976472798e-01
3.889491962474654896e-01
3.877714827450228219e-01
3.866006685288177480e-01
3.854366957992146903e-01
3.842795073603693101e-01
3.831290465626683850e-01
3.819852574443469706e-01
3.808480844918070152e-01
3.797174729231510559e-01
3.785933683721257603e-01
3.774757171654698484e-01
3.763644660984620804e-01
3.752595625471917273e-01
3.741609544603445303e-01
3.730685902356045136e-01
3.719824189325033337e-01
3.709023899822989079e-01
3.698284534791975720e-01
3.687605599209314300e-01
3.676986603608265458e-01
3.666427063697050293e-01
3.655926499288569831e-01
3.645484436390467597e-01
3.635100404344462355e-01
3.624773938582551702e-01
3.614504578424262426e-01
3.604291867961274543e-01
3.594135356496550582e-01
3.584034596681318630e-01
3.573989147131381161e-01
3.563998569605136280e-01
3.554062431014446410e-01
3.544180302592443987e-01
3.534351759105877622e-01
3.524576380849215318e-01
3.514853750908200625e-01
3.505183457574165273e-01
3.495565092855482670e-01
3.485998252344454373e-01
3.476482536751711594e-01
3.467017549367181761e-01
3.457602898526779267e-01
3.448238195956920271e-01
3.438923056802725697e-01
3.429657101069443770e-01
3.420439951155621605e-01
3.411271234205898173e-01
3.402150580671601254e-01
3.393077624051235586e-01
3.384052002589312824e-01
3.375073356777501532e-01
3.366141331396683145e-01
3.357255574681703436e-01
3.348415737400852743e-01
3.339621474987284899e-01
3.330872445123719827e-01
3.322168309107959017e-01
3.313508732028146442e-01
3.304893381026201560e-01
3.296321927611782776e-01
3.287794045860544245e-01
3.279309412579906602e-01
3.270867708723811940e-01
3.262468617113709057e-01
3.254111824196420089e-01
3.245797019636583181e-01
3.237523895015586572e-01
3.229292146009944409e-01
3.221101470532396482e-01
3.212951569002903129e-01
3.204842145690179334e-01
3.196772906547398763e-01
3.188743560737332117e-01
3.180753820555237699e-01
3.172803399918808220e-01
3.164892016416346321e-01
3.157019389973859669e-01
3.149185242435406651e-01
3.141389299365860421e-01
3.133631288059833819e-01
3.125910938214916945e-01
3.118227982904315798e-01
3.110582156628459161e-01
3.102973196746363072e-01
3.095400843468247287e-01
3.087864838365947939e-01
3.080364926187011410e-01
3.072900853989580794e-01
3.065472370286784209e-01
3.058079226904363290e-01
3.050721177515258731e-01
3.043397977435959301e-01
3.036109385254013304e-01
3.028855161062769530e-01
3.021635066820776427e-01
3.014448867584446634e-01
3.007296329696610981e-01
3.000177221563521401e-01
2.993091314460133434e-01
2.986038380813836879e-01
2.979018195266564528e-01
2.972030535094584147e-01
2.965075178646152665e-01
2.958151906581780732e-01
2.951260501985274454e-01
2.944400748961973902e-01
2.937572433976393116e-01
2.930775345742678284e-01
2.924009273959632393e-01
2.917274010687680996e-01
2.910569350105865483e-01
2.903895087344335879e-01
2.897251019859217736e-01
2.890636947137439350e-01
2.884052669581765871e-01
2.877497989851595661e-01
2.870972712590811327e-01
2.864476643321447469e-01
2.858009589720835741e-01
2.851571361443084318e-01
2.845161768983281991e-01
2.838780624857927259e-01
2.832427743587086488e-01
2.826102940500875849e-01
2.819806032783233052e-01
2.813536839676297197e-01
2.807295181215542224e-01
2.801080879089658526e-01
2.794893757116692634e-01
2.788733639915096374e-01
2.782600353528792425e-01
2.776493726199734113e-01
2.770413587011771317e-01
2.764359766234411042e-01
2.758332096370972875e-01
2.752330410853891518e-01
2.746354544077955762e-01
2.740404332628936790e-01
2.734479614170431949e-01
2.728580227150826931e-01
2.722706012049213586e-01
2.716856810641266051e-01
2.711032465368538591e-01
2.705232820428800089e-01
2.699457721578052971e-01
2.693707015191959542e-01
2.687980549046036782e-01
2.682278172722036280e-01
2.676599736461078849e-01
2.670945091531595206e-01
2.665314091151848586e-01
2.659706589338504124e-01
2.654122440846194420e-01
2.648561502296641335e-01
2.643023631379536886e-01
2.637508686360900967e-01
2.632016527050445864e-01
2.626547014683484060e-01
2.621100011036004984e-01
2.615675378983829957e-01
2.610272983124468094e-01
2.604892688695092384e-01
2.599534361649090131e-01
2.594197869687411284e-01
2.588883081419662280e-01
2.583589865975345901e-01
2.578318093893098295e-01
2.573067637034179289e-01
2.567838367750108208e-01
2.562630159308562638e-01
2.557442886610735155e-01
2.552276425189022868e-01
2.547130651139510871e-01
2.542005442084830924e-01
2.536900676649932462e-01
2.531816233901649227e-01
2.526751993953051945e-01
2.521707838355182751e-01
2.516683649168745540e-01
2.511679309045632413e-01
2.506694702146703979e-01
2.501729713455313475e-01
2.496784228371085601e-01
2.491858133353665739e-01
2.486951316167156645e-01
2.482063665030722899e-01
2.477195068729603211e-01
2.472345417483231833e-01
2.467514602270176050e-01
2.462702514455400171e-01
2.457909046371773709e-01
2.453134091612479417e-01
2.448377544207966661e-01
2.443639298677842686e-01
2.438919250862683630e-01
2.434217297396962520e-01
2.429533335271107375e-01
2.424867262260854417e-01
2.420218977420539874e-01
2.415588380265885904e-01
2.410975370707200138e-01
2.406379849784233693e-01
2.401801719460412987e-01
2.397240882042390164e-01
2.392697240388788338e-01
2.388170698626558286e-01
2.383661161450466304e-01
2.379168533881269310e-01
2.374692721763551617e-01
2.370233632048833750e-01
2.365791172066379344e-01
2.361365249513971143e-01
2.356955773154943146e-01
2.352562652565776402e-01
2.348185797630361615e-01
2.343825118713321887e-01
2.339480527342536198e-01
2.335151935591595063e-01
2.330839255823884959e-01
2.326542401061258147e-01
2.322261285407170861e-01
2.317995823347777928e-01
2.313745929666891632e-01
2.309511519986215677e-01
2.305292510828862440e-01
2.301088819020989662e-01
2.296900361718821615e-01
2.292727057044383343e-01
2.288568823825994358e-01
2.284425581159691965e-01
2.280297248527290710e-01
2.276183746433778632e-01
2.272084995924870954e-01
2.268000918298667401e-01
2.263931435310816143e-01
2.259876469730602855e-01
2.255835944749177702e-01
2.251809783801912990e-01
2.247797910856103865e-01
2.243800250837834631e-01
2.239816729019437624e-01
2.235847270912156570e-01
2.231891802620183662e-01
2.227950251136500415e-01
2.224022543752960657e-01
2.220108607996643668e-01
2.216208372028184437e-01
2.212321764830488813e-01
2.208448715655278727e-01
2.204589153985803407e-01
2.200743009957964735e-01
2.196910214476225642e-01
2.193090698694458163e-01
2.189284393992842193e-01
2.185491232403235506e-01
2.181711146688926073e-01
2.177944069850086539e-01
2.174189935105697580e-01
2.170448676307185631e-01
2.166720228017522953e-01
2.163004525029130765e-01
2.159301502343669299e-01
2.155611095559032686e-01
2.151933240980760942e-01
2.148267875141217642e-01
2.144614934771417458e-01
2.140974357146241125e-01
2.137346080257297443e-01
2.133730042326255349e-01
2.130126181763351556e-01
2.126534437455513682e-01
2.122954749022955556e-01
2.119387056327632635e-01
2.115831299411772837e-01
2.112287418716000953e-01
2.108755355428671707e-01
2.105235051004574198e-01
2.101726447072440884e-01
2.098229485578435027e-01
2.094744109212901828e-01
2.091270260977509676e-01
2.087807884042213180e-01
2.084356921824254416e-01
2.080917318442603303e-01
2.077489018400628662e-01
2.074071966365205189e-01
2.070666107199016781e-01
2.067271386377174947e-01
2.063887749856048726e-01
2.060515143756534440e-01
2.057153514364693792e-01
2.053802808449984862e-01
2.050462973364316210e-01
2.047133956641046248e-01
2.043815705965688623e-01
2.040508169362395541e-01
2.037211295506165809e-01
2.033925033302569907e-01
2.030649331804123547e-01
2.027384140285417302e-01
2.024129408650760797e-01
2.020885087138480363e-01
2.017651126129587080e-01
2.014427476164368791e-01
2.011214088285813717e-01
2.008010914015037618e-01
2.004817905023931479e-01
2.001635013122120832e-01
1.998462190445228215e-01
1.995299389719205896e-01
1.992146563870370868e-01
1.989003665957773115e-01
1.985870649230111473e-01
1.982747467502813388e-01
1.979634074920251230e-01
1.976530425756348186e-01
1.973436474419188735e-01
1.970352175715156251e-01
1.967277484947636546e-01
1.964212357571331613e-01
1.961156749164874591e-01
1.958110615520310960e-01
1.955073912987676521e-01
1.952046598169374647e-01
1.949028627787846302e-01
1.946019958695594798e-01
1.943020548155247329e-01
1.940030353868309743e-01
1.937049333669122742e-01
1.934077445507798032e-01
1.931114647540528029e-01
1.928160898451872773e-01
1.925216157157139674e-01
1.922280382683764499e-01
1.919353534178298015e-01
1.916435571157375506e-01
1.913526453567435670e-01
1.910626141483373897e-01
1.907734595088267648e-01
1.904851774733296588e-01
1.901977641257684704e-01
1.899112155754488218e-01
1.896255279421892870e-01
1.893406973563945550e-01
1.890567199769062900e-01
1.887735920080340635e-01
1.884913096683096256e-01
1.882098691863780537e-01
1.879292668031268543e-01
1.876494988000423081e-01
1.873705614911231609e-01
1.870924512006992835e-01
1.868151642628620435e-01
1.865386970291784130e-01
1.862630458970016833e-01
1.859882072837238109e-01
1.857141776161963242e-01
1.854409533308320202e-01
1.851685308901272475e-01
1.848969067982685066e-01
1.846260775723344849e-01
1.843560397385345662e-01
1.840867898333741204e-01
1.838183244277083184e-01
1.835506401254247966e-01
1.832837335402200951e-01
1.830176012946072572e-01
1.827522400234648237e-01
1.824876464011829236e-01
1.822238171264447815e-01
1.819607489066034089e-01
1.816984384575252853e-01
1.814368825106595640e-01
1.811760778383325055e-01
1.809160212304400661e-01
1.806567094851307675e-01
1.803981394087902090e-01
1.801403078271727187e-01
1.798832116051496677e-01
1.796268476209316456e-01
1.793712127606995332e-01
1.791163039187074479e-01
1.788621180119350229e-01
