1.000000000000000000e+00
9.947663262509854887e-01
9.895522630010347154e-01
9.843585685117135498e-01
9.791858362570415864e-01
9.740346458689934650e-01
9.689055527274385016e-01
9.637990875800895862e-01
9.587157573913610564e-01
9.536560457102309929e-01
9.486204130174064053e-01
9.436092972206848728e-01
9.386231140889556013e-01
9.336622576377251459e-01
9.287271006080067837e-01
9.238179949417660852e-01
9.189352722247037253e-01
9.140792441146822211e-01
9.092502028355680110e-01
9.044484216516069930e-01
8.996741553306926154e-01
8.949276405987495187e-01
8.902090966019856610e-01
8.855187253918721524e-01
8.808567123906796414e-01
8.762232268535448121e-01
8.716184223284340060e-01
8.670424371108130801e-01
8.624953946951712247e-01
8.579774042327638073e-01
8.534885609781969196e-01
8.490289467300001780e-01
8.445986302660722922e-01
8.401976677736181509e-01
8.358261032732055007e-01
8.314839690366201408e-01
8.271712859982225385e-01
8.228880641595358592e-01
8.186343029868302645e-01
8.144099918014543471e-01
8.102151101628237706e-01
8.060496282439542082e-01
8.019135071991236874e-01
7.978066995237425019e-01
7.937291494063649644e-01
7.896807930727811620e-01
7.856615591221229877e-01
7.816713688549682404e-01
7.777101365934070420e-01
7.737777699930228348e-01
7.698741703467383291e-01
7.659992328808100659e-01
7.621528470428486912e-01
7.583348967819353303e-01
7.545452608208934597e-01
7.507838129208026512e-01
7.470504221378198029e-01
7.433449530724050014e-01
7.396672661110329505e-01
7.360172176604957706e-01
7.323946603748924256e-01
7.287994433754133583e-01
7.252314124625927061e-01
7.216904103194100584e-01
7.181762767116117718e-01
7.146888486811157071e-01
7.112279607317182339e-01
7.077934450083139817e-01
7.043851314697612276e-01
7.010028480554520991e-01
6.976464208429822289e-01
6.943156742015716976e-01
6.910104309453307669e-01
6.877305124770189959e-01
6.844757389258291358e-01
6.812459292796043675e-01
6.780409015085931967e-01
6.748604726872209358e-01
6.717044591164095246e-01
6.685726764361809016e-01
6.654649397329714944e-01
6.623810636403785201e-01
6.593208624370023863e-01
6.562841501461030846e-01
6.532707406260085392e-01
6.502804476553875057e-01
6.473130850141121106e-01
6.443684665649375143e-01
6.414464063300576724e-01
6.385467185611288787e-01
6.356692178073036770e-01
6.328137189837990118e-01
6.299800374328574648e-01
6.271679889798901231e-01
6.243773899913453995e-01
6.216080574338002096e-01
6.188598089183470208e-01
6.161324627444482172e-01
6.134258379540034056e-01
6.107397543771696524e-01
6.080740326608323754e-01
6.054284943064249802e-01
6.028029617253287675e-01
6.001972582586767579e-01
5.976112081980994306e-01
5.950446368354029847e-01
5.924973704939887620e-01
5.899692365292549256e-01
5.874600633650357562e-01
5.849696805415154355e-01
5.824979186997037983e-01
5.800446096032121357e-01
5.776095861980649060e-01
5.751926825876899629e-01
5.727937340414014367e-01
5.704125770619524749e-01
5.680490493524257278e-01
5.657029898159082748e-01
5.633742386295400584e-01
5.610626371980793614e-01
5.587680281545067684e-01
5.564902554374009380e-01
5.542291642239608462e-01
5.519846009477710203e-01
5.497564133662982133e-01
5.475444504734321427e-01
5.453485625535928749e-01
5.431686012115274353e-01
5.410044192826738430e-01
5.388558709322395224e-01
5.367228116133963001e-01
5.346050980196973557e-01
5.325025881989947640e-01
5.304151414341332638e-01
5.283426182942748683e-01
5.262848806719822026e-01
5.242417916644439568e-01
5.222132157105122685e-01
5.201990184853128030e-01
5.181990669091657287e-01
5.162132292256729205e-01
5.142413748490993752e-01
5.122833745174419917e-01
5.103391001739626676e-01
5.084084249859494031e-01
5.064912234109283373e-01
5.045873710404893409e-01
5.026967447785645193e-01
5.008192226654127888e-01
4.989546839762081243e-01
4.971030091959559583e-01
4.952640799358687951e-01
4.934377790798670227e-01
4.916239905749764660e-01
4.898225996321305398e-01
4.880334925398615575e-01
4.862565567712454628e-01
4.844916809392197377e-01
4.827387547398684919e-01
4.809976690690696555e-01
4.792683158258617682e-01
4.775505881311419287e-01
4.758443800773206611e-01
4.741495869475747527e-01
4.724661050123460937e-01
4.707938316645497445e-01
4.691326653246684630e-01
4.674825054543286784e-01
4.658432525861249118e-01
4.642148082167175671e-01
4.625970749469128784e-01
4.609899562787242444e-01
4.593933568344506502e-01
4.578071820931935432e-01
4.562313386516358427e-01
4.546657339371289464e-01
4.531102764753516809e-01
4.515648756103520234e-01
4.500294417549099424e-01
4.485038861350709727e-01
4.469881210120086878e-01
4.454820594568793535e-01
4.439856155427073237e-01
4.424987041476493022e-01
4.410212411214906036e-01
4.395531431107266296e-01
4.380943277078045983e-01
4.366447132887951166e-01
4.352042191554065798e-01
4.337727653747273093e-01
4.323502729248279164e-01
4.309366635257044775e-01
4.295318597992141552e-01
4.281357850808490961e-01
4.267483636037689432e-01
4.253695202825780730e-01
4.239991809289961888e-01
4.226372720018588547e-01
4.212837208579096049e-01
4.199384554675192338e-01
4.186014046973464686e-01
4.172724979997362027e-01
4.159516657136536621e-01
4.146388387478089910e-01
4.133339488732549749e-01
4.120369284322975001e-01
4.107477105869863365e-01
4.094662290915895286e-01
4.081924184589197369e-01
4.069262138329469702e-01
4.056675510397911300e-01
4.044163665880562419e-01
4.031725975849552168e-01
4.019361818731066460e-01
4.007070578168738795e-01
3.994851645534097662e-01
3.982704416921406532e-01
3.970628296144407265e-01
3.958622691730263599e-01
3.946687019387389861e-01
3.934820700035269736e-01
3.923023160819657518e-01
3.911293834898867394e-01
3.899632160553944682e-01
3.888037582855585206e-01
3.876509551132445441e-01
3.865047521822893573e-01
3.853650955443849169e-01
3.842319319121941801e-01
3.831052084683604364e-01
3.819848729421315148e-01
3.808708736356881674e-01
3.797631592737639172e-01
3.786616792328188486e-01
3.775663832503095008e-01
3.764772217014054623e-01
3.753941453674073947e-01
3.743171055540227554e-01
3.732460540880329636e-01
3.721809431825744419e-01
3.711217256624939065e-01
3.700683546788888223e-01
3.690207839677593360e-01
3.679789676596079695e-01
3.669428603340734729e-01
3.659124170948805377e-01
3.648875933643810354e-01
3.638683451483419318e-01
3.628546287684069060e-01
3.618464010356171601e-01
3.608436192006770349e-01
3.598462408467397178e-01
3.588542241051197457e-01
3.578675273837961801e-01
3.568861095890475954e-01
3.559099300077983030e-01
3.549389482634497939e-01
3.539731244908755348e-01
3.530124190789457606e-01
3.520567929014633557e-01
3.511062071808336849e-01
3.501606234603165668e-01
3.492200037700494697e-01
3.482843103766516957e-01
3.473535060024204868e-01
3.464275537105527825e-01
3.455064168502494648e-01
3.445900592447148081e-01
3.436784449423233578e-01
3.427715384008416799e-01
3.418693044337601794e-01
3.409717080937414990e-01
3.400787148946318172e-01
3.391902905807394064e-01
3.383064012380150309e-01
3.374270133396777838e-01
3.365520935575906369e-01
3.356816089877817655e-01
3.348155269933567046e-01
3.339538151933772459e-01
3.330964416237498504e-01
3.322433745089177215e-01
3.313945824184071354e-01
3.305500342538897907e-01
3.297096991005812883e-01
3.288735464437585465e-01
3.280415460025123409e-01
3.272136677306496377e-01
3.263898819697026443e-01
3.255701592325468963e-01
3.247544703365222718e-01
3.239427864220741360e-01
3.231350787872608876e-01
3.223313190855687238e-01
3.215314792156688251e-01
3.207355312564911243e-01
3.199434476563745577e-01
3.191552010444684284e-01
3.183707642750645550e-01
3.175901105454592144e-01
3.168132131980589961e-01
3.160400458462906959e-01
3.152705823985899602e-01
3.145047968970767216e-01
3.137426636894392606e-01
3.129841573658353471e-01
3.122292526552129521e-01
3.114779246103601684e-01
3.107301484795166324e-01
3.099858996650016740e-01
3.092451538944261946e-01
3.085078870543306873e-01
3.077740752053631512e-01
3.070436947209976841e-01
3.063167221089377334e-01
3.055931340701217303e-01
3.048729075986325587e-01
3.041560198071353582e-01
3.034424480167375870e-01
3.027321698202856126e-01
3.020251629194183329e-01
3.013214052345132288e-01
3.006208749377652367e-01
2.999235503038524819e-01
2.992294098315583240e-01
2.985384322547366409e-01
2.978505964052208799e-01
2.971658813398210808e-01
2.964842663375806819e-01
2.958057307717670281e-01
2.951302542375123794e-01
2.944578165434484918e-01
2.937883975888802568e-01
2.931219774882747875e-01
2.924585365648602053e-01
2.917980552290883600e-01
2.911405140964663518e-01
2.904858939902310588e-01
2.898341758177475080e-01
2.891853406779559821e-01
2.885393698797217854e-01
2.878962448138360775e-01
2.872559470458412867e-01
2.866184583558315513e-01
2.859837606052845760e-01
2.853518358105264219e-01
2.847226662081795423e-01
2.840962341182901030e-01
2.834725219936156115e-01
2.828515125119284157e-01
2.822331884400870461e-01
2.816175326550963143e-01
2.810045282593379712e-01
2.803941584547267052e-01
2.797864065333078853e-01
2.791812560039431124e-01
2.785786904919173579e-01
2.779786936972087896e-01
2.773812495168786474e-01
2.767863419874175279e-01
2.761939552104757389e-01
2.756040734548850235e-01
2.750166811547135048e-01
2.744317628069815052e-01
2.738493030395536265e-01
2.732692866679870547e-01
2.726916985772221413e-01
2.721165237473783249e-01
2.715437473557558157e-01
2.709733546657078218e-01
2.704053310102081942e-01
2.698396619047797595e-01
2.692763329807293382e-01
2.687153299257005190e-01
2.681566385738418101e-01
2.676002449106940073e-01
2.670461349773990412e-01
2.664942949170288622e-01
2.659447110497681344e-01
2.653973697642380558e-01
2.648522575161525450e-01
2.643093609333454497e-01
2.637686667427318055e-01
2.632301617219635625e-01
2.626938327821979335e-01
2.621596669752890296e-01
2.616276514038314849e-01
2.610977732549791264e-01
2.605700198825400826e-01
2.600443787085953695e-01
2.595208372087680626e-01
2.589993830064220015e-01
2.584800038337357608e-01
2.579626874673496828e-01
2.574474217810475141e-01
2.569341947983677654e-01
2.564229945972187341e-01
2.559138093109254997e-01
2.554066272208124766e-01
2.549014366983229918e-01
2.543982261562615643e-01
2.538969841062478916e-01
2.533976991969414949e-01
2.529003601252786670e-01
2.524049556411043227e-01
2.519114746352374978e-01
2.514199060819364284e-01
2.509302389939404576e-01
2.504424624738810778e-01
2.499565657564786769e-01
2.494725381231194805e-01
2.489903689012526733e-01
2.485100475468470516e-01
2.480315636029483684e-01
2.475549066485835392e-01
2.470800663349939086e-01
2.466070324454237295e-01
2.461357948132092688e-01
2.456663433096522298e-01
2.451986679135983449e-01
2.447327587038084784e-01
2.442686057945671063e-01
2.438061993510603764e-01
2.433455296651088617e-01
2.428865870914274083e-01
2.424293620171418251e-01
2.419738449055514884e-01
2.415200263360999244e-01
2.410678969288453655e-01
2.406174473390810808e-01
2.401686683239180609e-01
2.397215507290286485e-01
2.392760854318158603e-01
2.388322633540562734e-01
2.383900755330362886e-01
2.379495130667421410e-01
2.375105670822607873e-01
2.370732287669470029e-01
2.366374894201103141e-01
2.362033403829235378e-01
2.357707730257315448e-01
2.353397787971103772e-01
2.349103492419519768e-01
2.344824759373120016e-01
2.340561504916449931e-01
2.336313646058348625e-01
2.332081100581773481e-01
2.327863786545930069e-01
2.323661622367937940e-01
2.319474527468820269e-01
2.315302421872503791e-01
2.311145225858940722e-01
2.307002860125792199e-01
2.302875246390859720e-01
2.298762306843528114e-01
2.294663963918921190e-01
2.290580140535911358e-01
2.286510760600270475e-01
2.282455748401081841e-01
2.278415028466168890e-01
2.274388525865363719e-01
2.270376166598425949e-01
2.266377876992310414e-01
2.262393583607194836e-01
2.258423213586145117e-01
2.254466694942784954e-01
2.250523955982131896e-01
2.246594925237281604e-01
2.242679531844773699e-01
2.238777705761297865e-01
2.234889377212052608e-01
2.231014476644366806e-01
2.227152935109499854e-01
2.223304684442544144e-01
2.219469656732843965e-01
2.215647784284510702e-01
2.211838999987282284e-01
2.208043237493832467e-01
2.204260430703415818e-01
2.200490513721411745e-01
2.196733421203062586e-01
2.192989088559889610e-01
2.189257451448540226e-01
2.185538445722721157e-01
2.181832007734187673e-01
2.178138074595032114e-01
2.174456583668450682e-01
2.170787472506327809e-01
2.167130679093184353e-01
2.163486142182116934e-01
2.159853800793637146e-01
2.156233594130002873e-01
2.152625461752401825e-01
2.149029343991852303e-01
2.145445181478499719e-01
2.141872915018293022e-01
2.138312485704330079e-01
2.134763835376324304e-01
2.131226906227791651e-01
2.127701640622435275e-01
2.124187981151709204e-01
2.120685871090929042e-01
2.117195254150082695e-01
2.113716074206093420e-01
2.110248275321788824e-01
2.106791802139139080e-01
2.103346599832743025e-01
2.099912613749605472e-01
2.096489789399400283e-01
2.093078072734794737e-01
2.089677410333196650e-01
2.086287748969889444e-01
2.082909035573716761e-01
2.079541217376877360e-01
2.076184242281433334e-01
2.072838058450453269e-01
2.069502614195624368e-01
2.066177858031931491e-01
2.062863739089038917e-01
2.059560206876766553e-01
2.056267211050587518e-01
2.052984701419563185e-01
2.049712628260171032e-01
2.046450942372488035e-01
2.043199594717907130e-01
2.039958536396611066e-01
2.036727718800168396e-01
2.033507093932280241e-01
2.030296614023553159e-01
2.027096231438899610e-01
2.023905898717649476e-01
2.020725568947100148e-01
2.017555195588429384e-01
2.014394732235924301e-01
2.011244132616184233e-01
2.008103350818111477e-01
2.004972341464299201e-01
2.001851059344068040e-01
1.998739459372169680e-01
1.995637496655468246e-01
1.992545126853693671e-01
1.989462305917494289e-01
1.986388989919401216e-01
1.983325135058463529e-01
1.980270697910292976e-01
1.977225635528507275e-01
1.974189905111261856e-01
1.971163463973906738e-01
1.968146269616459221e-01
1.965138280064303300e-01
1.962139453609776374e-01
1.959149748658999268e-01
1.956169123734736170e-01
1.953197537696895747e-01
1.950234949871004764e-01
1.947281319723837001e-01
1.944336606831708891e-01
1.941400770923220331e-01
1.938473772202644052e-01
1.935555571166765743e-01
1.932646128419928111e-01
1.929745404672557063e-01
1.926853360888240718e-01
1.923969958509692546e-01
1.921095159141068542e-01
1.918228924488952769e-01
1.915371216375293950e-01
1.912521997002138707e-01
1.909681228935665998e-01
1.906848874851717057e-01
1.904024897525006810e-01
1.901209259885976166e-01
1.898401925319427863e-01
1.895602857443718925e-01
1.892812019973305615e-01
1.890029376718434240e-01
1.887254891720758776e-01
1.884488529461933182e-01
1.881730254570590788e-01
1.878980031767874537e-01
1.876237825873652010e-01
1.873503602023763592e-01
1.870777325719396589e-01
1.868058962568209525e-01
1.865348478267194465e-01
1.862645838626347528e-01
1.859951009833477886e-01
1.857263958355344080e-01
1.854584650748726249e-01
1.851913053656677743e-01
1.849249133860260408e-01
1.846592858546503568e-01
1.843944195108547512e-01
1.841303111023402939e-01
1.838669573851403061e-01
1.836043551322402434e-01
1.833425011569377872e-01
1.830813922880873690e-01
1.828210253626214032e-01
1.825613972255523965e-01
1.823025047419432054e-01
