-5.482624198795409409e-01 6.033310202139339218e+00 6.289044939078256014e-02 -5.621688590123231216e-02
-4.887486690158653890e-01 5.827031690955911003e+00 2.052187417781080603e-01 -8.167173339290213774e-02
-4.319074669505225117e-01 5.607381138794385933e+00 3.743249397335546846e-01 -1.154219397462146190e-01
-3.786816838666024476e-01 5.377180692501533521e+00 5.727144457339593542e-01 -1.597383768560986239e-01
-3.297072891198645217e-01 5.139655390918457023e+00 8.022167435115209466e-01 -2.172174194873520425e-01
-2.854423816169065486e-01 4.898596739163870950e+00 1.063717867523529481e+00 -2.907629726628767619e-01
-2.460079453157449358e-01 4.657300461427155369e+00 1.357991650555725682e+00 -3.838040181207018620e-01
-2.111521273997246095e-01 4.417513627013586408e+00 1.686742470488988177e+00 -5.006483148976540454e-01
-1.806364806738606776e-01 4.181492820649668651e+00 2.050459289475157654e+00 -6.459556807189763550e-01
-1.541705338062935304e-01 3.951491676772822981e+00 2.448878926847354975e+00 -8.248775184306578190e-01
-1.313041386026996549e-01 3.728305265228855081e+00 2.883004998448200240e+00 -1.043816125233356207e+00
-1.116477000498556360e-01 3.512958503481442563e+00 3.353205822304925032e+00 -1.309975194174261226e+00
-9.481631500938524082e-02 3.306154167809514544e+00 3.859661267516088401e+00 -1.631492792097275046e+00
-8.045306152295404745e-02 3.108432423234931186e+00 4.402094036872751914e+00 -2.017302657893448536e+00
-6.822031929036760645e-02 2.919930987474420370e+00 4.981031955407902778e+00 -2.478243387811554843e+00
-5.782420693875519463e-02 2.740787224809562606e+00 5.596340008119110365e+00 -3.026086392334254249e+00
-4.900009270833764058e-02 2.570930876252374819e+00 6.247959823105142974e+00 -3.674157399235055355e+00
-4.151875750921248803e-02 2.410217872341975376e+00 6.936061070028438635e+00 -4.437883864873101381e+00
-3.517973128261934340e-02 2.258400730920086197e+00 7.660752194012918181e+00 -5.334592496051095978e+00
-2.981344696285533405e-02 2.115265401313451310e+00 8.421679167818849621e+00 -6.383193109107803132e+00
-2.527083463142429376e-02 1.980455853767959518e+00 9.219049526318324084e+00 -7.605741762226147173e+00
-2.142655185391476730e-02 1.853643937340789138e+00 1.005278108003241577e+01 -9.026608499138635722e+00
-1.817354359642815026e-02 1.734477315275948950e+00 1.092282966425001334e+01 -1.067319206625126604e+01
-1.542074846026188044e-02 1.622597314050355122e+00 1.182908546643050940e+01 -1.257603616751985243e+01
-1.309055808363295166e-02 1.517619696050080513e+00 1.277166006701359358e+01 -1.476973214981071258e+01
-1.111784300836269994e-02 1.419189331453816871e+00 1.375048805500287763e+01 -1.729275542991466708e+01
-9.447441364981330747e-03 1.326958514524779309e+00 1.476543060581531286e+01 -2.018769497478498565e+01
-8.032438358242527041e-03 1.240571738733725393e+00 1.581653282485549461e+01 -2.350259319202521269e+01
-6.833336975739757839e-03 1.159691914328777607e+00 1.690378322406733247e+01 -2.729086954466783155e+01
-5.816795312527653534e-03 1.083995751239063221e+00 1.802715901966511325e+01 -3.161196937196482892e+01
-4.954648215088679371e-03 1.013172459806089387e+00 1.918665905514665937e+01 -3.653212648576105437e+01
-4.223105863521565452e-03 9.469243729683345379e-01 2.038231007230275793e+01 -4.212512544695648131e+01
-3.602083084997694060e-03 8.849681707738163983e-01 2.161415630173381430e+01 -4.847307099258038932e+01
-3.074628112504793065e-03 8.270357710548850161e-01 2.288224334509780178e+01 -5.566718759204771061e+01
-2.626405765184457522e-03 7.728712457778034173e-01 2.418668474218560149e+01 -6.380918736109924794e+01
-2.245305469704995342e-03 7.222324743245656098e-01 2.552763344246588417e+01 -7.301228774620523154e+01
-1.921086140838250585e-03 6.748897350664699868e-01 2.690531815686712847e+01 -8.340276784401856958e+01
-1.645088028731400568e-03 6.306257248062646648e-01 2.832004982087946843e+01 -9.512156778042955807e+01
-1.409982711674212562e-03 5.892344893370075054e-01 2.977225965265322571e+01 -1.083263907776447468e+02
-1.209573588937390854e-03 5.505222881182120220e-01 3.126247545460081056e+01 -1.231935914216525987e+02
-1.038597042104908363e-03 5.143026105264091319e-01 3.279152056513260760e+01 -1.399226556746927201e+02
-8.926086509181126259e-04 4.804017042947023586e-01 3.436032388393849146e+01 -1.587373991510617373e+02
-7.678264713044950958e-04 4.486509913966827967e-01 3.597027925921511127e+01 -1.798938905936348363e+02
-6.610463426955845694e-04 4.188911969375342381e-01 3.762310304614196355e+01 -2.036836626584614294e+02
-5.695520652386397648e-04 3.909706155164558439e-01 3.932098800871727207e+01 -2.304418427871674169e+02
-4.910353397694210576e-04 3.647436571433391173e-01 4.106674874072807313e+01 -2.605569230617445555e+02
-4.235319477002114324e-04 3.400689066610915190e-01 4.286407474885786684e+01 -2.944851993176835094e+02
-3.653819798027161921e-04 3.168139741522605912e-01 4.471731593763528423e+01 -3.327596150721519166e+02
-3.151748857632253958e-04 2.948504302177260561e-01 4.663196306893539145e+01 -3.760144057480854940e+02
-2.717103396244764223e-04 2.740540449671969858e-01 4.861482839435872449e+01 -4.250101377305823576e+02
-2.339824457070996833e-04 2.543112730074936212e-01 5.067361673985941906e+01 -4.806487355942109048e+02
-2.011379593242362829e-04 2.355134233534686428e-01 5.281759094037035140e+01 -5.440202456315104200e+02
-1.724627076791537383e-04 2.175623174430662277e-01 5.505709699622273234e+01 -6.164271309216993586e+02
-1.473623009629150473e-04 2.003720921990524984e-01 5.740334682228799323e+01 -6.994195717412426347e+02
-1.253533926117445787e-04 1.838773257162395480e-01 5.986712034186277975e+01 -7.947938759356222818e+02
-1.060305192699413358e-04 1.680239546616315027e-01 6.245955810478520220e+01 -9.046647917272940731e+02
-8.908534037181359787e-05 1.527956424205736130e-01 6.518735993663541706e+01 -1.031303985493084383e+03
-7.425658193345232856e-05 1.381891624978292266e-01 6.805531028321483689e+01 -1.177253846641949849e+03
-6.135785985308496243e-05 1.242510646688801956e-01 7.105772908824938838e+01 -1.344885492900828467e+03
-5.022803524681505004e-05 1.110440194584885742e-01 7.418208678732031558e+01 -1.536463301296050076e+03
-4.072776827275896019e-05 9.864926342790295011e-02 7.740617438501715242e+01 -1.753843183664684602e+03
