-5.197460971307337196e-01 5.684146857683885834e+00 1.703072166405990573e-01 -6.821147996792273349e-02
-4.594631427433656934e-01 5.468011446168831391e+00 3.246622851190254511e-01 -9.678338658586836674e-02
-4.025480756100131008e-01 5.239676581492554774e+00 5.071719508454555214e-01 -1.346004420135698820e-01
-3.497870979272654224e-01 5.002157003571532812e+00 7.201593570796133159e-01 -1.841133664227024291e-01
-3.018223754083742549e-01 4.759240054543994347e+00 9.652896950414855404e-01 -2.482339112538328174e-01
-2.589802141056412599e-01 4.514923476893458520e+00 1.242993202485479953e+00 -3.300774705315915325e-01
-2.210671663741549664e-01 4.271094425536927197e+00 1.555511998381265304e+00 -4.339201418054012827e-01
-1.879473551651673069e-01 4.030804725419539380e+00 1.902976191808218198e+00 -5.641869161167295532e-01
-1.592527162393212181e-01 3.795937346005516133e+00 2.286150167709066316e+00 -7.262679623445836841e-01
-1.345805802127293394e-01 3.568163860258934506e+00 2.705290377173623195e+00 -9.262572196861251772e-01
-1.134663687912536162e-01 3.348357336437377096e+00 3.161338376585268506e+00 -1.171582794182370435e+00
-9.551199698831328022e-02 3.137753538123343677e+00 3.653813053278073042e+00 -1.470158473805255994e+00
-8.028067414713066507e-02 2.936560862457385568e+00 4.183545348235188754e+00 -1.831771564221166715e+00
-6.741518754753882126e-02 2.745361925007979043e+00 4.749944236926775254e+00 -2.266806912193296775e+00
-5.656394564500838440e-02 2.564070044714234609e+00 5.353660996136524020e+00 -2.788045540867474692e+00
-4.743213893225665945e-02 2.392712098365738616e+00 5.994619780931872199e+00 -3.409600099695480058e+00
-3.976341585133223028e-02 2.231243528133247445e+00 6.672320103886319131e+00 -4.147037061258487256e+00
-3.332489647412641837e-02 2.079265738049938861e+00 7.387415287006425579e+00 -5.019340120126883242e+00
-2.792723329669772811e-02 1.936565102912976677e+00 8.139427797938280307e+00 -6.046752856869631820e+00
-2.340375169954602569e-02 1.802746789361015844e+00 8.928538372284830160e+00 -7.253103116846851606e+00
-1.961494724922565810e-02 1.677439744600673022e+00 9.754626370465460994e+00 -8.664942770980220033e+00
-1.644235362506164810e-02 1.560236519534884181e+00 1.061768379152090525e+01 -1.031248943115809702e+01
-1.378632894262048735e-02 1.450735741640661436e+00 1.151755171038696268e+01 -1.222958296226589248e+01
-1.156257129003332614e-02 1.348506814883465355e+00 1.245431717722561693e+01 -1.445483026729011122e+01
-9.700908748448509172e-03 1.253152030275096473e+00 1.342785610005371488e+01 -1.703145181292310184e+01
-8.142121987834123956e-03 1.164265418776465610e+00 1.443816069533073865e+01 -2.000824643941233560e+01
-6.836677947727780140e-03 1.081455636883736249e+00 1.548521610998225739e+01 -2.344014033908516126e+01
-5.743198467070258044e-03 1.004348837711620313e+00 1.656898394233577321e+01 -2.738881042530150012e+01
-4.827044595813891233e-03 9.325860055769360502e-01 1.768942668997098266e+01 -3.192348526969124833e+01
-4.059217140947661909e-03 8.658212038329127225e-01 1.884657195481217684e+01 -3.712213010734424046e+01
-3.415489745257130165e-03 8.037264905389945868e-01 2.004045251154609986e+01 -4.307223697959711473e+01
-2.875615276800528881e-03 7.459911686898326177e-01 2.127112113776777491e+01 -4.987200557655218347e+01
-2.422668039135100759e-03 6.923211198713337122e-01 2.253866826849271021e+01 -5.763171915531056300e+01
-2.042488284267881225e-03 6.424372240740935380e-01 2.384326501276626686e+01 -6.647549581741581903e+01
-1.723240903103862324e-03 5.960766408243008962e-01 2.518513927617549086e+01 -7.654287869225839813e+01
-1.455023532002116789e-03 5.529907661638282512e-01 2.656463628069234773e+01 -8.799127767958819391e+01
-1.229550361581214233e-03 5.129450746528364524e-01 2.798223056714521917e+01 -1.009984567686873476e+02
-1.039893554367677482e-03 4.757190023921949451e-01 2.943855061656740446e+01 -1.157656482402540234e+02
-8.802419538744466919e-04 4.411024603973555114e-01 3.093451690600850412e+01 -1.325223449722449232e+02
-7.457396341146861445e-04 4.088989171664423883e-01 3.247126082591169904e+01 -1.515298395547409882e+02
-6.323045066681126126e-04 3.789186749351265426e-01 3.405047095487630315e+01 -1.730907620751888487e+02
-5.365195789635293037e-04 3.509835150505911106e-01 3.567424887509759657e+01 -1.975545072464618954e+02
-4.555250718573446459e-04 3.249234927679547913e-01 3.734536551874493426e+01 -2.253296850708828742e+02
-3.869150245818855634e-04 3.005754992928652558e-01 3.906744999808353924e+01 -2.568988754779089732e+02
-3.286796796818909714e-04 2.777849145974774503e-01 4.084506239395655314e+01 -2.928353120454088980e+02
-2.791307081093148830e-04 2.564028574931730420e-01 4.268404792678448700e+01 -3.338296020353170661e+02
-2.368571522146886471e-04 2.362881922548452363e-01 4.459159216639228873e+01 -3.807167418511165806e+02
-2.006850913895953615e-04 2.173095550250882246e-01 4.657622883435000460e+01 -4.345085724589873166e+02
-1.696325917689476648e-04 1.993417323181402578e-01 4.864841246259648955e+01 -4.964503712204982548e+02
-1.428937348173855439e-04 1.822749565636325730e-01 5.081965174135564922e+01 -5.680468551442419312e+02
-1.198090607007249684e-04 1.660157868233384237e-01 5.310229661173860194e+01 -6.511108749764180175e+02
-9.984739839421427350e-05 1.504935870119394059e-01 5.550830651694932527e+01 -7.477793484488996683e+02
-8.258387062925337530e-05 1.356633322316490586e-01 5.804800460108123161e+01 -8.605171560361393404e+02
-6.767981910645346844e-05 1.215068701450099375e-01 6.072870747897466970e+01 -9.921030907193450048e+02
-5.489437742825423167e-05 1.080652544068074067e-01 6.354619643888363356e+01 -1.145195553559555492e+03
-4.401192430427250027e-05 9.538557119853044441e-02 6.649196541109051850e+01 -1.322609109521946266e+03
-3.486989888400094555e-05 8.356152662355914584e-02 6.954147331007068544e+01 -1.526505304522594315e+03
-2.730164289113795403e-05 7.267555338689250799e-02 7.266404629306376250e+01 -1.758721882008520424e+03
-2.111968033898203225e-05 6.276359942987493057e-02 7.583359700483016752e+01 -2.021503331675937716e+03
-1.616572873991807893e-05 5.388671046648840085e-02 7.900610402321997583e+01 -2.315488387782412701e+03
-1.222398916124672137e-05 4.596919763922955454e-02 8.217830946686150639e+01 -2.645057831855866425e+03
