-5.427207565859817340e-01 5.962945443164946902e+00 8.423703657824957447e-02 -5.854347698384207432e-02
-4.830037394132698503e-01 5.754594396625142494e+00 2.290497263899308744e-01 -8.462203462480134830e-02
-4.260430046011867700e-01 5.532782026342093928e+00 4.011258420709448713e-01 -1.192233551790801149e-01
-3.729236320387108172e-01 5.301202862507585323e+00 6.022300418361085095e-01 -1.644999707411695100e-01
-3.241105169786632767e-01 5.062468350991607302e+00 8.348770746803920728e-01 -2.232661976873988319e-01
-2.801533094806686330e-01 4.820938900315583808e+00 1.099330087109120058e+00 -2.983410616470927312e-01
-2.409599362184788041e-01 4.578734879120236911e+00 1.397568541731240455e+00 -3.935458271468183500e-01
-2.064266825329786059e-01 4.338673149541520502e+00 1.730128294923000132e+00 -5.129820695303944911e-01
-1.762595059463255287e-01 4.102748388553292713e+00 2.097810518997796692e+00 -6.615358672712974286e-01
-1.501481868098284433e-01 3.873131883021404764e+00 2.500267018530771601e+00 -8.444271378022807362e-01
-1.276274469221259922e-01 3.650521331474950948e+00 2.938876389434935898e+00 -1.068468330974420510e+00
-1.083027335052443169e-01 3.435949103003629101e+00 3.413696973889238873e+00 -1.340867500072448815e+00
-9.179359827718158726e-02 3.230205838681230901e+00 3.924738874274847245e+00 -1.669947011712761276e+00
-7.773212129278321558e-02 3.033714660185923062e+00 4.472007133069479501e+00 -2.065124662296556224e+00
-6.577561555744129707e-02 2.846525153458448809e+00 5.056104004748335434e+00 -2.537603382989114031e+00
-5.563567468250067011e-02 2.668859509048666201e+00 5.676565118124185183e+00 -3.099338939346231392e+00
-4.704685193832405798e-02 2.500597200156361666e+00 6.333564622289725499e+00 -3.764381150989397185e+00
-3.978035552692539556e-02 2.341596701640130451e+00 7.027031375863974638e+00 -4.548438123914846365e+00
-3.363453024010314846e-02 2.191537461003572496e+00 7.757275440894594531e+00 -5.469656643771836357e+00
-2.844270232217895392e-02 2.050227534156350284e+00 8.523859455455953693e+00 -6.547678135710130576e+00
-2.405631986830369939e-02 1.917271979376789171e+00 9.327090217422822960e+00 -7.805584269791475016e+00
-2.035211219204835151e-02 1.792352327081499386e+00 1.016673870269952573e+01 -9.268541538968856131e+00
-1.722394839577591832e-02 1.675089942664135911e+00 1.104284691016953346e+01 -1.096529131948322977e+01
-1.458228895306398765e-02 1.565120874779664772e+00 1.195525918240523389e+01 -1.292760623849089008e+01
-1.235092690042553787e-02 1.462050249573298988e+00 1.290416918461909113e+01 -1.519207383210506102e+01
-1.046582420858603243e-02 1.365516132155587092e+00 1.388942695082226209e+01 -1.779861774101757987e+01
-8.873072324087561552e-03 1.275167867379510822e+00 1.491086624310769970e+01 -2.079188929960345433e+01
-7.526698946705578583e-03 1.190636490035386741e+00 1.596862783064031177e+01 -2.422267234411492609e+01
-6.388246002142296091e-03 1.111584775843322381e+00 1.706264189976247891e+01 -2.814700168808509062e+01
-5.425251069262198265e-03 1.037685472263714770e+00 1.819287904288540858e+01 -3.262748752582763245e+01
-4.610320068282267210e-03 9.686225192262376549e-01 1.935936502187856334e+01 -3.773413302053906193e+01
-3.920380826038512984e-03 9.040954447582766340e-01 2.056212940936222822e+01 -4.354494248005198642e+01
-3.335992752468420336e-03 8.438186950398560704e-01 2.180121945141176099e+01 -5.014684637006369883e+01
-2.840774747343568878e-03 7.875219011392279311e-01 2.307669638161658554e+01 -5.763665635574295010e+01
-2.420901740126593735e-03 7.349471319298603866e-01 2.438869993287373816e+01 -6.612255545891039787e+01
-2.064726194151142880e-03 6.858517029077015881e-01 2.573739013881231585e+01 -7.572505729778571038e+01
-1.762396549157765977e-03 6.400033959287103613e-01 2.712305796866235141e+01 -8.657914427342488750e+01
-1.505625279359265774e-03 5.971851177346153561e-01 2.854604357365086997e+01 -9.883563178685626838e+01
-1.287398297920348909e-03 5.571899673846175682e-01 3.000684433152734698e+01 -1.126638224338474004e+02
-1.101796027077743198e-03 5.198229187696112863e-01 3.150609904433531483e+01 -1.282539411802691802e+02
-9.438070699752078773e-04 4.848975334171192197e-01 3.304472532630295234e+01 -1.458214192507929567e+02
-8.092036165715120379e-04 4.522389525919416342e-01 3.462383400160105396e+01 -1.656096963615424045e+02
-6.943943251247194437e-04 4.216774010215749713e-01 3.624506052897252317e+01 -1.878986901257091517e+02
-5.963532287987104337e-04 3.930548957309233926e-01 3.791029114732508276e+01 -2.130069857799886393e+02
-5.125081764845133706e-04 3.662173753617720684e-01 3.962216177031527309e+01 -2.413061228385820414e+02
-4.406812186841856734e-04 3.410176527750357622e-01 4.138400110840117918e+01 -2.732295076066996558e+02
-3.790359872189476005e-04 3.173173783574899098e-01 4.319979339828194043e+01 -3.092831763176972117e+02
-3.260088098099948048e-04 2.949809583958753478e-01 4.507474967399289767e+01 -3.500717734355791322e+02
-2.802819971606253474e-04 2.738796154588156728e-01 4.701517540104875081e+01 -3.963157376402876935e+02
-2.407381126951428478e-04 2.538915716003880552e-01 4.902865570356729563e+01 -4.488804726305120880e+02
-2.064483828961799310e-04 2.349044548412800026e-01 5.112385790389579654e+01 -5.087996543114403494e+02
-1.766220450667897951e-04 2.168115313616254813e-01 5.331114688896017384e+01 -5.773295397411681051e+02
-1.506075698646004983e-04 1.995204354116822398e-01 5.560164266883518991e+01 -6.559648415573266220e+02
-1.278695659685282469e-04 1.829560060299952884e-01 5.800665777354022623e+01 -7.464643776232413757e+02
-1.079713840132318851e-04 1.670623299644095339e-01 6.053696948545731260e+01 -8.508687280325460733e+02
-9.055595164872828819e-05 1.518019801310969141e-01 6.320233908115463350e+01 -9.715262590618175409e+02
-7.535687080768954898e-05 1.371817006674354855e-01 6.600572541714389274e+01 -1.110849811977661830e+03
-6.214857778820751227e-05 1.232225357358981283e-01 6.894669223938464597e+01 -1.271450494335948861e+03
-5.076294162938344750e-05 1.099882381492595651e-01 7.201353685576886221e+01 -1.455664501661897930e+03
-4.104954681480092423e-05 9.755466229329819161e-02 7.518672447169284112e+01 -1.665582387412809567e+03
-3.285853939875774522e-05 8.599027572168757572e-02 7.844215908672029514e+01 -1.903138044781579310e+03
