-5.539110703807971214e-01 6.104658541043525233e+00 4.103604412961681797e-02 -5.382816664640093646e-02
-4.945490491374484043e-01 5.900384527096974807e+00 1.809903490843332019e-01 -7.867828458907845379e-02
-4.377061911899883251e-01 5.682185316190262903e+00 3.477866008922960162e-01 -1.117240357006928780e-01
-3.843877256734052894e-01 5.453412379876193761e+00 5.433901838311120391e-01 -1.550718231088780985e-01
-3.353076245208189698e-01 5.217402989547408332e+00 7.695039608974623135e-01 -2.112321776206001200e-01
-2.908687713281110088e-01 4.977615156092042525e+00 1.027276662070792268e+00 -2.830788722244972910e-01
-2.510956424264167430e-01 4.736543747471565702e+00 1.318410608908601178e+00 -3.742191782517736431e-01
-2.159226518780372472e-01 4.497117859731461387e+00 1.643210341752294301e+00 -4.884509126156029168e-01
-1.850646158800597074e-01 4.261065752925866867e+00 2.002999840179940261e+00 -6.306095649225368360e-01
-1.582623329374129306e-01 4.030899716708023384e+00 2.396994277089671055e+00 -8.054647444079972018e-01
-1.350444100732202946e-01 3.807099418975576466e+00 2.826917481230034834e+00 -1.019574950465945706e+00
-1.150362827498568608e-01 3.590768149284985444e+00 3.292997181914765203e+00 -1.279886859992475090e+00
-9.789706085902989685e-02 3.383133254710208426e+00 3.794387850014521835e+00 -1.593756870256304969e+00
-8.323404641664018666e-02 3.184256435860797652e+00 4.331985453319951773e+00 -1.970490680114371562e+00
-7.072447982831647773e-02 2.994502917809671594e+00 4.905653252992092206e+00 -2.420116367296341053e+00
-6.006716573448010743e-02 2.813864859007259245e+00 5.515843704026301531e+00 -2.954439632939656057e+00
-5.100561553324954589e-02 2.642434470812228486e+00 6.162223875957986152e+00 -3.586227272924238374e+00
-4.330893747524403731e-02 2.480085025983888247e+00 6.844766178548008284e+00 -4.330089077253208352e+00
-3.677374956159163572e-02 2.326529709376534694e+00 7.563837924185446759e+00 -5.202950868996688349e+00
-3.122986174671475712e-02 2.181584379775395544e+00 8.319117884645917727e+00 -6.223126500228825186e+00
-2.652821459114281313e-02 2.044939026799672543e+00 9.110619364236281825e+00 -7.411538960174890889e+00
-2.254132679051368271e-02 1.916259630326431651e+00 9.938360449622724246e+00 -8.791704566477106297e+00
-1.916077775238348574e-02 1.795204428076264458e+00 1.080231310711744008e+01 -1.038992709428065275e+01
-1.629419773798524915e-02 1.681429685180136913e+00 1.170230002855750229e+01 -1.223525784433546448e+01
-1.386259580956481635e-02 1.574550357898241160e+00 1.263856694540407943e+01 -1.436115161108899585e+01
-1.179982939763030668e-02 1.474229922697488204e+00 1.361093627905254877e+01 -1.680403596623467877e+01
-1.004965169596201864e-02 1.380132452455089975e+00 1.461919893569042550e+01 -1.960426784486617535e+01
-8.563713446670903964e-03 1.291886083154291098e+00 1.566365640358844935e+01 -2.280835522147264172e+01
-7.301884861336178402e-03 1.209177187940187581e+00 1.674409232756999444e+01 -2.646649685956035469e+01
-6.229862782322488982e-03 1.131682106373131269e+00 1.786053638814855304e+01 -3.063528497604865208e+01
-5.318681201352962531e-03 1.059093220215757913e+00 1.901299457299402462e+01 -3.537754901016609921e+01
-4.543840518924466276e-03 9.911165510252438748e-01 2.020148214793986696e+01 -4.076310552877854576e+01
-3.884616795682431425e-03 9.274719758482713461e-01 2.142602619111374196e+01 -4.686949273229105728e+01
-3.323471793689132796e-03 8.678928792189810615e-01 2.268667560008795903e+01 -5.378282659790480835e+01
-2.845558699827814390e-03 8.121257526735325971e-01 2.398351537969923797e+01 -6.159880250449446493e+01
-2.438301900255027566e-03 7.599293730270662017e-01 2.531669139849824646e+01 -7.042389860231779153e+01
-2.091054885719518305e-03 7.110760307028253235e-01 2.668638081106089999e+01 -8.037637245523505669e+01
-1.794791305613855194e-03 6.653492555266494746e-01 2.809285496559595785e+01 -9.158804656578853098e+01
-1.541857030080365275e-03 6.225436500991378130e-01 2.953649539138304192e+01 -1.042060731409558088e+02
-1.325766484006561533e-03 5.824657544498950124e-01 3.101777028003499836e+01 -1.183945884685419259e+02
-1.141008912848137137e-03 5.449309313236491148e-01 3.253735297139135696e+01 -1.343380102325303938e+02
-9.829059142361688210e-04 5.097641203297815782e-01 3.409611709819860437e+01 -1.522437396276365860e+02
-8.474893924141176831e-04 4.768002748765421406e-01 3.569513927476111803e+01 -1.723454129654976157e+02
-7.313708128182308662e-04 4.458784209730200510e-01 3.733601577409634587e+01 -1.949108888803539230e+02
-6.316802974769097738e-04 4.168481416316056065e-01 3.902060015270262028e+01 -2.202441030213892645e+02
-5.459723502938242578e-04 3.895640481213065165e-01 4.075136545841379387e+01 -2.486965902234629766e+02
-4.721650008374010340e-04 3.638869761721720830e-01 4.253140761894912458e+01 -2.806757291119321280e+02
-4.084876234625890853e-04 3.396834223853041901e-01 4.436460491924754734e+01 -3.166580527712030175e+02
-3.534339037493841964e-04 3.168257106596993888e-01 4.625571182592192088e+01 -3.572041176702627467e+02
-3.057226069064498714e-04 2.951910494233365712e-01 4.821057900741872260e+01 -4.029796394642352197e+02
-2.642625839296248937e-04 2.746608185550673542e-01 5.023639391964206169e+01 -4.547826554738094273e+02
-2.281405655783812420e-04 2.551286627607418644e-01 5.234102848287555787e+01 -5.135524581992054891e+02
-1.965753202574779476e-04 2.364901855440059986e-01 5.453418270378095656e+01 -5.804301840656410150e+02
-1.689163068789510365e-04 2.186538887461391689e-01 5.682632813306326369e+01 -6.567675073678850595e+02
-1.446239626309789989e-04 2.015424402924714531e-01 5.922841444807806965e+01 -7.441556848911995985e+02
-1.232556005760759431e-04 1.850963291897042284e-01 6.175107659456647013e+01 -8.444378294169831634e+02
-1.044444476747765266e-04 1.692707317976495374e-01 6.440465012483134899e+01 -9.597510051562750277e+02
-8.791209979329968978e-05 1.540598173562417739e-01 6.719415568112519566e+01 -1.092333090061328448e+03
-7.342057284579277222e-05 1.394681887792986463e-01 7.012282083006429900e+01 -1.244679252051558478e+03
-6.079545925216237121e-05 1.255443964443219984e-01 7.318396914683958698e+01 -1.419108271993908147e+03
-4.988840617370788851e-05 1.123553593821484120e-01 7.636335219356043069e+01 -1.617759751537519833e+03
