-5.751326565449341732e-01 6.391313675767420932e+00 -4.515854979689354343e-02 -4.466703463130256013e-02
-5.167336084998513934e-01 6.195559726861410432e+00 8.539191305945754984e-02 -6.722747991598690409e-02
-4.605810102216295610e-01 5.986201853754026914e+00 2.409109577718734907e-01 -9.717348530064991163e-02
-4.072734536228835300e-01 5.764401832718746732e+00 4.247668339191457698e-01 -1.366724585032371431e-01
-3.577003718353093387e-01 5.533775244006946537e+00 6.384944938185138641e-01 -1.880079444543084621e-01
-3.124840475645654925e-01 5.298308874356499665e+00 8.827057141560750164e-01 -2.536753861982601888e-01
-2.716953499384859860e-01 5.060327535087884243e+00 1.159422695475832654e+00 -3.370687108320479242e-01
-2.353114724124353574e-01 4.822446074580474473e+00 1.469213323888740375e+00 -4.416527474700307487e-01
-2.032295713249517299e-01 4.587502682554887024e+00 1.812163628724066555e+00 -5.714213064094024741e-01
-1.750763246733215983e-01 4.356624835046326361e+00 2.189419810965134605e+00 -7.312419260934543974e-01
-1.505203140879732282e-01 4.131248850004726414e+00 2.601620517229104035e+00 -9.266717446073281517e-01
-1.292074377246025807e-01 3.912499999444755794e+00 3.049062665669959760e+00 -1.163905601001503864e+00
-1.108002500678942764e-01 3.701425226515115963e+00 3.531331069966276104e+00 -1.449569616835576724e+00
-9.493561212273357586e-02 3.498388925963472396e+00 4.049162948381162863e+00 -1.791921813100396887e+00
-8.129401422342763528e-02 3.303724605816606985e+00 4.602798106539470524e+00 -2.200045932536640603e+00
-6.959378536904370360e-02 3.117775268727831506e+00 5.191695043893727046e+00 -2.683511103220495908e+00
-5.956596123255234604e-02 2.940459316075232366e+00 5.816536688192286420e+00 -3.254231782639502413e+00
-5.098124433736736516e-02 2.771763320008410858e+00 6.477145050861731868e+00 -3.924786221694677391e+00
-4.364326226955986265e-02 2.611690147499603487e+00 7.173055884503034108e+00 -4.709002883034641762e+00
-3.736773147025416325e-02 2.459883929522511448e+00 7.904870759737218755e+00 -5.623434085329948040e+00
-3.200331883201895655e-02 2.316127801659693564e+00 8.672589659848577881e+00 -6.686121387324297949e+00
-2.741974143805650174e-02 2.180199921688739106e+00 9.475901227962431506e+00 -7.916621691025800267e+00
-2.350291967682787905e-02 2.051789465164233217e+00 1.031485112803227189e+01 -9.337275689019710612e+00
-2.015493630324860508e-02 1.930562204230524381e+00 1.118960483345609269e+01 -1.097324754937478097e+01
-1.729237444112151009e-02 1.816202025698834710e+00 1.210005907487280297e+01 -1.285190422746373251e+01
-1.484561259686957048e-02 1.708444578771517453e+00 1.304579513464024743e+01 -1.500319182223462811e+01
-1.275203516455382206e-02 1.606896801208723469e+00 1.402734673730681081e+01 -1.746214905078532809e+01
-1.096045661380915318e-02 1.511271410515388824e+00 1.504446010159316494e+01 -2.026600142218353895e+01
-9.426562419290299838e-03 1.421255572277156265e+00 1.609714762524449583e+01 -2.345654789418450292e+01
-8.112786911361214229e-03 1.336556557016451041e+00 1.718529891990813852e+01 -2.707964779412485967e+01
-6.986804519363915694e-03 1.256871501398532764e+00 1.830905974205312248e+01 -3.118685473909229700e+01
-6.021371628338094417e-03 1.181929576502468437e+00 1.946830890741831510e+01 -3.583414720289612632e+01
-5.193109293633440919e-03 1.111459218114025260e+00 2.066309942507217201e+01 -4.108396318764759769e+01
-4.482124728299664157e-03 1.045203323643729476e+00 2.189346158714688784e+01 -4.700508901554148622e+01
-3.871457669689102807e-03 9.829167168873143012e-01 2.315943962361086150e+01 -5.367341060312079293e+01
-3.346647716371904842e-03 9.243664710390391281e-01 2.446108879280315662e+01 -6.117259704347311100e+01
-2.895349081308294052e-03 8.693302945261288661e-01 2.579850916855366805e+01 -6.959505313716299213e+01
-2.507017466751913001e-03 8.175963630980663810e-01 2.717185660319183071e+01 -7.904289868528961449e+01
-2.172649157952380797e-03 7.689637984449371189e-01 2.858133505164883914e+01 -8.962894008265719492e+01
-1.884551266535887913e-03 7.232420528352484501e-01 3.002721264643534127e+01 -1.014779118983567230e+02
-1.636144967144155743e-03 6.802499449409477039e-01 3.150985831167196949e+01 -1.147281191234252162e+02
-1.421792693415730715e-03 6.398142338286194608e-01 3.302977876419579673e+01 -1.295332004608754346e+02
-1.236683119862063123e-03 6.017722070434917692e-01 3.458758499570174649e+01 -1.460639927767812196e+02
-1.076684140286475423e-03 5.659674972076369492e-01 3.618410499664209112e+01 -1.645114291688718708e+02
-9.382591418363945071e-04 5.322519987637195360e-01 3.782036615196953022e+01 -1.850892823019718492e+02
-8.183610458776977795e-04 5.004806190711108549e-01 3.949787051775854962e+01 -2.080408756862211987e+02
-7.143913497325812042e-04 4.705190333009314774e-01 4.121824907659804182e+01 -2.336386634666719431e+02
-6.241110511291538638e-04 4.422357775286293036e-01 4.298372676206987109e+01 -2.621955903503917398e+02
-5.455942502679926847e-04 4.155040803457605847e-01 4.479709613213729824e+01 -2.940713760687497142e+02
-4.771909119465725683e-04 3.902027272290020110e-01 4.666176846865059247e+01 -3.296815401450616037e+02
-4.174891266264652815e-04 3.662179360602820788e-01 4.858166364825748218e+01 -3.695042622429014045e+02
-3.652672964567764023e-04 3.434360991742527736e-01 5.056190335654342505e+01 -4.141065799783079342e+02
-3.194756057704950720e-04 3.217476068803861722e-01 5.260866572022568022e+01 -4.641579823343237194e+02
-2.792266354742996867e-04 3.010534364438313681e-01 5.472868720438384571e+01 -5.204366346417508566e+02
-2.437518474973626574e-04 2.812550010070958839e-01 5.693033077901500860e+01 -5.838784638295745708e+02
-2.124060032910843364e-04 2.622661792761808996e-01 5.922241665999558791e+01 -6.555717989550615812e+02
-1.846370839013688721e-04 2.440060594561267449e-01 6.161504375275791290e+01 -7.368108373251837975e+02
-1.599897207473634328e-04 2.264108818177609228e-01 6.411803018309419144e+01 -8.290777961800014282e+02
-1.380870519202445602e-04 2.094330712608424572e-01 6.674058685851018424e+01 -9.340552581800367307e+02
-1.185962107017362921e-04 1.930232365579673814e-01 6.949391617852000991e+01 -1.053769961977179264e+03
-1.012766675508290783e-04 1.771786441932833578e-01 7.238278225405552746e+01 -1.190264958119316589e+03
