-5.049347464828518595e-01 5.720110206285824006e+00 1.134551528990756092e-01 -6.259722254092857374e-02
-4.486471016193053774e-01 5.517041291657859503e+00 2.593638859685215570e-01 -8.977191939564418965e-02
-3.950516537368398140e-01 5.301018880780977049e+00 4.327875959317841192e-01 -1.258572870768304430e-01
-3.451505966131417913e-01 5.075708724225764357e+00 6.354623890588982915e-01 -1.731188137255142701e-01
-2.995311013996045935e-01 4.844423571257049588e+00 8.690566621877995335e-01 -2.342854500376025662e-01
-2.584553772397894522e-01 4.610284199030262542e+00 1.135005717465578989e+00 -3.125975809863060229e-01
-2.219895494559596116e-01 4.376419298167452787e+00 1.433954046309022567e+00 -4.116767217694285441e-01
-1.898871961151253340e-01 4.144596308878742974e+00 1.767570990857630697e+00 -5.361387365482742640e-01
-1.619307287965587872e-01 3.917356667496697753e+00 2.135676169729319174e+00 -6.907449581575986208e-01
-1.377348739276381129e-01 3.696011543253426179e+00 2.539237940866569954e+00 -8.815022247043565740e-01
-1.169196516624192161e-01 3.481827598142038571e+00 2.978512705061588495e+00 -1.115069869490814991e+00
-9.909634744047395027e-02 3.275686485321460673e+00 3.453653338240070703e+00 -1.399007291836599443e+00
-8.388742043592530007e-02 3.078133069813842937e+00 3.965117671278735934e+00 -1.742295049277575503e+00
-7.095573497155134579e-02 2.889663905169521207e+00 4.512586945847047559e+00 -2.154587030903460043e+00
-5.998105587199867306e-02 2.710370298206467243e+00 5.096461157162934796e+00 -2.647509357084139925e+00
-5.068354908623501354e-02 2.540271773048783377e+00 5.716705893043690700e+00 -3.233839502201018234e+00
-4.281756335619838622e-02 2.379283500089262038e+00 6.373447549941551493e+00 -3.928380001456717618e+00
-3.616998011959601800e-02 2.227235417398003570e+00 7.066592334231316386e+00 -4.747540340010529825e+00
-3.055616067619240303e-02 2.083884779948796506e+00 7.796189670917058834e+00 -5.710165106442117278e+00
-2.581793493885184074e-02 1.948943256118550016e+00 8.562164413581692557e+00 -6.837280432697527388e+00
-2.181958365039320807e-02 1.822070411933143674e+00 9.364569769845163094e+00 -8.152801156124899862e+00
-1.844645284252409423e-02 1.702928501950704776e+00 1.020331843238230540e+01 -9.683416364587138503e+00
-1.560048635131012704e-02 1.591145770320305797e+00 1.107840330666826567e+01 -1.145920003274637722e+01
-1.319976626547184062e-02 1.486381915821372468e+00 1.198960562835379484e+01 -1.351358668059787682e+01
-1.117367205807395618e-02 1.388238737320121929e+00 1.293712552735664190e+01 -1.588479831331160774e+01
-9.463447806591702982e-03 1.296361015242128767e+00 1.392089375888829217e+01 -1.861518405590039293e+01
-8.019543931629997610e-03 1.210403987308686258e+00 1.494076942926392171e+01 -2.175176363882873787e+01
-6.799925708014398912e-03 1.130014374090257734e+00 1.599684681201760128e+01 -2.534784592410553827e+01
-5.769394190576926373e-03 1.054864493663933978e+00 1.708907231221322931e+01 -2.946246326743776223e+01
-4.898277546362217981e-03 9.846375580948787398e-01 1.821742575368296357e+01 -3.416156527378246466e+01
-4.161565531284584785e-03 9.190281251666690965e-01 1.938194347381541149e+01 -3.951891058176773441e+01
-3.538215842077126715e-03 8.577458947056810779e-01 2.058267381535993223e+01 -4.561674450866718189e+01
-3.010524737062971520e-03 8.005162274198437400e-01 2.181966786831003802e+01 -5.254667415617873161e+01
-2.563575538487965818e-03 7.470776915053350953e-01 2.309303155160095145e+01 -6.041098970394257606e+01
-2.184800454352691518e-03 6.971823319469562241e-01 2.440292787863135970e+01 -6.932391293281217770e+01
-1.863608792884982168e-03 6.505953460031878022e-01 2.574959251452746045e+01 -7.941311458799020784e+01
-1.591072337943311155e-03 6.070945284629652994e-01 2.713335388399587700e+01 -9.082148763184108020e+01
-1.359660693429501918e-03 5.664694536843190020e-01 2.855466849131705942e+01 -1.037093608677739383e+02
-1.163026091272447446e-03 5.285221139889618724e-01 3.001410577805451041e+01 -1.182566096209690443e+02
-9.957966821773954827e-04 4.930624949164620352e-01 3.151252928289085631e+01 -1.346671582055755891e+02
-8.534487634960663148e-04 4.599131461203005422e-01 3.305094622496086743e+01 -1.531708289323933627e+02
-7.321461433397701002e-04 4.289022304268266250e-01 3.463084606959652234e+01 -1.740313959017812806e+02
-6.286460000398501335e-04 3.998662872744822017e-01 3.625414362189909667e+01 -1.975515015117589428e+02
-5.402128040282916290e-04 3.726511358018037567e-01 3.792319663356243353e+01 -2.240795836233197349e+02
-4.645234784581477733e-04 3.471066706817102498e-01 3.964118534580504871e+01 -2.540241584196508029e+02
-3.996159954631763826e-04 3.230900886554579077e-01 4.141205490319912741e+01 -2.878644810962980500e+02
-3.438325973163611649e-04 3.004654519996446949e-01 4.324065123365474506e+01 -3.261668736172812260e+02
-2.957651821782862080e-04 2.790994392890335241e-01 4.513323898250660449e+01 -3.696138791756026194e+02
-2.542251786948638236e-04 2.588648608400473949e-01 4.709743890800898214e+01 -4.190277960298552102e+02
-2.182253181910925931e-04 2.396483492981115460e-01 4.914161689566970637e+01 -4.753833354561233477e+02
-1.869188932139557362e-04 2.213344978906361393e-01 5.127665635477566752e+01 -5.398906306784855360e+02
-1.596166560846417584e-04 2.038287945627658970e-01 5.351359463046865272e+01 -6.139720733697986361e+02
-1.357378741502986196e-04 1.870431103470004408e-01 5.586526274975168604e+01 -6.993606613129843481e+02
-1.148195123822858373e-04 1.709157534399788902e-01 5.834342559574106701e+01 -7.980546802519029370e+02
-9.647484049147860539e-05 1.553962225128956709e-01 6.096042834220840234e+01 -9.124303694171405823e+02
-8.042136933633422928e-05 1.404833725228291086e-01 6.372187262955750242e+01 -1.044964075963999903e+03
-6.641696994962972465e-05 1.261864175090348927e-01 6.663149588357144637e+01 -1.198445910699752858e+03
-5.429167922956096846e-05 1.125681621319923886e-01 6.968076197414720241e+01 -1.375420112606675957e+03
-4.390025140157009028e-05 9.971221020121061318e-02 7.285185475862520832e+01 -1.578174174215558878e+03
-3.510558114772780385e-05 8.770868063776342261e-02 7.611851783543150418e+01 -1.808621712999226020e+03
-2.776113595342421562e-05 7.662915043618723221e-02 7.945138566460246921e+01 -2.068521071854564070e+03
