-5.394835230246731728e-01 5.969893128320434172e+00 7.279702985326792775e-02 -5.742996676845087134e-02
-4.804467631087681601e-01 5.763662245573706322e+00 2.161808194488196722e-01 -8.326703717829815610e-02
-4.243270155629229601e-01 5.544949072970233317e+00 3.860182145502308870e-01 -1.174541057683616274e-01
-3.717276970411833581e-01 5.315493250157767413e+00 5.854545581727602643e-01 -1.623826626584579103e-01
-3.234624631503373871e-01 5.079344192033794947e+00 8.156301419944077535e-01 -2.205405376385000948e-01
-2.799002538621263581e-01 4.839941767641397163e+00 1.077776513037610018e+00 -2.949602159853148553e-01
-2.409830492269804114e-01 4.599534948818937430e+00 1.373659715856012209e+00 -3.893649867252354513e-01
-2.067308379127383300e-01 4.361628570530918125e+00 1.702998013741843453e+00 -5.075650470591914765e-01
-1.767556590688368900e-01 4.127491253664350879e+00 2.067495129648758923e+00 -6.546603009047052835e-01
-1.507478110856364240e-01 3.899142730168714710e+00 2.467053062137079866e+00 -8.359231357723821976e-01
-1.282967125826330601e-01 3.677683267939388045e+00 2.902448287681504535e+00 -1.057834626991824178e+00
-1.090227587657451175e-01 3.464239588816724336e+00 3.373542239699288015e+00 -1.327402759752470685e+00
-9.252916194442950548e-02 3.259330575607817249e+00 3.880937556847011471e+00 -1.653121649848199093e+00
-7.846278384669952422e-02 3.063474239596689852e+00 4.424404145872076199e+00 -2.044089080094074085e+00
-6.648835734586761026e-02 2.876783928921805789e+00 5.004521687302140087e+00 -2.511391324102386413e+00
-5.632398148073141514e-02 2.699533803417710764e+00 5.620599541661989385e+00 -3.066521445502449428e+00
-4.769815346073175838e-02 2.531446313606279919e+00 6.273442617190448267e+00 -3.723822664602088217e+00
-4.039190436828478392e-02 2.372516445871292845e+00 6.962494988215960134e+00 -4.498264838823763156e+00
-3.420533068631608636e-02 2.222446433467204052e+00 7.688035342368486624e+00 -5.407569283504982671e+00
-2.896940473410295619e-02 2.080952437181879056e+00 8.450132267629292926e+00 -6.471608874203395700e+00
-2.454106666398133199e-02 1.947766305708658940e+00 9.248499478698198217e+00 -7.712159994922312301e+00
-2.079598928949402334e-02 1.822531095310189198e+00 1.008317217179427772e+01 -9.154170062510154082e+00
-1.762841181707151123e-02 1.704872148188024017e+00 1.095422696385611161e+01 -1.082574602869086711e+01
-1.494934548850257103e-02 1.594431641165810376e+00 1.186160953741504009e+01 -1.275815122809346391e+01
-1.268344852040993558e-02 1.490860953138414935e+00 1.280513005614934841e+01 -1.498613320739696420e+01
-1.076614951499688805e-02 1.393775061423806250e+00 1.378492988830058508e+01 -1.754918932399511888e+01
-9.143565245378567491e-03 1.302829782633518674e+00 1.480086440766232236e+01 -2.049080461322372315e+01
-7.769829948822814386e-03 1.217670679474699202e+00 1.585299357393142472e+01 -2.386008132340361954e+01
-6.606409646583624902e-03 1.137967093698846188e+00 1.694123864202174445e+01 -2.771131883116609984e+01
-5.620666696625981583e-03 1.063393021334163135e+00 1.806562842657242030e+01 -3.210537915067633463e+01
-4.785123888858199351e-03 9.936408615521923338e-01 1.922613823164835622e+01 -3.710981969588276286e+01
-4.076563992014208687e-03 9.284139482822985068e-01 2.042280413005540041e+01 -4.280005153443960353e+01
-3.475375112286464580e-03 8.674300771534999566e-01 2.165568120436293142e+01 -4.926003929622365973e+01
-2.965051205973691026e-03 8.104226267979256493e-01 2.292482487705849437e+01 -5.658310208494302884e+01
-2.531623416656035835e-03 7.571374518878398741e-01 2.423035332392543850e+01 -6.487330331502251113e+01
-2.163299911526346628e-03 7.073338412761354110e-01 2.557243535930259526e+01 -7.424659554367103453e+01
-1.850114983006713714e-03 6.607835847371084093e-01 2.695131726918483395e+01 -8.483238528551517277e+01
-1.583647672181087577e-03 6.172709309306332326e-01 2.836733142646530581e+01 -9.677521399955406878e+01
-1.356775828984018101e-03 5.765915205962822698e-01 2.982093260034240956e+01 -1.102369140010816864e+02
-1.163476575066114830e-03 5.385523862805676742e-01 3.131270840577345282e+01 -1.253989332805598167e+02
-9.986394092226804318e-04 5.029682484734557812e-01 3.284353874571988285e+01 -1.424666391565650940e+02
-8.579535615657079466e-04 4.696668275250077129e-01 3.441440927287987250e+01 -1.616706679796413937e+02
-7.377496925881453635e-04 4.384801861212994645e-01 3.602682441166162164e+01 -1.832757449973907740e+02
-6.349192160745275844e-04 4.092499491498121644e-01 3.768261336617842261e+01 -2.075836328355190687e+02
-5.468335899802337623e-04 3.818249621654190573e-01 3.938414498841200384e+01 -2.349426059386941574e+02
-4.712518887725963769e-04 3.560591093365779169e-01 4.113450786545244853e+01 -2.657586160931033987e+02
-4.062834069285269664e-04 3.318144957643382464e-01 4.293743436035195060e+01 -3.005045173382436587e+02
-3.503158375297000756e-04 3.089565764046093288e-01 4.479775751286597796e+01 -3.397420922912505148e+02
-3.019882411842476997e-04 2.873583643159819401e-01 4.672125775715564089e+01 -3.841365032330277813e+02
-2.601440227431618137e-04 2.668970239918709297e-01 4.871508682102556520e+01 -4.344870159756351882e+02
-2.238125113324339864e-04 2.474594444868583598e-01 5.078743471028748502e+01 -4.917464339944507969e+02
-1.921676088267314393e-04 2.289351111467436417e-01 5.294842168088526790e+01 -5.570787796190112431e+02
-1.645331933022692837e-04 2.112331917987587682e-01 5.520823976063351779e+01 -6.318435363820912016e+02
-1.403382624245490479e-04 1.942696331792256037e-01 5.757856933296383062e+01 -7.176808637821260390e+02
-1.191173978901296761e-04 1.779795906172195463e-01 6.007086571303602796e+01 -8.165042215929746590e+02
-1.004941980511614528e-04 1.623201202124561204e-01 6.269533414528616788e+01 -9.305020306068563514e+02
-8.417592336755770730e-05 1.472814033917769772e-01 6.545789002720928806e+01 -1.062027742382824499e+03
-6.991978880567471517e-05 1.328716232988535473e-01 6.836132876184440477e+01 -1.213656383328592256e+03
-5.754652719618255711e-05 1.191413604272717613e-01 7.139869549487872291e+01 -1.387812938038610127e+03
-4.690169694901641980e-05 1.061588636237231070e-01 7.455536655769081733e+01 -1.586760242764047007e+03
-3.784966983145805069e-05 9.400881388894502533e-02 7.780690781886481489e+01 -1.812315174034838037e+03
