-5.575105974119569652e-01 6.098919666208180601e+00 5.226847839909943422e-02 -5.491550897434858969e-02
-4.974119756489228661e-01 5.892394295475283705e+00 1.936274877506277137e-01 -7.998962949164171998e-02
-4.397104742088280283e-01 5.671253295130997962e+00 3.623971954265189366e-01 -1.133762433417987991e-01
-3.858110326072266005e-01 5.440152633806468963e+00 5.598410229926104043e-01 -1.571010762373736824e-01
-3.361846889307759656e-01 5.201634364226063845e+00 7.882440300860966698e-01 -2.137988455663912823e-01
-2.912724891240920377e-01 4.959335841234486786e+00 1.048671004182575528e+00 -2.863674201631399296e-01
-2.511660924558284380e-01 4.716228022280869681e+00 1.342330766352696214e+00 -3.783242751882989197e-01
-2.157030271369018981e-01 4.474625454474145059e+00 1.670264130811939474e+00 -4.937192654217305576e-01
-1.846832669937809868e-01 4.237136859071175543e+00 2.032679027037446406e+00 -6.370854921832693751e-01
-1.577140875777688911e-01 4.005178438668743013e+00 2.430218463602013657e+00 -8.137358098427771580e-01
-1.343953241560625345e-01 3.779951787745301939e+00 2.863778136233281923e+00 -1.030087136756723476e+00
-1.143542703501261165e-01 3.562771126712885650e+00 3.332832998675074432e+00 -1.292723042024970681e+00
-9.718525237552627649e-02 3.354172803161071137e+00 3.838009816989526257e+00 -1.609871114718346430e+00
-8.251564559358526285e-02 3.154550743205685848e+00 4.379385965683944448e+00 -1.990525877369933916e+00
-7.001424622310205292e-02 2.964166156698920140e+00 4.957262241834881067e+00 -2.445230376147217832e+00
-5.938264589571080887e-02 2.783170926106299792e+00 5.571422118319750538e+00 -2.985471085901294952e+00
-5.034937715914496181e-02 2.611411862687615049e+00 6.222321213324789824e+00 -3.624876970969280521e+00
-4.268892567900466756e-02 2.448919772206503254e+00 6.909287672088636256e+00 -4.377779924231630204e+00
-3.619363663595930730e-02 2.295358945101812154e+00 7.632836894287223117e+00 -5.261538862763578628e+00
-3.069050159241527853e-02 2.150499045383478247e+00 8.392827924852911181e+00 -6.295096899150874670e+00
-2.602999990149793691e-02 2.014043220756043251e+00 9.189118036766084074e+00 -7.499620797664493743e+00
-2.208299818252839122e-02 1.885623165310873706e+00 1.002187232250783566e+01 -8.899398851822317269e+00
-1.874115807469136155e-02 1.764911511346399786e+00 1.089089063224790621e+01 -1.052106111218166262e+01
-1.591176645030338566e-02 1.651552162391885403e+00 1.179607771106554637e+01 -1.239462231715719653e+01
-1.351501147961002396e-02 1.545142034897612593e+00 1.273764852776986167e+01 -1.455416874335812238e+01
-1.148481401383598735e-02 1.445339976176114316e+00 1.371545037530604283e+01 -1.703728947740212618e+01
-9.764730548856664222e-03 1.351795147352300441e+00 1.472935620282537528e+01 -1.988572134270176406e+01
-8.306766648316260201e-03 1.264149372404616445e+00 1.577943197234314709e+01 -2.314660831256182405e+01
-7.070496354541990283e-03 1.182062641241425460e+00 1.686569550868781064e+01 -2.687239578890627101e+01
-6.021865262211680697e-03 1.105215527471316017e+00 1.798805653823632866e+01 -3.112107156285990328e+01
-5.131994263688666354e-03 1.033294019230385441e+00 1.914653541329326814e+01 -3.595754665351326196e+01
-4.376507333597179361e-03 9.659997250609736463e-01 2.034114120706197326e+01 -4.145394529103289472e+01
-3.734794584643133866e-03 9.030467884078423602e-01 2.157193018607696899e+01 -4.769063598453688968e+01
-3.189456149341162502e-03 8.441650461033438635e-01 2.283895351008226982e+01 -5.475686158630876577e+01
-2.725782897608655751e-03 7.890979635528808656e-01 2.414229592449932582e+01 -6.275188932232406813e+01
-2.331330794217106959e-03 7.376015294498213803e-01 2.548210534514486625e+01 -7.178630307540501576e+01
-1.995572664729943109e-03 6.894445494776170191e-01 2.685859238125255644e+01 -8.198330401871734807e+01
-1.709604047912730625e-03 6.444084627854999026e-01 2.827203925799199169e+01 -9.348024133839493288e+01
-1.465894026476182279e-03 6.022858648576826512e-01 2.972285746511262161e+01 -1.064307984518759866e+02
-1.258023706972103296e-03 5.628809337461885276e-01 3.121153071165619153e+01 -1.210064587358453707e+02
-1.080615330705006613e-03 5.260074852848024562e-01 3.273880686448674027e+01 -1.374008197032676719e+02
-9.290638326348664823e-04 4.914889441977955964e-01 3.430559271479452121e+01 -1.558313749694001160e+02
-7.994792162710918221e-04 4.591572519997219604e-01 3.591313301856800422e+01 -1.765453314841407746e+02
-6.885502264112790607e-04 4.288511767103038719e-01 3.756307924811935095e+01 -1.998249059950970263e+02
-5.934760258911725688e-04 4.004193906063105990e-01 3.925740773657312133e+01 -2.259918942325977014e+02
-5.118654324774968680e-04 3.737134464064184591e-01 4.099888829070497565e+01 -2.554218626121979128e+02
-4.416955099134478699e-04 3.485939027526583356e-01 4.279081148497242282e+01 -2.885491411156405093e+02
-3.812499425413019057e-04 3.249282042093296630e-01 4.463719434106416628e+01 -3.258812066954450302e+02
-3.290622036403649617e-04 3.025852374716629378e-01 4.654335615863838882e+01 -3.680251783867905147e+02
-2.838879834851010036e-04 2.814396592429338484e-01 4.851577294385356254e+01 -4.157050529114740129e+02
-2.446918522229417988e-04 2.613811609527114665e-01 5.056131002672266561e+01 -4.697648183941211073e+02
-2.105754680211332510e-04 2.422940666115961372e-01 5.268933952952459521e+01 -5.312506954751564763e+02
-1.808047271487415412e-04 2.240837212015207025e-01 5.490915362078557393e+01 -6.013764561755726845e+02
-1.547491718263212159e-04 2.066560589974044682e-01 5.723223686722067072e+01 -6.816288941711734424e+02
-1.319073949931738121e-04 1.899455071796851413e-01 5.966867194714347988e+01 -7.736934427325016941e+02
-1.118572351784147978e-04 1.738963657838062948e-01 6.222907818980132788e+01 -8.795569781405906724e+02
-9.425397582873515259e-05 1.584719066420846034e-01 6.492292529707862059e+01 -1.001491009931870963e+03
-7.883913485517255620e-05 1.436772531828801325e-01 6.775328793577125452e+01 -1.141829912530907677e+03
-6.540218363591061759e-05 1.295407378117841568e-01 7.071800264154646243e+01 -1.302980976592745492e+03
-5.376745753133374453e-05 1.161103889188264265e-01 7.380861652852942711e+01 -1.487322924235417759e+03
-4.378671049022288584e-05 1.034541789975898102e-01 7.700823141160428520e+01 -1.696988543985912656e+03
