-5.954123622326296106e-01 6.366546397916479805e+00 1.047731949424790879e-02 -4.999453340544035562e-02
-5.327322273550266774e-01 6.158030583838567829e+00 1.486044626401795410e-01 -7.371279150599921448e-02
-4.722029509327795860e-01 5.933603280184548190e+00 3.142692692068742577e-01 -1.054025169264598966e-01
-4.154139444406755866e-01 5.698291935532346919e+00 5.085001933013434394e-01 -1.469533989663443785e-01
-3.631099990492865914e-01 5.455765316147634714e+00 7.326194627582336416e-01 -2.006500555905041117e-01
-3.154736813709377863e-01 5.208022405558177859e+00 9.893198531596680834e-01 -2.696002277633507416e-01
-2.727432452150609921e-01 4.958598124231305526e+00 1.279370285773570037e+00 -3.570340089092240432e-01
-2.349291315911483657e-01 4.710846840164220950e+00 1.602886032499053703e+00 -4.665469794207722787e-01
-2.016742977226391453e-01 4.466294765111213927e+00 1.961311132021118731e+00 -6.027362172966201914e-01
-1.726786375739070845e-01 4.226990805466255274e+00 2.354898198283681410e+00 -7.705577192297680122e-01
-1.475358688636691507e-01 3.994227966479332093e+00 2.784274291932566037e+00 -9.758918677822268073e-01
-1.258608113686562058e-01 3.769374617426405116e+00 3.249183518967145634e+00 -1.225090378331206376e+00
-1.072351980300268043e-01 3.552973133248046089e+00 3.750224994793459388e+00 -1.525843345237494209e+00
-9.127900275800092389e-02 3.345557505734234827e+00 4.287594702347126585e+00 -1.886741864949191161e+00
-7.764535412869164044e-02 3.147465861926445285e+00 4.861240422554881313e+00 -2.317376898457788048e+00
-6.601672070224332001e-02 2.958795038067805194e+00 5.471345409155984107e+00 -2.828807239652687766e+00
-5.611482028595531080e-02 2.779574938471287560e+00 6.117813830413693310e+00 -3.433294914677942788e+00
-4.769210047100139183e-02 2.609688132981577091e+00 6.800737407511292076e+00 -4.144923414581713317e+00
-4.053454405262718607e-02 2.448970736603624410e+00 7.519961211991824435e+00 -4.979259353412403222e+00
-3.445337728198168137e-02 2.297108397467452878e+00 8.275798757136978878e+00 -5.954388811759229405e+00
-2.929066725482019212e-02 2.153861546230297908e+00 9.067936987913705948e+00 -7.089842646223026179e+00
-2.490798405984161884e-02 2.018883389047791077e+00 9.896439091705412139e+00 -8.408016904246876422e+00
-2.118796097390002187e-02 1.891830994348183914e+00 1.076125906948675670e+01 -9.933863269715777378e+00
-1.802972129964864820e-02 1.772320866555536556e+00 1.166255268596868078e+01 -1.169566947923025779e+01
-1.534943113366189944e-02 1.660054103153040028e+00 1.259973831858864735e+01 -1.372353440059805507e+01
-1.307291489210681348e-02 1.554590300811643955e+00 1.357346078057653926e+01 -1.605373007865408752e+01
-1.113984974488584599e-02 1.455628882249768496e+00 1.458314045055412222e+01 -1.872381041982217553e+01
-9.497263446322228020e-03 1.362778305941855228e+00 1.562915279374879596e+01 -2.177807171682763254e+01
-8.101355914039095468e-03 1.275719499990471295e+00 1.671123874561964939e+01 -2.526403785874543928e+01
-6.914535517376322639e-03 1.194115777192678030e+00 1.782945490272289391e+01 -2.923549058696985981e+01
-5.905085086115084703e-03 1.117650987925898010e+00 1.898377573424995290e+01 -3.375191836536687617e+01
-5.046126763720388750e-03 1.046021215089665946e+00 2.017419858719780734e+01 -3.887944852944520591e+01
-4.314882071724352071e-03 9.789348987773944799e-01 2.140075849362603577e+01 -4.469162430522453633e+01
-3.692066339860631749e-03 9.161153239615371646e-01 2.266349224347313296e+01 -5.127001825351712228e+01
-3.161349705302193315e-03 8.573002317399379679e-01 2.396244472841424766e+01 -5.870508948373113611e+01
-2.708877359752778508e-03 8.022391884102506587e-01 2.529772522023443670e+01 -6.709745194937426049e+01
-2.322908784473338116e-03 7.506952521950078783e-01 2.666947756793731017e+01 -7.655881760602586894e+01
-1.993484185061382679e-03 7.024437295700239892e-01 2.807790922202084971e+01 -8.721341552482529380e+01
-1.712150519223535868e-03 6.572712805909242118e-01 2.952332353222571726e+01 -9.919969076224614923e+01
-1.471736926099998736e-03 6.149765524354244839e-01 3.100610393917456875e+01 -1.126718529670050088e+02
-1.266153094764038310e-03 5.753687700476060041e-01 3.252676339794076199e+01 -1.278022395718001292e+02
-1.090219538839854374e-03 5.382662200094876503e-01 3.408601251226652806e+01 -1.447843197271110398e+02
-9.395445072880018091e-04 5.034975616832989553e-01 3.568474384734522431e+01 -1.638354433998326556e+02
-8.103603319716834192e-04 4.708974300808199120e-01 3.732417916196166630e+01 -1.852018109592112580e+02
-6.994985133006258573e-04 4.403097476430585244e-01 3.900591587643622660e+01 -2.091639128337515956e+02
-6.042433672304286510e-04 4.115861489865149658e-01 4.073188520671133261e+01 -2.360408899289080864e+02
-5.222856269912022750e-04 3.845844562504490693e-01 4.250457593177532090e+01 -2.662005147260574631e+02
-4.516500746323931482e-04 3.591657374609700804e-01 4.432731148810336208e+01 -3.000726964723403398e+02
-3.906670398864156004e-04 3.352011690469565708e-01 4.620389492218733807e+01 -3.381542061976117566e+02
-3.379087186508189121e-04 3.125654372334455977e-01 4.813914964084136727e+01 -3.810316959433387183e+02
-2.921535687609275352e-04 2.911351732682693760e-01 5.013927461320403012e+01 -4.294081999398066500e+02
-2.523843823369936365e-04 2.708031623009022892e-01 5.221065257554730721e+01 -4.840955127071146649e+02
-2.177199072490825079e-04 2.514589721141308187e-01 5.436179151312556712e+01 -5.460876120161234439e+02
-1.874333428368652127e-04 2.330104400064926251e-01 5.660120980360657228e+01 -6.165344134199709742e+02
-1.608978233968322584e-04 2.153649567717994262e-01 5.893958328468593777e+01 -6.968409384422513995e+02
-1.376121653823976195e-04 1.984576146931089358e-01 6.138612277298933151e+01 -7.885877432368120026e+02
-1.171500868647371794e-04 1.822303383781742059e-01 6.395090623026236187e+01 -8.936445232701543091e+02
-9.917222970084081863e-05 1.666516941247238870e-01 6.664148575406437658e+01 -1.014074913934165465e+03
-8.340100889164886119e-05 1.517114884161849531e-01 6.946251284118021374e+01 -1.152127307576437943e+03
-6.962419689862893500e-05 1.374341563306734626e-01 7.241185442709182496e+01 -1.310033008070632377e+03
-5.766495909002511346e-05 1.238648503594818040e-01 7.548097982057198863e+01 -1.489951833691747652e+03
