-3.550685459140382472e-01 4.455068792821089474e+00 4.093897540612748132e-01 -1.017508627123778625e-01
-3.109206386491258356e-01 4.266731358751217229e+00 5.694326873929699273e-01 -1.370077068808565612e-01
-2.698002051096282661e-01 4.070343702334882963e+00 7.563313031908099893e-01 -1.831191135456272934e-01
-2.322378248636534359e-01 3.868727125906763931e+00 9.719893693158911940e-01 -2.429215342577759340e-01
-1.985547083255700118e-01 3.665021250424545851e+00 1.217496517963179148e+00 -3.196379825516794115e-01
-1.687556214111820829e-01 3.461570068624545193e+00 1.494331151832781313e+00 -4.173069336551221142e-01
-1.427264385969802540e-01 3.260659130233788172e+00 1.803436864873570356e+00 -5.406041638005630867e-01
-1.202293453152817188e-01 3.064216415144824790e+00 2.145354510259281700e+00 -6.949155468674586000e-01
-1.009448471148015752e-01 2.873646250934494883e+00 2.520750305089486165e+00 -8.866602842546232877e-01
-8.452856317829932076e-02 2.690040527034082363e+00 2.930106697100008706e+00 -1.123315472932695069e+00
-7.063239426818683497e-02 2.514180147329107218e+00 3.373775343273750948e+00 -1.413548384336526853e+00
-5.892554110416096252e-02 2.346620535917201877e+00 3.851862601872358294e+00 -1.767259969473722991e+00
-4.909833921455273448e-02 2.187634422122819888e+00 4.364622761596987033e+00 -2.196059691652205714e+00
-4.087283205920817092e-02 2.037333435924943537e+00 4.912111820437653265e+00 -2.713177488755009747e+00
-3.400384623756880914e-02 1.895676887092087481e+00 5.494501585635190644e+00 -3.333988914858618369e+00
-2.827752212379926883e-02 1.762520000107209217e+00 6.111772880593377977e+00 -4.075923835585701482e+00
-2.351089936867739247e-02 1.637649015571815525e+00 6.763905701100602741e+00 -4.958956470994761112e+00
-1.954690846378751706e-02 1.520769700804091018e+00 7.450917672767487510e+00 -6.005968121498646894e+00
-1.625308939600148689e-02 1.411563462380404976e+00 8.172714176507099637e+00 -7.242872916427777419e+00
-1.351691531894729653e-02 1.309651407003542101e+00 8.929414785524159015e+00 -8.699567852662307033e+00
-1.124531886926679290e-02 1.214693641296420434e+00 9.720719834999890452e+00 -1.040918630139099399e+01
-9.358784496467967631e-03 1.126265403123305697e+00 1.054700065204602311e+01 -1.241088321844772935e+01
-7.792462682074089916e-03 1.044015398276922246e+00 1.140799116732491747e+01 -1.474750794561613354e+01
-6.491885187993817752e-03 9.675733140036399949e-01 1.230362943068643133e+01 -1.746804426390196241e+01
-5.411647239248907476e-03 8.965699905621256072e-01 1.323396076028456037e+01 -2.062822614012660694e+01
-4.514145271417703206e-03 8.306540223657918887e-01 1.419899297889390866e+01 -2.429093580169212530e+01
-3.768224191363067459e-03 7.694910685543572271e-01 1.519870766324480549e+01 -2.852704743666790321e+01
-3.148020886659081731e-03 7.127589811331808134e-01 1.623315633357771404e+01 -3.341679456689971772e+01
-2.632091425701587294e-03 6.601522383207806266e-01 1.730240638874526127e+01 -3.905071213359067883e+01
-2.202699754208330574e-03 6.113823917908980388e-01 1.840655857747755419e+01 -4.553099222240715704e+01
-1.845124996405231180e-03 5.661756995521294300e-01 1.954579150625860251e+01 -5.297324093768377651e+01
-1.547165918310956009e-03 5.242737531438669274e-01 2.072036886502206343e+01 -6.150829018920241253e+01
-1.298706915920773853e-03 4.854323545919896343e-01 2.193068896057105377e+01 -7.128466492389443943e+01
-1.091359070971429984e-03 4.494211682427967092e-01 2.317731348368173983e+01 -8.247135201394156923e+01
-9.181703029881945919e-04 4.160242079955049355e-01 2.446097025447430795e+01 -9.526086280686457997e+01
-7.733587250861500076e-04 3.850353561269725944e-01 2.578274630663586464e+01 -1.098748674996529502e+02
-6.521312270822599184e-04 3.562610620695416674e-01 2.714404487770200447e+01 -1.265687426222941241e+02
-5.504994326222106002e-04 3.295162029861527508e-01 2.854682980222325384e+01 -1.456406107755883568e+02
-4.651452533445004679e-04 3.046238045733111743e-01 2.999375308311902089e+01 -1.674414302309893969e+02
-3.933207516998105872e-04 2.814178328230378390e-01 3.148812862031752147e+01 -1.923853951978200314e+02
-3.327262964675241266e-04 2.597347844015798768e-01 3.303459073762392251e+01 -2.209746143520232238e+02
-2.814660355671967759e-04 2.394234954418382744e-01 3.463866919771228936e+01 -2.538111111676365397e+02
-2.379556252411808045e-04 2.203353908193935728e-01 3.630770687232283223e+01 -2.916390495177395223e+02
-2.008877883701277144e-04 2.023317344980267996e-01 3.805057283984161387e+01 -3.353723343391411618e+02
-1.691896497612000133e-04 1.852858989325726624e-01 3.987763277050967758e+01 -3.861339300506755308e+02
-1.419745412769908457e-04 1.690791393210971105e-01 4.180137510807974621e+01 -4.453242574769253110e+02
-1.185322436391373849e-04 1.536149674617132421e-01 4.383484084966704586e+01 -5.146360428138152656e+02
-9.828891123188941497e-05 1.388150735312146111e-01 4.599181859571275766e+01 -5.961258349620940180e+02
-8.080691353465799362e-05 1.246402206577755523e-01 4.828313159757870210e+01 -6.921392567155377264e+02
-6.573757526791214768e-05 1.110771625464904433e-01 5.071697717850348397e+01 -8.053596060936511094e+02
-5.283193273758960806e-05 9.816865522191450810e-02 5.329140246219498067e+01 -9.384654266685646462e+02
-4.189022331036232859e-05 8.598863275100902814e-02 5.599509357317229785e+01 -1.094061248308415315e+03
-3.275200257061370565e-05 7.464688182481850343e-02 5.880234954651398738e+01 -1.274212403962766530e+03
-2.524912697755178281e-05 6.424149825229659438e-02 6.168046614091736046e+01 -1.480624603374620619e+03
-1.920293908599785457e-05 5.484754965748440958e-02 6.459166124615806837e+01 -1.714560928916662760e+03
-1.440740597799932046e-05 4.647465972800120942e-02 6.750780224688533337e+01 -1.977936644002269531e+03
-1.066850614711951547e-05 3.911169794763765667e-02 7.040045202946244274e+01 -2.272656119047439461e+03
-7.794986941766620585e-06 3.270279939047560092e-02 7.325233058327346214e+01 -2.601803007632945082e+03
-5.632737486665288593e-06 2.721575718853558312e-02 7.603067357277741678e+01 -2.966711144965708172e+03
-4.023656330020637846e-06 2.254720191429487874e-02 7.873374805848256131e+01 -3.372723075117010012e+03
-2.841376284931164034e-06 1.860289302950769719e-02 8.136009392456810474e+01 -3.826459419535250163e+03
