-5.073648947472167992e-01 5.706322529506005381e+00 1.316462000850005809e-01 -6.410055179369643363e-02
-4.506697666347175835e-01 5.502302258064673879e+00 2.778926082487360727e-01 -9.126823489303947934e-02
-3.968268389864310630e-01 5.286014487631794267e+00 4.509613843934113242e-01 -1.271684359107534967e-01
-3.466371302117425279e-01 5.060213198895784359e+00 6.532986079879312680e-01 -1.741684699313784390e-01
-3.007622187925219626e-01 4.828664095187158445e+00 8.861890298430462609e-01 -2.348927999108286480e-01
-2.594734912583644970e-01 4.594349090469847852e+00 1.151169701863367534e+00 -3.125717323813694826e-01
-2.227920745435288397e-01 4.360194473099225476e+00 1.449026089401914019e+00 -4.108032797351457988e-01
-1.905611920489311550e-01 4.128636502590610213e+00 1.780559707071706299e+00 -5.338785709358696563e-01
-1.624537193006475311e-01 3.901333661228668870e+00 2.146875317419528084e+00 -6.869274215172253006e-01
-1.381412297805547085e-01 3.680101311367372841e+00 2.548105886653453833e+00 -8.755847121375630593e-01
-1.172242341988086883e-01 3.466015472272490960e+00 2.984845483882155648e+00 -1.106556498261176413e+00
-9.931240683331869767e-02 3.259961330811275815e+00 3.457261833608146429e+00 -1.387364776815437795e+00
-8.405067189561717111e-02 3.062795789056501850e+00 3.964989296406257857e+00 -1.726341350971174915e+00
-7.105685514563443717e-02 2.874417557863444550e+00 4.509296438696096310e+00 -2.134070627000961728e+00
-6.004158969638696830e-02 2.695396303853787590e+00 5.089215931860872288e+00 -2.621092819572068855e+00
-5.071050745406169985e-02 2.525554539703747992e+00 5.705363721021401879e+00 -3.200578991794373440e+00
-4.282003576308655857e-02 2.364864559004652200e+00 6.357643079483955795e+00 -3.886980786225851858e+00
-3.615435286594668313e-02 2.213130965556591168e+00 7.046078396467711613e+00 -4.696707449150873792e+00
-3.052651534544755657e-02 2.070091640317496040e+00 7.770711011856906936e+00 -5.648347175625193728e+00
-2.577935798711224538e-02 1.935496219236633175e+00 8.531332343274987906e+00 -6.762622409137227564e+00
-2.177561834107665309e-02 1.808992403684350769e+00 9.328006926239005736e+00 -8.063206996098424284e+00
-1.839938654258208711e-02 1.690223821355563150e+00 1.016074741177817842e+01 -9.576715615732050324e+00
-1.555191585123409138e-02 1.578810707193023299e+00 1.102960316405621022e+01 -1.133313658524224898e+01
-1.315112341922356973e-02 1.474421633141806742e+00 1.193427387419492725e+01 -1.336545138636189378e+01
-1.112606722226472215e-02 1.376658905884710293e+00 1.287494925689285630e+01 -1.571163397273759088e+01
-9.417751374341100032e-03 1.285170814204004586e+00 1.385148705388760959e+01 -1.841350307666940722e+01
-7.976126632395042632e-03 1.199597148246314138e+00 1.486389004754197352e+01 -2.151814809536689310e+01
-6.759064162846212601e-03 1.119587284921427672e+00 1.591221673814010984e+01 -2.507847531781494510e+01
-5.731279337855679779e-03 1.044815893126922912e+00 1.699636426623296259e+01 -2.915299571805530476e+01
-4.862953268634940401e-03 9.749621019584516768e-01 1.811635250220468052e+01 -3.380743241314171854e+01
-4.129015986673476198e-03 9.097211774874407464e-01 1.927218726995506515e+01 -3.911502321720721653e+01
-3.508360966421878585e-03 8.488008741791516210e-01 2.046393589499183108e+01 -4.515768869282524633e+01
-2.983246406209393541e-03 7.919258930850090472e-01 2.169164680626831654e+01 -5.202659996405107989e+01
-2.538731613398869259e-03 7.388342745421707658e-01 2.295542264464142690e+01 -5.982358757379814307e+01
-2.162233306826396705e-03 6.892773866596689780e-01 2.425542963803007623e+01 -6.866244068022039926e+01
-1.843154553238156735e-03 6.430201438516512935e-01 2.559189827066014544e+01 -7.867032838913745252e+01
-1.572566203664348692e-03 5.998400939419574751e-01 2.696515305173436872e+01 -8.998963902632509360e+01
-1.342939482860112162e-03 5.595263500077235497e-01 2.837565514125245869e+01 -1.027802551966954354e+02
-1.147933021145307797e-03 5.218808763571562981e-01 2.982396730584045486e+01 -1.172215150026079300e+02
-9.821822832682053969e-04 4.867134776876774760e-01 3.131095415818620964e+01 -1.335168838991940845e+02
-8.411731889417854669e-04 4.538468193966433972e-01 3.283761389681771448e+01 -1.518956318789337274e+02
-7.210801460654274681e-04 4.231093632120603298e-01 3.440541786244521916e+01 -1.726208633288051431e+02
-6.186698939341968165e-04 3.943376921452902972e-01 3.601627617396361813e+01 -1.959947392376744801e+02
-5.312164226558588158e-04 3.673776579728301739e-01 3.767254533349536416e+01 -2.223653382801945213e+02
-4.564089576685186490e-04 3.420802897316034819e-01 3.937733428328512986e+01 -2.521397055615880163e+02
-3.922931325898510921e-04 3.183026176024539855e-01 4.113459656941714115e+01 -2.857969681911811222e+02
-3.372212561972305470e-04 2.959094960856992751e-01 4.294912108897754166e+01 -3.239022525421288492e+02
-2.897962446376229186e-04 2.747694059516941345e-01 4.482701235803057926e+01 -3.671344978761196103e+02
-2.488406130231950414e-04 2.547576740469809087e-01 4.677561750191262746e+01 -4.163087126599481849e+02
-2.133695869066306184e-04 2.357597877233535144e-01 4.880335582555171925e+01 -4.723999154770363589e+02
-1.825465879685888118e-04 2.176633322609812515e-01 5.092072813895855887e+01 -5.366066015877548807e+02
-1.556933728244771435e-04 2.003785556559320447e-01 5.313805285813992185e+01 -6.103254028352364458e+02
-1.322331068304088237e-04 1.838187687988636076e-01 5.546770967725784374e+01 -6.952666464098056167e+02
-1.117117507186189440e-04 1.679280759368941833e-01 5.792024693593094042e+01 -7.933703074134359667e+02
-9.375170993764049890e-05 1.526639044927714239e-01 6.050607810932857689e+01 -9.069061743315392050e+02
-7.806212454361328220e-05 1.380187824803152385e-01 6.323105129853964712e+01 -1.038322089946758979e+03
-6.441393924106203624e-05 1.240154331946428240e-01 6.609526741279398721e+01 -1.190169852664371547e+03
-5.263519619133042067e-05 1.107176888852538510e-01 6.908823891702843412e+01 -1.364779736492448592e+03
-4.256977970759435244e-05 9.819870340385573881e-02 7.219266948905277559e+01 -1.564329510318314533e+03
-3.408090619204989839e-05 8.654991969892905646e-02 7.537990677783005822e+01 -1.790387572830935824e+03
-2.700477548042168961e-05 7.581772225536032028e-02 7.862562547556680670e+01 -2.044848991309140729e+03
