-5.895122553856357861e-01 6.360187595999679644e+00 -4.968967217292100461e-03 -4.885227318199678731e-02
-5.272565328698390896e-01 6.152027104229568444e+00 1.336053305833246052e-01 -7.275658833946180293e-02
-4.674001476167972680e-01 5.928760907140588898e+00 2.994102537904294592e-01 -1.046686651851089084e-01
-4.113186979070292959e-01 5.695056156982471585e+00 4.935227260870226895e-01 -1.464651436024349274e-01
-3.593955710427430006e-01 5.452539455248554212e+00 7.191285298726526332e-01 -2.008691033914371260e-01
-3.122491587144023417e-01 5.205598330652842165e+00 9.768903456994197931e-01 -2.706200343066219594e-01
-2.699785299508073444e-01 4.957008664269410225e+00 1.268157480008927029e+00 -3.590938386753991796e-01
-2.324867321379937568e-01 4.709353541871792892e+00 1.594074620783344276e+00 -4.702769643728810234e-01
-1.996411336262160219e-01 4.465809962786468468e+00 1.954019811237087012e+00 -6.081961481081268328e-01
-1.709540207207687068e-01 4.227059626940751436e+00 2.350015780025011658e+00 -7.784710348583163686e-01
-1.460731562958904606e-01 3.994739017867612318e+00 2.782266891957599242e+00 -9.869560949266377170e-01
-1.246373433783955764e-01 3.770431416168032346e+00 3.250085896278068542e+00 -1.239902111639483051e+00
-1.062107177669518454e-01 3.554461953601832480e+00 3.754518574408931109e+00 -1.545340564478429934e+00
-9.042831868476199075e-02 3.347501095367817037e+00 4.295422683849651868e+00 -1.911815352479264263e+00
-7.694092762238211036e-02 3.149809856322352442e+00 4.872956692490745034e+00 -2.349188444168082146e+00
-6.543286234426905212e-02 2.961449619930214716e+00 5.487409121346510155e+00 -2.868781097915683365e+00
-5.563502973159170639e-02 2.782566129057117532e+00 6.138299413295692730e+00 -3.482731207144783347e+00
-4.729849310769836113e-02 2.612951617827218520e+00 6.826069481237543535e+00 -4.205646032965216108e+00
-4.021104565277008880e-02 2.452437695174480847e+00 7.550567574661740444e+00 -5.053328193462679252e+00
-3.418954216240868704e-02 2.300779802613389435e+00 8.311836947060180947e+00 -6.043859501042559756e+00
-2.907641916671940482e-02 2.157713635906195915e+00 9.109637610106579686e+00 -7.197063100721824647e+00
-2.473416011990269003e-02 2.022868072228718894e+00 9.944207519159238728e+00 -8.535928839881123054e+00
-2.104759231349849491e-02 1.895925646458234137e+00 1.081536126921390384e+01 -1.008554265085607149e+01
-1.791719300954119909e-02 1.776518243559624954e+00 1.172311284327541614e+01 -1.187426438247916671e+01
-1.525859313709193761e-02 1.664273296375302857e+00 1.266756333081215224e+01 -1.393403878604291890e+01
-1.300100514071747190e-02 1.558872966406615657e+00 1.364826663517331795e+01 -1.629919502392345620e+01
-1.108257353840626062e-02 1.459910768986984131e+00 1.466565759037521843e+01 -1.901017651479397585e+01
-9.452302179129385903e-03 1.367066814126746355e+00 1.571941745121558398e+01 -2.211006114240726816e+01
-8.066260156330025757e-03 1.279990342239924139e+00 1.680964194700734993e+01 -2.564793226872636112e+01
-6.887392961832962228e-03 1.198353188002170722e+00 1.793632020140793060e+01 -2.967805742456156182e+01
-5.884383798509109503e-03 1.121844936534525994e+00 1.909937011511656735e+01 -3.426043213247942276e+01
-5.030597961169965167e-03 1.050160570251389647e+00 2.029882598444064712e+01 -3.946209303374944710e+01
-4.303501861657837470e-03 9.830109336470307380e-01 2.153470727252710404e+01 -4.535736009459058948e+01
-3.683975035376857183e-03 9.201183853123482415e-01 2.280709161712309552e+01 -5.202892295367239939e+01
-3.155871157258459056e-03 8.612239097281472189e-01 2.411599087715675438e+01 -5.956809901176623612e+01
-2.705455953011145966e-03 8.060773349996077641e-01 2.546153381446820418e+01 -6.807671246140624532e+01
-2.321096804552114957e-03 7.544430094801199971e-01 2.684386001499792940e+01 -7.766765358149416443e+01
-1.992918156027194410e-03 7.060965800219395350e-01 2.826319867877943892e+01 -8.846663465973097118e+01
-1.712542080649548078e-03 6.608259200990953541e-01 2.971985032657127590e+01 -1.006135495409772176e+02
-1.472850210521130417e-03 6.184301418177259313e-01 3.121420972028713336e+01 -1.142642938232399672e+02
-1.267803403758979231e-03 5.787190225223506346e-01 3.274680935647197799e+01 -1.295931752942908872e+02
-1.092254454034954133e-03 5.415103567618928526e-01 3.431841766961168361e+01 -1.467962762374366150e+02
-9.418395508966762378e-04 5.066336614543475170e-01 3.592992119076812685e+01 -1.660931321375504979e+02
-8.128411827462403601e-04 4.739255232941133600e-01 3.758254126808559192e+01 -1.877325877988789102e+02
-7.020779193893359913e-04 4.432264010805074816e-01 3.927804872149206261e+01 -2.120002200850565259e+02
-6.068663775454010431e-04 4.143906835106253017e-01 4.101830936575034769e+01 -2.392178119014091635e+02
-5.249020744800430606e-04 3.872733495654544500e-01 4.280606171073903710e+01 -2.697612025878178770e+02
-4.542270614766183109e-04 3.617375652418358123e-01 4.464458449056549227e+01 -3.040645672327418083e+02
-3.931722300498396473e-04 3.376515163608738157e-01 4.653800337136511445e+01 -3.426367830218310928e+02
-3.403209681834799155e-04 3.148908882817549881e-01 4.849121210147301753e+01 -3.860737008865522739e+02
-2.944583272447771124e-04 2.933328555570125507e-01 5.051049610695427816e+01 -4.350890178747262098e+02
-2.545605409090787334e-04 2.728643404009304940e-01 5.260300088696133969e+01 -4.905252205753824910e+02
-2.197528925694723590e-04 2.533750861055800718e-01 5.477752720739638903e+01 -5.534009156637006299e+02
-1.893114059611633712e-04 2.347718044749073918e-01 5.704306743625863874e+01 -6.249008169046924195e+02
-1.626097388211966601e-04 2.169595453711581079e-01 5.941101251595920019e+01 -7.064801291258863785e+02
-1.391489574496015524e-04 1.998719914079435112e-01 6.189130933415310665e+01 -7.997815213652280590e+02
-1.185044334726072712e-04 1.834498930338929190e-01 6.449483512859875134e+01 -9.067517985586596296e+02
-1.003317131454139094e-04 1.676545521392847349e-01 6.723116155228362345e+01 -1.029603898087935249e+03
-8.436448938351746873e-05 1.524817478544151228e-01 7.010495580343553002e+01 -1.170672480137944376e+03
-7.038785407444795336e-05 1.379515332795305249e-01 7.311603182701783510e+01 -1.332393449277535865e+03
-5.823048239332004892e-05 1.241122796708010040e-01 7.625648954939981650e+01 -1.517099259263533895e+03
