-1.108676861905567579e+00 8.706879343878950905e+00 -8.440952205063027014e-01 6.126371421374580267e-02
-6.884055122529262327e-01 7.498064040177506051e+00 -1.504923477164094581e-01 -4.188096268238709896e-02
-6.190946323153971864e-01 7.271206851219654155e+00 -2.684324916360882225e-03 -6.684752966350429593e-02
-5.520365370083277767e-01 7.026528584169756009e+00 1.751648785656258200e-01 -1.003476710403381350e-01
-4.890070680785132962e-01 6.769612443486789033e+00 3.837111408638158028e-01 -1.442350042435592561e-01
-4.304592888955199870e-01 6.502786106677413969e+00 6.258938553415709372e-01 -2.012091725809449783e-01
-3.771188903553014948e-01 6.230917049839591826e+00 9.019425266329414992e-01 -2.738626448454699047e-01
-3.290639167761694739e-01 5.957002718587516732e+00 1.212996995745843742e+00 -3.654227037125064581e-01
-2.862719871374788672e-01 5.684348425635338486e+00 1.559221159857369532e+00 -4.793949869322337021e-01
-2.483204737725136502e-01 5.414097967750564067e+00 1.942630367228409094e+00 -6.203842691087312344e-01
-2.149702873668884184e-01 5.149043081001051014e+00 2.362447153135082356e+00 -7.927568812676606402e-01
-1.857561244364516195e-01 4.889977257530603083e+00 2.820128626617879330e+00 -1.002338441448382911e+00
-1.603281349094382024e-01 4.638758634332022623e+00 3.314755444184451783e+00 -1.254770626565540503e+00
-1.382455240013477360e-01 4.395891283623865498e+00 3.847001649681230706e+00 -1.557129699351951668e+00
-1.191198534440732898e-01 4.161994322328994578e+00 4.417038935893015328e+00 -1.917233596872838230e+00
-1.025833710158612355e-01 3.937353318507037070e+00 5.025085105751002423e+00 -2.343830712957482465e+00
-8.831559216533502177e-02 3.722307118161062967e+00 5.670980510549842535e+00 -2.846649607876337029e+00
-7.601692202588195002e-02 3.516865416619604723e+00 6.354816879593126799e+00 -3.436654387870659466e+00
-6.543209808964171870e-02 3.321112677066230923e+00 7.076263991872105308e+00 -4.125829651362177941e+00
-5.631843553178188938e-02 3.134693288974619296e+00 7.836080913228792078e+00 -4.928492195263903142e+00
-4.848383305195738679e-02 2.957632147716152016e+00 8.633499155014252580e+00 -5.859276789102191962e+00
-4.174726363114702327e-02 2.789598182212043476e+00 9.468720461919724940e+00 -6.935289194210088048e+00
-3.595473360264168222e-02 2.630272328304576579e+00 1.034199469614935296e+01 -8.175835869797833055e+00
-3.097584708248546023e-02 2.479403011998302819e+00 1.125298932127949136e+01 -9.601519295676151700e+00
-2.669534827611154404e-02 2.336638810533437915e+00 1.220182042114623400e+01 -1.123587035256251454e+01
-2.301554075080769479e-02 2.201676591207932798e+00 1.318820183301767557e+01 -1.310426959189859808e+01
-1.985082621519418736e-02 2.074134364246493778e+00 1.421246741985738637e+01 -1.523603556201876330e+01
-1.712858271484980419e-02 1.953691108569612256e+00 1.527436251750286367e+01 -1.766239817103600629e+01
-1.478634762324751439e-02 1.840007704285914425e+00 1.637388627483584003e+01 -2.041841734824433985e+01
-1.277048241704530594e-02 1.732755631909938643e+00 1.751096203357418446e+01 -2.354261785707666021e+01
-1.103460814440603878e-02 1.631592611446417651e+00 1.868576309106415678e+01 -2.707826391150044998e+01
-9.539708334621975136e-03 1.536231583053732530e+00 1.989793819940069142e+01 -3.107143138578758368e+01
-8.251542477311293519e-03 1.446347674366443403e+00 2.114769996852887246e+01 -3.557468932380812987e+01
-7.141137352398155454e-03 1.361652578364284993e+00 2.243496679428414353e+01 -4.064494228878300675e+01
-6.183550708110281680e-03 1.281863408299974472e+00 2.375974148200184999e+01 -4.634510870983849884e+01
-5.357395096933587064e-03 1.206709681493007613e+00 2.512203153334347761e+01 -5.274441248527936921e+01
-4.644306133258968051e-03 1.135931867555497687e+00 2.652187441947193136e+01 -5.991908924700746297e+01
-4.028538591538768400e-03 1.069283899935625781e+00 2.795929498280562342e+01 -6.795284416726556742e+01
-3.496561784393429576e-03 1.006530065631537019e+00 2.943436563177655430e+01 -7.693788729330034926e+01
-3.036759585260950366e-03 9.474465289805783508e-01 3.094717590304641419e+01 -8.697558719907640068e+01
-2.639145552408837716e-03 8.918198988792147563e-01 3.249786334663092902e+01 -9.817756521110663925e+01
-2.295129144171491071e-03 8.394462455236181286e-01 3.408664801604534489e+01 -1.106670187495270596e+02
-1.997330842889308549e-03 7.901328521204055155e-01 3.571378353916140469e+01 -1.245795487009084894e+02
-1.739402070553048565e-03 7.436967061777995935e-01 3.737959606375935095e+01 -1.400647539992818622e+02
-1.515877496147857934e-03 6.999637094217626698e-01 3.908451461979045405e+01 -1.572880494588349336e+02
-1.322041303594829109e-03 6.587665193314918843e-01 4.082916532968791756e+01 -1.764334811746739717e+02
-1.153836583535586269e-03 6.199470896421799271e-01 4.261428243215821965e+01 -1.977049792183454144e+02
-1.007768479785714445e-03 5.833546885334223164e-01 4.444081822619263278e+01 -2.213302360873965142e+02
-8.808133805972037482e-04 5.488437840849964555e-01 4.631004740317676038e+01 -2.475650398783885180e+02
-7.703678005500110395e-04 5.162761039098122673e-01 4.822352289574563144e+01 -2.766967582066020555e+02
-6.741872569444645399e-04 4.855199875525553210e-01 5.018313554974240986e+01 -3.090497198253513034e+02
-5.903294088387964818e-04 4.564481015867292713e-01 5.219128642737473456e+01 -3.449934499489355062e+02
-5.171125973473494463e-04 4.289359599074243357e-01 5.425110335460731648e+01 -3.849543190809368980e+02
-4.530985830798216533e-04 4.028697632172212328e-01 5.636591603184059807e+01 -4.294141129127222030e+02
-3.970250432683690997e-04 3.781308466169005511e-01 5.854057359855705300e+01 -4.789478623927755052e+02
-3.478214167230359098e-04 3.546146761745607168e-01 6.077997494161383685e+01 -5.342062489568111232e+02
-3.045628296605131717e-04 3.322195344103199832e-01 6.309007539007552623e+01 -5.959522390442946289e+02
-2.664383355636717652e-04 3.108412552709607368e-01 6.547865873399403824e+01 -6.651050232042077823e+02
-2.327730761793921153e-04 2.903942786079952154e-01 6.795314247205848801e+01 -7.427018631611207411e+02
-2.029741388549595113e-04 2.707901121416909640e-01 7.052302404898738075e+01 -8.299958565304355034e+02
-1.765536889004769760e-04 2.519608167569411528e-01 7.319699370676457306e+01 -9.283944656957190773e+02
