1.000000000000000000e+00
9.945698067416346433e-01
9.891630902805897962e-01
9.837805894651775462e-01
9.784228784695366832e-01
9.730905149981124991e-01
9.677840301781789334e-01
9.625039283012308822e-01
9.572506877922626334e-01
9.520247616933927848e-01
9.468265781217396482e-01
9.416565408842125784e-01
9.365150300222317981e-01
9.314024023021763021e-01
9.263189918042588067e-01
9.212651105033160537e-01
9.162410488117759266e-01
9.112470761053051982e-01
9.062834413151643620e-01
9.013503734958400182e-01
8.964480823782399188e-01
8.915767589103779089e-01
8.867365758044579716e-01
8.819276881037839688e-01
8.771502337262738758e-01
8.724043340015337211e-01
8.676900942028094033e-01
8.630076040703771323e-01
8.583569383293934152e-01
8.537381572108135863e-01
8.491513069578549011e-01
8.445964203236303591e-01
8.400735170607961377e-01
8.355826044028572541e-01
8.311236775368400220e-01
8.266967200670396476e-01
8.223017044696245836e-01
8.179385925378912514e-01
8.136073358179899406e-01
8.093078760349474710e-01
8.050401455090206992e-01
8.008040675622450921e-01
7.965995569148953681e-01
7.924265200720196356e-01
7.882848557000561307e-01
7.841744549935284470e-01
7.800952020318552282e-01
7.760469741263053001e-01
7.720296421571660739e-01
7.680430709011619728e-01
7.640871193491004520e-01
7.601616410141176505e-01
7.562664842305188984e-01
7.524014924432984586e-01
7.485665044885002617e-01
7.447613548645501957e-01
7.409858739947053907e-01
7.372398884807724873e-01
7.335232213482416608e-01
7.298356922829989379e-01
7.261771178597687948e-01
7.225473117624486852e-01
7.189460849962380218e-01
7.153732460902013646e-01
7.118286012953861652e-01
7.083119547757316115e-01
7.048231087906363657e-01
7.013618638704394170e-01
6.979280189849703664e-01
6.945213717053180247e-01
6.911417183572596823e-01
6.877888541692986912e-01
6.844625734189030419e-01
6.811626695697253764e-01
6.778889354025195990e-01
6.746411631402192688e-01
6.714191445660118163e-01
6.682226711381633599e-01
6.650515341026858041e-01
6.619055245976952495e-01
6.587844337524034755e-01
6.556880527811930204e-01
6.526161730752922940e-01
6.495685862908172625e-01
6.465450844298875621e-01
6.435454599171899215e-01
6.405695056759082018e-01
6.376170152006559455e-01
6.346877826216058560e-01
6.317816027653119226e-01
6.288982712168464939e-01
6.260375843831751386e-01
6.231993395397994462e-01
6.203833348770962930e-01
6.175893695529243166e-01
6.148172437475987184e-01
6.120667586928520976e-01
6.093377167060141097e-01
6.066299212417238795e-01
6.039431769310860121e-01
6.012772895944067386e-01
5.986320662715477470e-01
5.960073152787711548e-01
5.934028462142685312e-01
5.908184699663243666e-01
5.882539987625500233e-01
5.857092461968710362e-01
5.831840272122355007e-01
5.806781581327091768e-01
5.781914567144430528e-01
5.757237421113418074e-01
5.732748348888399015e-01
5.708445570900498867e-01
5.684327321939101063e-01
5.660391851126798102e-01
5.636637422672596820e-01
5.613062315392199908e-01
5.589664822577741221e-01
5.566443252830811650e-01
5.543395929448583503e-01
5.520521190305381909e-01
5.497817388737258337e-01
5.475282892695683135e-01
5.452916084832378774e-01
5.430715363290887776e-01
5.408679140614471859e-01
5.386805844263421461e-01
5.365093916991858780e-01
5.343541815711911891e-01
5.322148012557053054e-01
5.300910994441961899e-01
5.279829262381929844e-01
5.258901332790842931e-01
5.238125736113745656e-01
5.217501017273582509e-01
5.197025736165723497e-01
5.176698466211691052e-01
5.156517795850987795e-01
5.136482327414951810e-01
5.116590677063534987e-01
5.096841475746194394e-01
5.077233367411385645e-01
5.057765010648063164e-01
5.038435077451607347e-01
5.019242253255025155e-01
5.000185237779348757e-01
4.981262743192685361e-01
4.962473496057400180e-01
4.943816235448402763e-01
4.925289713870640851e-01
4.906892697135928350e-01
4.888623963260267380e-01
4.870482304167751408e-01
4.852466523333316961e-01
4.834575437914255813e-01
4.816807876819810263e-01
4.799162681686441334e-01
4.781638706572454156e-01
4.764234817129542332e-01
4.746949892022231943e-01
4.729782820661607712e-01
4.712732505611471057e-01
4.695797859888434789e-01
4.678977809222812367e-01
4.662271290002490409e-01
4.645677250523642665e-01
4.629194650175216807e-01
4.612822459344328996e-01
4.596559659951229282e-01
4.580405244078712412e-01
4.564358215651997952e-01
4.548417588097433684e-01
4.532582386795905860e-01
4.516851646180512492e-01
4.501224412541964259e-01
4.485699740974936067e-01
4.470276698161976259e-01
4.454954359482306558e-01
4.439731811536747896e-01
4.424608149581065741e-01
4.409582479696134150e-01
4.394653916587208387e-01
4.379821585401275641e-01
4.365084619856917647e-01
4.350442163770086856e-01
4.335893369434100086e-01
4.321437398948740904e-01
4.307073422745359981e-01
4.292800620831494496e-01
4.278618181344534532e-01
4.264525301830855986e-01
4.250521187708681259e-01
4.236605053699757373e-01
4.222776122086886463e-01
4.209033624407016450e-01
4.195376799403212620e-01
4.181804895067244288e-01
4.168317166214601244e-01
4.154912876925985210e-01
4.141591297724527831e-01
4.128351708400650466e-01
4.115193394852827979e-01
4.102115652178253136e-01
4.089117781361993886e-01
4.076199092376035504e-01
4.063358901040100557e-01
4.050596531755135676e-01
4.037911314940275664e-01
4.025302588987277330e-01
4.012769698676594277e-01
4.000311995980036506e-01
3.987928839776069267e-01
3.975619595258197414e-01
3.963383635086376033e-01
3.951220337400625504e-01
3.939129088238815801e-01
3.927109278532147085e-01
3.915160307179217924e-01
3.903281577869808228e-01
3.891472501780562365e-01
3.879732495322852914e-01
3.868060981448667723e-01
3.856457389145662717e-01
3.844921152795184316e-01
3.833451713642915815e-01
3.822048517370184029e-01
3.810711016937486373e-01
3.799438669445692196e-01
3.788230938863521580e-01
3.777087293849296090e-01
3.766007208801208650e-01
3.754990163846898543e-01
3.744035643550040482e-01
3.733143139076010031e-01
3.722312145285001095e-01
3.711542163618685164e-01
3.700832699559832295e-01
3.690183264085205028e-01
3.679593373356146446e-01
3.669062547589387879e-01
3.658590313184134080e-01
3.648176199858438884e-01
3.637819743374407500e-01
3.627520483394078843e-01
3.617277964295400605e-01
3.607091735676226651e-01
3.596961350448851791e-01
3.586886367467185810e-01
3.576866348730519118e-01
3.566900861340584483e-01
3.556989476737340006e-01
3.547131769851484262e-01
3.537327321135161351e-01
3.527575713826039960e-01
3.517876536324253678e-01
3.508229380766127448e-01
3.498633842827316154e-01
3.489089523303819385e-01
3.479596025562098349e-01
3.470152957976829766e-01
3.460759932333287714e-01
3.451416563792711889e-01
3.442122472380804710e-01
3.432877280509921691e-01
3.423680615302041041e-01
3.414532107207346456e-01
3.405431389684891452e-01
3.396378100941117029e-01
3.387371881429735998e-01
3.378412375855532335e-01
3.369499232399345012e-01
3.360632101745852363e-01
3.351810639236625367e-01
3.343034502473263836e-01
3.334303352632954076e-01
3.325616854701556879e-01
3.316974675704098541e-01
3.308376487009940803e-01
3.299821962575762435e-01
3.291310779054891222e-01
3.282842617253837747e-01
3.274417159849414283e-01
3.266034093109517755e-01
3.257693106542017825e-01
3.249393891554084868e-01
3.241136143631083155e-01
3.232919560515056800e-01
3.224743842422634343e-01
3.216608693427048249e-01
3.208513819291039515e-01
3.200458928954363347e-01
3.192443734510414521e-01
3.184467949664736564e-01
3.176531291771624299e-01
3.168633480546469428e-01
3.160774237598490410e-01
3.152953288254674580e-01
3.145170359586898501e-01
3.137425181039387723e-01
3.129717485444728498e-01
3.122047007066749424e-01
3.114413482998535931e-01
3.106816653205475287e-01
3.099256259008695280e-01
3.091732044882049002e-01
3.084243757633523542e-01
3.076791145511673098e-01
3.069373960064448736e-01
3.061991954708599972e-01
3.054644884482850542e-01
3.047332507695482695e-01
3.040054584176781205e-01
3.032810875596849143e-01
3.025601146731588531e-01
3.018425163653906118e-01
3.011282694473660926e-01
3.004173510183569817e-01
2.997097382934791332e-01
2.990054087067025024e-01
2.983043399572277710e-01
2.976065098517016727e-01
2.969118964255240134e-01
2.962204779584359238e-01
2.955322328323238823e-01
2.948471396626716756e-01
2.941651772920442776e-01
2.934863246613013676e-01
2.928105609452795743e-01
2.921378655328362162e-01
2.914682179076890089e-01
2.908015977840629485e-01
2.901379850814251316e-01
2.894773598105722656e-01
2.888197022059195151e-01
2.881649927024683144e-01
2.875132118228490574e-01
2.868643403031728156e-01
2.862183590793193622e-01
2.855752491712066909e-01
2.849349917988137082e-01
2.842975683844791157e-01
2.836629604316683317e-01
2.830311496271181726e-01
2.824021178652335040e-01
2.817758471201050607e-01
2.811523195290431820e-01
2.805315174438849923e-01
2.799134232971310920e-01
2.792980196618286004e-01
2.786852893320087565e-01
2.780752151868242095e-01
2.774677802222457190e-01
2.768629676581860766e-01
2.762607608087456756e-01
2.756611430829687404e-01
2.750640981086900916e-01
2.744696096232255300e-01
2.738776614415517341e-01
2.732882375806187647e-01
2.727013221890021710e-01
2.721168994815241771e-01
2.715349538469889468e-01
2.709554698319645571e-01
2.703784320451327883e-01
2.698038252333271325e-01
2.692316343255226618e-01
2.686618443172771320e-01
2.680944403053095448e-01
2.675294075819115713e-01
2.669667315204066194e-01
2.664063975670226680e-01
2.658483913539756438e-01
2.652926986220690009e-01
2.647393051694319488e-01
2.641881969470305513e-01
2.636393600502147105e-01
2.630927806286661452e-01
2.625484449404095755e-01
2.620063394167464477e-01
2.614664505537935280e-01
2.609287649183230084e-01
2.603932692514576708e-01
2.598599503868053717e-01
2.593287952096715587e-01
2.587997907448304491e-01
2.582729241510601792e-01
2.577481826364706463e-01
2.572255534993322379e-01
2.567050242020544881e-01
2.561865822711492102e-01
2.556702152888846724e-01
2.551559109892831967e-01
2.546436572083239369e-01
2.541334418261936290e-01
2.536252528261965788e-01
2.531190783367190944e-01
2.526149065377542580e-01
2.521127256676188866e-01
2.516125241150529712e-01
2.511142903526013548e-01
2.506180128943519270e-01
2.501236803589597657e-01
2.496312814969228189e-01
2.491408051047624139e-01
2.486522400348134543e-01
2.481655752824474259e-01
2.476807999204321264e-01
2.471979030601155758e-01
2.467168739082536977e-01
2.462377017989256511e-01
2.457603761104870388e-01
2.452848862695914400e-01
2.448112218343604374e-01
2.443393724438360504e-01
2.438693277727093378e-01
2.434010775729106013e-01
2.429346117251601211e-01
2.424699201570631457e-01
2.420069928353499045e-01
2.415458198386635225e-01
2.410863913395513980e-01
2.406286975451013277e-01
2.401727287166802172e-01
2.397184752425696175e-01
2.392659275690105503e-01
2.388150761747858952e-01
2.383659116198141026e-01
2.379184245758738658e-01
2.374726057530486267e-01
2.370284458979135811e-01
2.365859358627065145e-01
2.361450665824465223e-01
2.357058290230713837e-01
2.352682141977988362e-01
2.348322132361176096e-01
2.343978173232764139e-01
2.339650176735135201e-01
2.335338055657721901e-01
2.331041723880076244e-01
2.326761095671200930e-01
2.322496085596331694e-01
2.318246609047660833e-01
2.314012582331631263e-01
2.309793922061149085e-01
2.305590545175607020e-01
2.301402369572462248e-01
2.297229313869141587e-01
2.293071296952304550e-01
2.288928238088358547e-01
2.284800057563915465e-01
2.280686676218522946e-01
2.276588015144763166e-01
2.272503995884253281e-01
2.268434540994699045e-01
2.264379573465114537e-01
2.260339016528973843e-01
2.256312793941715189e-01
2.252300830424122935e-01
2.248303051050203338e-01
2.244319381132713898e-01
2.240349746567033562e-01
2.236394074146309252e-01
2.232452290967838204e-01
2.228524324363577169e-01
2.224610102288898661e-01
2.220709553531717007e-01
2.216822607152931779e-01
2.212949192444086111e-01
2.209089239339620536e-01
2.205242678553368252e-01
2.201409441052073757e-01
2.197589458027753295e-01
2.193782661314676585e-01
2.189988983489486729e-01
2.186208357368886745e-01
2.182440715987375990e-01
2.178685993002660304e-01
2.174944122794726653e-01
2.171215039976140126e-01
2.167498679367897141e-01
2.163794976378030366e-01
2.160103867132437405e-01
2.156425287987193129e-01
2.152759175496551658e-01
2.149105466749455795e-01
2.145464099560871196e-01
2.141835011979698888e-01
2.138218142243324127e-01
2.134613429056866907e-01
2.131020811866486397e-01
2.127440230364841256e-01
2.123871624425114624e-01
2.120314934310670307e-01
2.116770101037883378e-01
2.113237065895672007e-01
2.109715770347278807e-01
2.106206156166856025e-01
2.102708165874184465e-01
2.099221742308442773e-01
2.095746828477458579e-01
2.092283367632069291e-01
2.088831303721960519e-01
2.085390581091103035e-01
2.081961144247565509e-01
2.078542937892969011e-01
2.075135907335100560e-01
2.071739998373403613e-01
2.068355156973231690e-01
2.064981329264447552e-01
2.061618461852283146e-01
2.058266501933330161e-01
2.054925396888625522e-01
2.051595094251596474e-01
2.048275541886943329e-01
2.044966688314826808e-01
2.041668482291658648e-01
2.038380872721130832e-01
2.035103808724894880e-01
2.031837240051991567e-01
2.028581116794522243e-01
2.025335389187777613e-01
2.022100007624973439e-01
2.018874922995202714e-01
2.015660086675036267e-01
2.012455450193696982e-01
2.009260965218298001e-01
2.006076583734778263e-01
2.002902258324496254e-01
1.999737941774101524e-01
1.996583587003294691e-01
1.993439147118052091e-01
1.990304575787908148e-01
1.987179827020218725e-01
1.984064854952495294e-01
1.980959613855894086e-01
1.977864058392706792e-01
1.974778143729998270e-01
1.971701825188944268e-01
1.968635058214958655e-01
1.965577798462226078e-01
1.962530002142655605e-01
1.959491625727927400e-01
1.956462625810090339e-01
1.953442959110367194e-01
1.950432582753535982e-01
1.947431454311389087e-01
1.944439531490650963e-01
1.941456772114104612e-01
1.938483134205956915e-01
1.935518576318938644e-01
1.932563057243448790e-01
1.929616535882315853e-01
1.926678971256832185e-01
1.923750322751865971e-01
1.920830550189614738e-01
1.917919613523032252e-01
1.915017472813528021e-01
1.912124088287126544e-01
1.909239420656032304e-01
1.906363430893833200e-01
1.903496080079659925e-01
1.900637329398460751e-01
1.897787140313187404e-01
1.894945474746916880e-01
1.892112294768470704e-01
1.889287562548066512e-01
1.886471240376706715e-01
1.883663290946515634e-01
1.880863677282654245e-01
1.878072362514688898e-01
1.875289309870060706e-01
1.872514482746806264e-01
1.869747845000830633e-01
1.866989360694759070e-01
1.864238993986082060e-01
1.861496709127857807e-01
1.858762470627968455e-01
1.856036243416356313e-01
1.853317992555183757e-01
1.850607683198164100e-01
1.847905280600940503e-01
1.845210750357342000e-01
1.842524058398736231e-01
1.839845170756054527e-01
1.837174053548631669e-01
1.834510673017057947e-01
1.831854995794036933e-01
1.829206988762341890e-01
1.826566618891999894e-01
1.823933853238403624e-01
1.821308659008876729e-01
1.818691003819619123e-01
1.816080855468325539e-01
1.813478181835451175e-01
1.810882950883985487e-01
1.808295130765508463e-01
1.805714690025814750e-01
1.803141597348182079e-01
1.800575821495803974e-01
1.798017331312546929e-01
1.795466095864067801e-01
