1.000000000000000000e+00
9.946724673731167643e-01
9.893663580978095951e-01
9.840824224992973379e-01
9.788212460884808674e-01
9.735833992831240957e-01
9.683694271319108759e-01
9.631798489897041016e-01
9.580151594221562039e-01
9.528758286269436439e-01
9.477623028319739351e-01
9.426750048461517428e-01
9.376143345447427446e-01
9.325806693035572081e-01
9.275743645290854822e-01
9.225957541831105724e-01
9.176451512722835213e-01
9.127228483219945732e-01
9.078291179164592606e-01
9.029642132169182211e-01
8.981283684672282108e-01
8.933217994889238733e-01
8.885447041835263793e-01
8.837972630563396548e-01
8.790796397189678535e-01
8.743919813870262292e-01
8.697344193743788976e-01
8.651070695805959110e-01
8.605100329741766085e-01
8.559433960805794550e-01
8.514072314575635847e-01
8.469015981632238566e-01
8.424265422175867268e-01
8.379820970573865768e-01
8.335682839836913161e-01
8.291851126020685081e-01
8.248325812550176828e-01
8.205106774464386854e-01
8.162193782579150181e-01
8.119586507565996758e-01
8.077284523946697270e-01
8.035287314002211856e-01
7.993594271592507905e-01
7.952204705888379355e-01
7.911117845014965511e-01
7.870332839606596353e-01
7.829848766272768934e-01
7.789664630975289272e-01
7.749779372316716319e-01
7.710191864740042478e-01
7.670900921639083325e-01
7.631905298383048208e-01
7.593203695254446828e-01
7.554794760301112300e-01
7.516677092103483115e-01
7.478849242458126545e-01
7.441309718978600385e-01
7.404056987614803242e-01
7.367089475092016837e-01
7.330405571270892651e-01
7.294003631429609724e-01
7.257881978469611362e-01
7.222038905042664769e-01
7.186472675584185676e-01
7.151181528310710522e-01
7.116163677146857269e-01
7.081417313571987115e-01
7.046940608399019368e-01
7.012731713486787255e-01
6.978788763387048233e-01
6.945109876905056767e-01
6.911693158611573740e-01
6.878536700345967425e-01
6.845638582626332180e-01
6.812996875998037494e-01
6.780609642325263753e-01
6.748474936004880131e-01
6.716590805153438426e-01
6.684955292787658765e-01
6.653566437914115728e-01
6.622422276565430588e-01
6.591520842778906264e-01
6.560860169547213516e-01
6.530438289762170445e-01
6.500253237077063817e-01
6.470303046720132789e-01
6.440585756282040109e-01
6.411099406491805874e-01
6.381842041925650522e-01
6.352811711665273808e-01
6.324006469952365705e-01
6.295424376849910741e-01
6.267063498785350184e-01
6.238921909067094429e-01
6.210997688440198505e-01
6.183288925657561830e-01
6.155793717851743008e-01
6.128510170929047929e-01
6.101436400100798130e-01
6.074570530308976979e-01
6.047910696437600597e-01
6.021455043657067963e-01
5.995201727985637330e-01
5.969148916418878237e-01
5.943294787078990948e-01
5.917637529711251565e-01
5.892175345975506628e-01
5.866906449367170762e-01
5.841829065562930134e-01
5.816941432913502741e-01
5.792241802198735412e-01
5.767728436809326231e-01
5.743399613375186341e-01
5.719253621433748602e-01
5.695288763464635418e-01
5.671503355602791618e-01
5.647895727234492069e-01
5.624464220935878611e-01
5.601207193258164185e-01
5.578123014189697582e-01
5.555210067105191829e-01
5.532466749592485078e-01
5.509891472696373249e-01
5.487482661055044231e-01
5.465238753629532154e-01
5.443158202724120986e-01
5.421239474519294888e-01
5.399481049404722954e-01
5.377881420968895210e-01
5.356439097027237972e-01
5.335152599189910694e-01
5.314020462290357516e-01
5.293041235601212424e-01
5.272213481554745007e-01
5.251535776228285490e-01
5.231006709771395258e-01
5.210624885094784497e-01
5.190388919301399673e-01
5.170297442593794202e-01
5.150349098294226824e-01
5.130542543709725178e-01
5.110876448478708367e-01
5.091349496157914212e-01
5.071960383009594953e-01
5.052707818118312710e-01
5.033590524140764133e-01
5.014607235610244462e-01
4.995756700800809691e-01
4.977037679904510736e-01
4.958448945989215040e-01
4.939989284804875980e-01
4.921657493822019780e-01
4.903452383810897874e-01
4.885372776618297497e-01
4.867417507238497865e-01
4.849585421913054639e-01
4.831875379159931705e-01
4.814286249390221650e-01
4.796816914218690608e-01
4.779466267750056008e-01
4.762233214468301057e-01
4.745116671531138808e-01
4.728115566168335504e-01
4.711228837911796141e-01
4.694455436545210691e-01
4.677794323412499677e-01
4.661244470528158601e-01
4.644804860606350227e-01
4.628474487469633747e-01
4.612252354837206303e-01
4.596137477858640019e-01
4.580128880934514757e-01
4.564225600034604868e-01
4.548426679932006111e-01
4.532731176909374216e-01
4.517138155796721621e-01
4.501646692704386887e-01
4.486255872174225723e-01
4.470964789698694264e-01
4.455772549155064266e-01
4.440678265006006153e-01
4.425681060067208628e-01
4.410780067382564229e-01
4.395974428298414227e-01
4.381263294066543579e-01
4.366645824152138311e-01
4.352121187652456258e-01
4.337688561740098980e-01
4.323347133003391796e-01
4.309096095914222158e-01
4.294934654203622082e-01
4.280862019240245231e-01
4.266877411553768318e-01
4.252980059015025738e-01
4.239169198610325817e-01
4.225444074329180455e-01
4.211803939271084873e-01
4.198248053176451000e-01
4.184775684907732218e-01
4.171386109610936144e-01
4.158078611546645598e-01
4.144852480953064022e-01
4.131707017099604529e-01
4.118641525044989815e-01
4.105655318650460184e-01
4.092747717555895726e-01
4.079918049786441236e-01
4.067165649337544653e-01
4.054489857978534895e-01
4.041890023830200795e-01
4.029365502013963485e-01
4.016915654518989354e-01
4.004539849479141767e-01
3.992237462440562101e-01
3.980007874292887382e-01
3.967850473739913952e-01
3.955764654289692372e-01
3.943749817293234483e-01
3.931805368852617777e-01
3.919930722400944423e-01
3.908125296595454934e-01
3.896388516472142349e-01
3.884719813093608365e-01
3.873118622775562070e-01
3.861584388663142908e-01
3.850116558244148779e-01
3.838714586201686374e-01
3.827377931326881866e-01
3.816106059147392759e-01
3.804898439887126615e-01
3.793754549368666407e-01
3.782673869146821466e-01
3.771655885102731531e-01
3.760700089679104852e-01
3.749805978968742681e-01
3.738973055542845758e-01
3.728200826024851700e-01
3.717488802403579595e-01
3.706836501868419065e-01
3.696243445564078023e-01
3.685709160787232763e-01
3.675233178123473166e-01
3.664815034103739988e-01
3.654454269183148307e-01
3.644150428416711995e-01
3.633903062092884717e-01
3.623711723747004565e-01
3.613575972803647618e-01
3.603495371839295913e-01
3.593469488426093705e-01
3.583497894506484371e-01
3.573580165426784028e-01
3.563715882037132854e-01
3.553904627962679585e-01
3.544145991899743109e-01
3.534439566318417492e-01
3.524784947137251101e-01
3.515181735394963258e-01
3.505629534684076010e-01
3.496127953524822418e-01
3.486676603888004267e-01
3.477275101033258653e-01
3.467923065089509316e-01
3.458620118560160051e-01
3.449365888580689932e-01
3.440160005657587061e-01
3.431002103228495415e-01
3.421891819477229091e-01
3.412828794836393898e-01
3.403812673909440423e-01
3.394843104819249002e-01
3.385919738133398860e-01
3.377042229055738920e-01
3.368210235072641723e-01
3.359423417164129066e-01
3.350681440153814306e-01
3.341983970876147847e-01
3.333330680458680417e-01
3.324721242659775533e-01
3.316155333862990662e-01
3.307632634615221834e-01
3.299152827340700034e-01
3.290715597982935003e-01
3.282320635768906647e-01
3.273967631790795640e-01
3.265656281180829845e-01
3.257386281370101000e-01
3.249157332197866177e-01
3.240969137372797237e-01
3.232821402304709713e-01
3.224713835512477145e-01
3.216646148710039510e-01
3.208618055203892871e-01
3.200629271901883066e-01
3.192679518120398185e-01
3.184768515021428881e-01
3.176895987474794292e-01
3.169061662127339862e-01
3.161265267935506884e-01
3.153506537267477539e-01
3.145785203932197627e-01
3.138101004506740899e-01
3.130453678481958102e-01
3.122842966693804567e-01
3.115268613081842997e-01
3.107730363967266540e-01
3.100227967083664105e-01
3.092761173434125932e-01
3.085329735934956297e-01
3.077933409081512472e-01
3.070571950632220992e-01
3.063245119901792934e-01
3.055952677993195588e-01
3.048694389128674964e-01
3.041470018850268575e-01
3.034279334682707385e-01
3.027122107060275513e-01
3.019998107589176861e-01
3.012907110010420997e-01
3.005848890752278457e-01
2.998823227323747509e-01
2.991829899469878873e-01
2.984868689418889165e-01
2.977939380421473770e-01
2.971041758015691148e-01
2.964175610052638965e-01
2.957340725364013267e-01
2.950536895075311916e-01
2.943763912495502844e-01
2.937021571878150605e-01
2.930309669737815592e-01
2.923628004684907244e-01
2.916976376239037716e-01
2.910354586112871567e-01
2.903762438067915008e-01
2.897199736739196063e-01
2.890666288853501742e-01
2.884161903177215880e-01
2.877686389316924664e-01
2.871239558836334860e-01
2.864821225362699231e-01
2.858431203338063220e-01
2.852069308993326335e-01
2.845735360672644876e-01
2.839429177525221726e-01
2.833150580289153786e-01
2.826899391878789358e-01
2.820675436028837746e-01
2.814478537838669969e-01
2.808308524639711590e-01
2.802165224634592389e-01
2.796048467159038542e-01
2.789958083797228761e-01
2.783893907102322762e-01
2.777855770551388992e-01
2.771843509800663852e-01
2.765856961636751765e-01
2.759895963606961988e-01
2.753960355254049808e-01
2.748049977477472483e-01
2.742164671832997280e-01
2.736304281581553588e-01
2.730468651600894692e-01
2.724657627393743398e-01
2.718871055806544867e-01
2.713108785536875733e-01
2.707370665962157696e-01
2.701656547439947875e-01
2.695966282293327798e-01
2.690299723681117694e-01
2.684656725473670291e-01
2.679037143384545572e-01
2.673440834250279674e-01
2.667867655475096855e-01
2.662317465959280760e-01
2.656790126083716230e-01
2.651285496778750805e-01
2.645803440024738773e-01
2.640343819555801552e-01
2.634906499772464161e-01
2.629491345762823284e-01
2.624098224348144215e-01
2.618727003308389811e-01
2.613377550935129245e-01
2.608049736884176517e-01
2.602743432186498396e-01
2.597458508373294839e-01
2.592194837847986988e-01
2.586952294669661034e-01
2.581730753559465241e-01
2.576530089784224153e-01
2.571350180108379346e-01
2.566190902351445646e-01
2.561052134775979039e-01
2.555933756644749311e-01
2.550835648696420099e-01
2.545757692199566713e-01
2.540699768990484775e-01
2.535661762398195296e-01
2.530643556622219070e-01
2.525645036276253363e-01
2.520666086989984400e-01
2.515706595739148899e-01
2.510766449970978087e-01
2.505845537675317480e-01
2.500943748262760002e-01
2.496060971948860785e-01
2.491197099334189202e-01
2.486352021944870372e-01
2.481525632605680598e-01
2.476717824596117445e-01
2.471928491666653960e-01
2.467157528868061667e-01
2.462404832092053852e-01
2.457670297588315234e-01
2.452953822352682278e-01
2.448255304686506317e-01
2.443574643376092148e-01
2.438911737592674711e-01
2.434266487604523632e-01
2.429638794650275380e-01
2.425028560318809312e-01
2.420435686723798330e-01
2.415860077247786175e-01
2.411301635877967919e-01
2.406760266926094571e-01
2.402235875489575900e-01
2.397728367807325789e-01
2.393237650512838322e-01
2.388763630597695031e-01
2.384306216090771313e-01
2.379865315878786358e-01
2.375440839161633566e-01
2.371032695596477224e-01
2.366640796000320235e-01
2.362265051772919344e-01
2.357905374604360171e-01
2.353561676808597070e-01
2.349233871805833651e-01
2.344921873420349745e-01
2.340625595770107759e-01
2.336344953777128308e-01
2.332079863303447576e-01
2.327830240525083916e-01
2.323596001937751898e-01
2.319377064978321024e-01
2.315173347831720463e-01
2.310984768955537949e-01
2.306811247175392376e-01
2.302652702329544832e-01
2.298509054834788901e-01
2.294380225362404879e-01
2.290266135016009730e-01
2.286166705918518671e-01
2.282081860644468441e-01
2.278011522013456414e-01
2.273955613346964888e-01
2.269914058943912072e-01
2.265886783471512678e-01
2.261873711835619694e-01
2.257874769503575851e-01
2.253889882857871008e-01
2.249918978596635866e-01
2.245961983651772187e-01
2.242018825557648420e-01
2.238089432701424464e-01
2.234173733752398971e-01
2.230271657609008418e-01
2.226383133792280145e-01
2.222508092624209119e-01
2.218646464687425435e-01
2.214798180788022652e-01
2.210963172354662998e-01
2.207141371580270683e-01
2.203332710904841729e-01
2.199537122984424053e-01
2.195754541078965838e-01
2.191984899192162550e-01
2.188228131567205859e-01
2.184484172654361511e-01
2.180752957471792097e-01
2.177034421775867756e-01
2.173328501560536918e-01
2.169635133017205342e-01
2.165954252853016793e-01
2.162285798519449354e-01
2.158629707710431056e-01
2.154985918308380266e-01
2.151354368645172765e-01
2.147734997808645740e-01
2.144127745143552255e-01
2.140532550175761051e-01
2.136949352804854430e-01
2.133378093692981647e-01
2.129818713788119988e-01
2.126271154213347780e-01
2.122735356389934824e-01
2.119211262486219438e-01
2.115698815007294176e-01
2.112197956627678286e-01
2.108708630256659611e-01
2.105230779495306515e-01
2.101764348359674295e-01
2.098309281031278950e-01
2.094865521880975856e-01
2.091433015872208590e-01
2.088011708481369022e-01
2.084601545353918783e-01
2.081202472298721573e-01
2.077814435583336117e-01
2.074437382084385328e-01
2.071071258869562892e-01
2.067716013159525690e-01
2.064371592491463792e-01
2.061037945066293842e-01
2.057715019333536954e-01
2.054402763890696981e-01
2.051101127545313929e-01
2.047810059726411502e-01
2.044529510225052971e-01
2.041259428976675561e-01
2.037999766072196850e-01
2.034750472083926010e-01
2.031511498090573797e-01
2.028282795327737142e-01
2.025064315169322060e-01
2.021856009293624412e-01
2.018657829983736274e-01
2.015469729738808280e-01
2.012291661191690229e-01
2.009123577155075002e-01
2.005965430997721788e-01
2.002817176444731118e-01
1.999678767352773556e-01
1.996550157711338702e-01
1.993431301886178508e-01
1.990322154763201068e-01
1.987222671388644002e-01
1.984132806933603388e-01
1.981052516768979643e-01
1.977981756821614867e-01
1.974920483293923779e-01
1.971868652509421171e-01
1.968826220919261683e-01
1.965793145364330696e-01
1.962769383148866564e-01
1.959754891716740666e-01
1.956749628628478288e-01
1.953753551637009978e-01
1.950766619022893111e-01
1.947788789319173930e-01
1.944820021171981272e-01
1.941860273344829801e-01
1.938909504951223106e-01
1.935967675556972689e-01
1.933034744863800503e-01
1.930110672682443240e-01
1.927195418981581809e-01
1.924288944211227370e-01
1.921391209098688158e-01
1.918502174477769162e-01
1.915621801288157899e-01
1.912750050734568774e-01
1.909886884492232040e-01
1.907032264389892651e-01
1.904186152358227635e-01
1.901348510445685924e-01
1.898519301091275979e-01
1.895698487083218309e-01
1.892886031316676487e-01
1.890081896785207605e-01
1.887286046644947868e-01
1.884498444508766746e-01
1.881719054209834430e-01
1.878947839676780029e-01
1.876184764933841453e-01
1.873429794247851998e-01
1.870682892317519497e-01
1.867944023981071011e-01
1.865213154168782472e-01
1.862490247911031127e-01
1.859775270565085792e-01
1.857068187840334450e-01
1.854368965549091086e-01
1.851677569592550809e-01
1.848993965988650068e-01
1.846318121140490542e-01
1.843650001716104492e-01
1.840989574472094437e-01
1.838336806250894240e-01
1.835691664039367232e-01
1.833054115232388148e-01
1.830424127418770475e-01
1.827801668270619961e-01
1.825186705542961307e-01
1.822579207169288951e-01
1.819979141482579721e-01
1.817386476962274400e-01
1.814801182168177263e-01
1.812223225740761667e-01
1.809652576531174673e-01
