1.000000000000000000e+00
9.946724673731168753e-01
9.893663580978094840e-01
9.840824224992974489e-01
9.788212460884812005e-01
9.735833992831240957e-01
9.683694271319108759e-01
9.631798489897042126e-01
9.580151594221563149e-01
9.528758286269436439e-01
9.477623028319739351e-01
9.426750048461517428e-01
9.376143345447425226e-01
9.325806693035574302e-01
9.275743645290853712e-01
9.225957541831105724e-01
9.176451512722835213e-01
9.127228483219945732e-01
9.078291179164594826e-01
9.029642132169183322e-01
8.981283684672283218e-01
8.933217994889242064e-01
8.885447041835264903e-01
8.837972630563397658e-01
8.790796397189679645e-01
8.743919813870262292e-01
8.697344193743791196e-01
8.651070695805961330e-01
8.605100329741766085e-01
8.559433960805795660e-01
8.514072314575636957e-01
8.469015981632243006e-01
8.424265422175867268e-01
8.379820970573866878e-01
8.335682839836915381e-01
8.291851126020683971e-01
8.248325812550179048e-01
8.205106774464387964e-01
8.162193782579153511e-01
8.119586507566000089e-01
8.077284523946700601e-01
8.035287314002214076e-01
7.993594271592511236e-01
7.952204705888382685e-01
7.911117845014967731e-01
7.870332839606601905e-01
7.829848766272772265e-01
7.789664630975291493e-01
7.749779372316717430e-01
7.710191864740043588e-01
7.670900921639084435e-01
7.631905298383052649e-01
7.593203695254450158e-01
7.554794760301116741e-01
7.516677092103489777e-01
7.478849242458130986e-01
7.441309718978604826e-01
7.404056987614808794e-01
7.367089475092020168e-01
7.330405571270895981e-01
7.294003631429616386e-01
7.257881978469618023e-01
7.222038905042668100e-01
7.186472675584190117e-01
7.151181528310716073e-01
7.116163677146863931e-01
7.081417313571993777e-01
7.046940608399023809e-01
7.012731713486795027e-01
6.978788763387050453e-01
6.945109876905062318e-01
6.911693158611579291e-01
6.878536700345976307e-01
6.845638582626337731e-01
6.812996875998043045e-01
6.780609642325269304e-01
6.748474936004886793e-01
6.716590805153443977e-01
6.684955292787662096e-01
6.653566437914117948e-01
6.622422276565436139e-01
6.591520842778911815e-01
6.560860169547220178e-01
6.530438289762177106e-01
6.500253237077068258e-01
6.470303046720139450e-01
6.440585756282044549e-01
6.411099406491810315e-01
6.381842041925657183e-01
6.352811711665276029e-01
6.324006469952372367e-01
6.295424376849916293e-01
6.267063498785357956e-01
6.238921909067099980e-01
6.210997688440202946e-01
6.183288925657566271e-01
6.155793717851748559e-01
6.128510170929052370e-01
6.101436400100803681e-01
6.074570530308981420e-01
6.047910696437606148e-01
6.021455043657072403e-01
5.995201727985641771e-01
5.969148916418884898e-01
5.943294787078998720e-01
5.917637529711258226e-01
5.892175345975515510e-01
5.866906449367176313e-01
5.841829065562935686e-01
5.816941432913507182e-01
5.792241802198739853e-01
5.767728436809332893e-01
5.743399613375190782e-01
5.719253621433753043e-01
5.695288763464640969e-01
5.671503355602796059e-01
5.647895727234496510e-01
5.624464220935880832e-01
5.601207193258168626e-01
5.578123014189704243e-01
5.555210067105195160e-01
5.532466749592488409e-01
5.509891472696377690e-01
5.487482661055045341e-01
5.465238753629535484e-01
5.443158202724127648e-01
5.421239474519300439e-01
5.399481049404727395e-01
5.377881420968898540e-01
5.356439097027241303e-01
5.335152599189912914e-01
5.314020462290360847e-01
5.293041235601216865e-01
5.272213481554750558e-01
5.251535776228291041e-01
5.231006709771400809e-01
5.210624885094790049e-01
5.190388919301403003e-01
5.170297442593797532e-01
5.150349098294231265e-01
5.130542543709728509e-01
5.110876448478712808e-01
5.091349496157920873e-01
5.071960383009601614e-01
5.052707818118318261e-01
5.033590524140766354e-01
5.014607235610248903e-01
4.995756700800814132e-01
4.977037679904515732e-01
4.958448945989221701e-01
4.939989284804882086e-01
4.921657493822024221e-01
4.903452383810903981e-01
4.885372776618302493e-01
4.867417507238502861e-01
4.849585421913058525e-01
4.831875379159938366e-01
4.814286249390227757e-01
4.796816914218694494e-01
4.779466267750063779e-01
4.762233214468307163e-01
4.745116671531143249e-01
4.728115566168341610e-01
4.711228837911799472e-01
4.694455436545216243e-01
4.677794323412505784e-01
4.661244470528166373e-01
4.644804860606355779e-01
4.628474487469638743e-01
4.612252354837212409e-01
4.596137477858643350e-01
4.580128880934520308e-01
4.564225600034609864e-01
4.548426679932008887e-01
4.532731176909376991e-01
4.517138155796728838e-01
4.501646692704394104e-01
4.486255872174229054e-01
4.470964789698697039e-01
4.455772549155069262e-01
4.440678265006011149e-01
4.425681060067213624e-01
4.410780067382570890e-01
4.395974428298419223e-01
4.381263294066548020e-01
4.366645824152142752e-01
4.352121187652462919e-01
4.337688561740103421e-01
4.323347133003396792e-01
4.309096095914224378e-01
4.294934654203626523e-01
4.280862019240249672e-01
4.266877411553774424e-01
4.252980059015030179e-01
4.239169198610330258e-01
4.225444074329185451e-01
4.211803939271089314e-01
4.198248053176457106e-01
4.184775684907737214e-01
4.171386109610942250e-01
4.158078611546650594e-01
4.144852480953070684e-01
4.131707017099608970e-01
4.118641525044993701e-01
4.105655318650465735e-01
4.092747717555900167e-01
4.079918049786445677e-01
4.067165649337546873e-01
4.054489857978539891e-01
4.041890023830204681e-01
4.029365502013967371e-01
4.016915654518993795e-01
4.004539849479146207e-01
3.992237462440565987e-01
3.980007874292892933e-01
3.967850473739918393e-01
3.955764654289695703e-01
3.943749817293238369e-01
3.931805368852621108e-01
3.919930722400949974e-01
3.908125296595457709e-01
3.896388516472149566e-01
3.884719813093611696e-01
3.873118622775567621e-01
3.861584388663145129e-01
3.850116558244152665e-01
3.838714586201690260e-01
3.827377931326885196e-01
3.816106059147397755e-01
3.804898439887129946e-01
3.793754549368670292e-01
3.782673869146824797e-01
3.771655885102735417e-01
3.760700089679106517e-01
3.749805978968746567e-01
3.738973055542849089e-01
3.728200826024856696e-01
3.717488802403582926e-01
3.706836501868423506e-01
3.696243445564083019e-01
3.685709160787236649e-01
3.675233178123476496e-01
3.664815034103743874e-01
3.654454269183152193e-01
3.644150428416715326e-01
3.633903062092888048e-01
3.623711723747007896e-01
3.613575972803652059e-01
3.603495371839300354e-01
3.593469488426097591e-01
3.583497894506489367e-01
3.573580165426787913e-01
3.563715882037137295e-01
3.553904627962684581e-01
3.544145991899747550e-01
3.534439566318421377e-01
3.524784947137254987e-01
3.515181735394966589e-01
3.505629534684078785e-01
3.496127953524825749e-01
3.486676603888008152e-01
3.477275101033262539e-01
3.467923065089513202e-01
3.458620118560163936e-01
3.449365888580693262e-01
3.440160005657590392e-01
3.431002103228498745e-01
3.421891819477232421e-01
3.412828794836398338e-01
3.403812673909444864e-01
3.394843104819252333e-01
3.385919738133403301e-01
3.377042229055742251e-01
3.368210235072645053e-01
3.359423417164132952e-01
3.350681440153817081e-01
3.341983970876151733e-01
3.333330680458683193e-01
3.324721242659777753e-01
3.316155333862992882e-01
3.307632634615226275e-01
3.299152827340703364e-01
3.290715597982939444e-01
3.282320635768911088e-01
3.273967631790800081e-01
3.265656281180834286e-01
3.257386281370105441e-01
3.249157332197868953e-01
3.240969137372800013e-01
3.232821402304712488e-01
3.224713835512481030e-01
3.216646148710043396e-01
3.208618055203897312e-01
3.200629271901887507e-01
3.192679518120402071e-01
3.184768515021432211e-01
3.176895987474798733e-01
3.169061662127343193e-01
3.161265267935510215e-01
3.153506537267481979e-01
3.145785203932201513e-01
3.138101004506743674e-01
3.130453678481964208e-01
3.122842966693809563e-01
3.115268613081847437e-01
3.107730363967270981e-01
3.100227967083668545e-01
3.092761173434129263e-01
3.085329735934961293e-01
3.077933409081516358e-01
3.070571950632225433e-01
3.063245119901797375e-01
3.055952677993200028e-01
3.048694389128679405e-01
3.041470018850273016e-01
3.034279334682711826e-01
3.027122107060280509e-01
3.019998107589180747e-01
3.012907110010424327e-01
3.005848890752283453e-01
2.998823227323750840e-01
2.991829899469883314e-01
2.984868689418894161e-01
2.977939380421477100e-01
2.971041758015694478e-01
2.964175610052642851e-01
2.957340725364017153e-01
2.950536895075316357e-01
2.943763912495506729e-01
2.937021571878153936e-01
2.930309669737819478e-01
2.923628004684911130e-01
2.916976376239042157e-01
2.910354586112876007e-01
2.903762438067920004e-01
2.897199736739200504e-01
2.890666288853505628e-01
2.884161903177219766e-01
2.877686389316928550e-01
2.871239558836337635e-01
2.864821225362702561e-01
2.858431203338066551e-01
2.852069308993329666e-01
2.845735360672649317e-01
2.839429177525226722e-01
2.833150580289158227e-01
2.826899391878793799e-01
2.820675436028841632e-01
2.814478537838673300e-01
2.808308524639715476e-01
2.802165224634596274e-01
2.796048467159044093e-01
2.789958083797232646e-01
2.783893907102327758e-01
2.777855770551393433e-01
2.771843509800667182e-01
2.765856961636755651e-01
2.759895963606965874e-01
2.753960355254052028e-01
2.748049977477476924e-01
2.742164671833001166e-01
2.736304281581558029e-01
2.730468651600898577e-01
2.724657627393747283e-01
2.718871055806549308e-01
2.713108785536879064e-01
2.707370665962162137e-01
2.701656547439951206e-01
2.695966282293331129e-01
2.690299723681121580e-01
2.684656725473673622e-01
2.679037143384549458e-01
2.673440834250283560e-01
2.667867655475101296e-01
2.662317465959284646e-01
2.656790126083720116e-01
2.651285496778754691e-01
2.645803440024742659e-01
2.640343819555805438e-01
2.634906499772468047e-01
2.629491345762827725e-01
2.624098224348149766e-01
2.618727003308395362e-01
2.613377550935133686e-01
2.608049736884180403e-01
2.602743432186502837e-01
2.597458508373298169e-01
2.592194837847990319e-01
2.586952294669664920e-01
2.581730753559469127e-01
2.576530089784228039e-01
2.571350180108384342e-01
2.566190902351448422e-01
2.561052134775982370e-01
2.555933756644752641e-01
2.550835648696421765e-01
2.545757692199570044e-01
2.540699768990487550e-01
2.535661762398198626e-01
2.530643556622222401e-01
2.525645036276256694e-01
2.520666086989988841e-01
2.515706595739152229e-01
2.510766449970981418e-01
2.505845537675320811e-01
2.500943748262764443e-01
2.496060971948864393e-01
2.491197099334194476e-01
2.486352021944873980e-01
2.481525632605686149e-01
2.476717824596121331e-01
2.471928491666657846e-01
2.467157528868064997e-01
2.462404832092058293e-01
2.457670297588319397e-01
2.452953822352686442e-01
2.448255304686509926e-01
2.443574643376096034e-01
2.438911737592678597e-01
2.434266487604527518e-01
2.429638794650279821e-01
2.425028560318814030e-01
2.420435686723802493e-01
2.415860077247789783e-01
2.411301635877971250e-01
2.406760266926097624e-01
2.402235875489579231e-01
2.397728367807328564e-01
2.393237650512841652e-01
2.388763630597699472e-01
2.384306216090775199e-01
2.379865315878790799e-01
2.375440839161637729e-01
2.371032695596480555e-01
2.366640796000324121e-01
2.362265051772923230e-01
2.357905374604363224e-01
2.353561676808600123e-01
2.349233871805837537e-01
2.344921873420353631e-01
2.340625595770111367e-01
2.336344953777131916e-01
2.332079863303451461e-01
2.327830240525088357e-01
2.323596001937755784e-01
2.319377064978324909e-01
2.315173347831723794e-01
2.310984768955541280e-01
2.306811247175396262e-01
2.302652702329548995e-01
2.298509054834793064e-01
2.294380225362408765e-01
2.290266135016013338e-01
2.286166705918522002e-01
2.282081860644472882e-01
2.278011522013461132e-01
2.273955613346969051e-01
2.269914058943916513e-01
2.265886783471517119e-01
2.261873711835623579e-01
2.257874769503580015e-01
2.253889882857874616e-01
2.249918978596639474e-01
2.245961983651775795e-01
2.242018825557652306e-01
2.238089432701428072e-01
2.234173733752402857e-01
2.230271657609011748e-01
2.226383133792284585e-01
2.222508092624212450e-01
2.218646464687429043e-01
2.214798180788026261e-01
2.210963172354667161e-01
2.207141371580273459e-01
2.203332710904846170e-01
2.199537122984427939e-01
2.195754541078969724e-01
2.191984899192166436e-01
2.188228131567210299e-01
2.184484172654365675e-01
2.180752957471796261e-01
2.177034421775873030e-01
2.173328501560540527e-01
2.169635133017208950e-01
2.165954252853020678e-01
2.162285798519453239e-01
2.158629707710433832e-01
2.154985918308384429e-01
2.151354368645177206e-01
2.147734997808649904e-01
2.144127745143556696e-01
2.140532550175764936e-01
2.136949352804858870e-01
2.133378093692984423e-01
2.129818713788123874e-01
2.126271154213352221e-01
2.122735356389939265e-01
2.119211262486223601e-01
2.115698815007297506e-01
2.112197956627681894e-01
2.108708630256663219e-01
2.105230779495310123e-01
2.101764348359677903e-01
2.098309281031282281e-01
2.094865521880979742e-01
2.091433015872212198e-01
2.088011708481372630e-01
2.084601545353922669e-01
2.081202472298725181e-01
2.077814435583340558e-01
2.074437382084389214e-01
2.071071258869566500e-01
2.067716013159529576e-01
2.064371592491468232e-01
2.061037945066297727e-01
2.057715019333540563e-01
2.054402763890700867e-01
2.051101127545317537e-01
2.047810059726415666e-01
2.044529510225056579e-01
2.041259428976679169e-01
2.037999766072200458e-01
2.034750472083929895e-01
2.031511498090577683e-01
2.028282795327740751e-01
2.025064315169326223e-01
2.021856009293627188e-01
2.018657829983739882e-01
2.015469729738811611e-01
2.012291661191694392e-01
2.009123577155078333e-01
2.005965430997725396e-01
2.002817176444734726e-01
1.999678767352777442e-01
1.996550157711342588e-01
1.993431301886181839e-01
1.990322154763205231e-01
1.987222671388648443e-01
1.984132806933607551e-01
1.981052516768982974e-01
1.977981756821618753e-01
1.974920483293927109e-01
1.971868652509424780e-01
1.968826220919264736e-01
1.965793145364334304e-01
1.962769383148869895e-01
1.959754891716745107e-01
1.956749628628482174e-01
1.953753551637013863e-01
1.950766619022896997e-01
1.947788789319177261e-01
1.944820021171984326e-01
1.941860273344833132e-01
1.938909504951226437e-01
1.935967675556976020e-01
1.933034744863803833e-01
1.930110672682447681e-01
1.927195418981584585e-01
1.924288944211230978e-01
1.921391209098691488e-01
1.918502174477772493e-01
1.915621801288161230e-01
1.912750050734572105e-01
1.909886884492235926e-01
1.907032264389895704e-01
1.904186152358231243e-01
1.901348510445688977e-01
1.898519301091279032e-01
1.895698487083221639e-01
1.892886031316679540e-01
1.890081896785210935e-01
1.887286046644950921e-01
1.884498444508769799e-01
1.881719054209837205e-01
1.878947839676783360e-01
1.876184764933845062e-01
1.873429794247855606e-01
1.870682892317523105e-01
1.867944023981074064e-01
1.865213154168785248e-01
1.862490247911035013e-01
1.859775270565089400e-01
1.857068187840338336e-01
1.854368965549094417e-01
1.851677569592553863e-01
1.848993965988653676e-01
1.846318121140493318e-01
1.843650001716107267e-01
1.840989574472096657e-01
1.838336806250897293e-01
1.835691664039370008e-01
1.833054115232391756e-01
1.830424127418774083e-01
1.827801668270622737e-01
1.825186705542964083e-01
1.822579207169292004e-01
1.819979141482582496e-01
1.817386476962277175e-01
1.814801182168180038e-01
1.812223225740764998e-01
1.809652576531178003e-01
