1.000000000000000000e+00
9.948830239953544430e-01
9.897834896541256589e-01
9.847021618923544883e-01
9.796396410692108647e-01
9.745965152387463526e-01
9.695733495990034312e-01
9.645706860499521085e-01
9.595890439775468517e-01
9.546289205601589112e-01
9.496907910569835076e-01
9.447751092388121386e-01
9.398823077621720756e-01
9.350127984981857487e-01
9.301669729512173079e-01
9.253452026763043792e-01
9.205478396666851859e-01
9.157752167284521905e-01
9.110276479192427335e-01
9.063054289701960586e-01
9.016088376984916497e-01
8.969381344128148914e-01
8.922935623272579830e-01
8.876753479991644769e-01
8.830837017496416808e-01
8.785188180820880932e-01
8.739808761001114368e-01
8.694700399218370235e-01
8.649864590922651253e-01
8.605302690033703739e-01
8.561015913048305448e-01
8.517005343102067583e-01
8.473271933995067950e-01
8.429816514177235209e-01
8.386639790689771612e-01
8.343742353059061534e-01
8.301124677139900543e-01
8.258787128905151764e-01
8.216729968179096177e-01
8.174953352311870036e-01
8.133457339793342955e-01
8.092241893805505182e-01
8.051306885708708894e-01
8.010652098461987780e-01
7.970277229976618916e-01
7.930181896401801156e-01
7.890365635341596295e-01
7.850827909002409122e-01
7.811568107270433492e-01
7.772585550717969749e-01
7.733879493538085015e-01
7.695449126409930063e-01
7.657293579292957508e-01
7.619411924150502058e-01
7.581803177603005928e-01
7.544466303511336847e-01
7.507400215490526163e-01
7.470603779354562102e-01
7.434075815492711126e-01
7.397815101178089048e-01
7.361820372809153579e-01
7.326090328084884362e-01
7.290623628108829912e-01
7.255418899405293720e-01
7.220474735917604692e-01
7.185789700938997049e-01
7.151362328971010429e-01
7.117191127521167449e-01
7.083274578840912383e-01
7.049611141603896458e-01
7.016199252492151262e-01
6.983037327749114231e-01
6.950123764738599386e-01
6.917456943407039871e-01
6.885035227688640624e-01
6.852856966856779586e-01
6.820920496782142406e-01
6.789224141182210737e-01
6.757766212888645097e-01
6.726545015010715334e-01
6.695558842047032444e-01
6.664805980921061357e-01
6.634284711989486549e-01
6.603993310097152625e-01
6.573930045526265031e-01
6.544093184891660586e-01
6.514480991969614498e-01
6.485091728562740743e-01
6.455923655328996702e-01
6.426975032528911003e-01
6.398244120731784168e-01
6.369729181530654483e-01
6.341428478228927634e-01
6.313340276452744648e-01
6.285462844752611744e-01
6.257794455218996799e-01
6.230333384011054187e-01
6.203077911845779058e-01
6.176026324545701440e-01
6.149176913539201594e-01
6.122527976231219027e-01
6.096077816418882245e-01
6.069824744834795283e-01
6.043767079430905076e-01
6.017903145652959696e-01
5.992231276933219775e-01
5.966749815036622717e-01
5.941457110163789190e-01
5.916351521333157448e-01
5.891431416846083513e-01
5.866695174241824962e-01
5.842141180554411006e-01
5.817767832873687039e-01
5.793573538198846240e-01
5.769556713579486740e-01
5.745715786743559317e-01
5.722049195861170778e-01
5.698555389607216082e-01
5.675232827845259065e-01
5.652079981259894303e-01
5.629095331426137161e-01
5.606277371517799368e-01
5.583624605749717418e-01
5.561135549598498207e-01
5.538808730413329329e-01
5.516642686674144702e-01
5.494635968534463677e-01
5.472787138082944036e-01
5.451094768587161354e-01
5.429557445431290041e-01
5.408173765725078352e-01
5.386942337940469061e-01
5.365861782953954551e-01
5.344930732968644627e-01
5.324147832051828733e-01
5.303511736443315971e-01
5.283021113519931200e-01
5.262674643083861126e-01
5.242471016367632464e-01
5.222408936199259832e-01
5.202487117683824991e-01
5.182704286836996577e-01
5.163059182037682548e-01
5.143550552889972760e-01
5.124177160488287974e-01
5.104937777976906732e-01
5.085831189154856879e-01
5.066856190150663686e-01
5.048011587751615181e-01
5.029296200412303186e-01
5.010708857943443340e-01
4.992248400825248233e-01
4.973913681531441644e-01
4.955703562596671108e-01
4.937616918536419375e-01
4.919652634042966932e-01
4.901809605092505850e-01
4.884086738430332697e-01
4.866482951148429215e-01
4.848997171706485587e-01
4.831628338146965462e-01
4.814375400142069106e-01
4.797237316623103598e-01
4.780213057913810237e-01
4.763301603728207212e-01
4.746501944564098796e-01
4.729813080692136795e-01
4.713234022414681812e-01
4.696763790234269598e-01
4.680401413957691603e-01
4.664145933933459554e-01
4.647996399210421181e-01
4.631951869566101054e-01
4.616011413042291345e-01
4.600174108420744812e-01
4.584439042481987525e-01
4.568805312598795410e-01
4.553272024011960628e-01
4.537838292300830911e-01
4.522503240856770024e-01
4.507266003110609320e-01
4.492125720271234468e-01
4.477081543285791332e-01
4.462132630833644531e-01
4.447278151056163198e-01
4.432517279748839911e-01
4.417849201933748970e-01
4.403273110165412119e-01
4.388788206038796713e-01
4.374393698510842809e-01
4.360088805445299642e-01
4.345872751847977278e-01
4.331744771549170814e-01
4.317704105255797953e-01
4.303750002461962931e-01
4.289881719237159108e-01
4.276098520432554118e-01
4.262399677155784272e-01
4.248784469298974020e-01
4.235252182704506430e-01
4.221802111972265403e-01
4.208433557406517922e-01
4.195145827956317519e-01
4.181938238151043374e-01
4.168810110906644995e-01
4.155760774764759025e-01
4.142789566219302055e-01
4.129895827619915472e-01
4.117078908658449166e-01
4.104338165280078665e-01
4.091672960022467165e-01
4.079082662184115304e-01
4.066566646848671640e-01
4.054124296368985525e-01
4.041754998157087719e-01
4.029458147231981813e-01
4.017233143233595039e-01
4.005079393354655792e-01
3.992996309452591652e-01
3.980983310370052597e-01
3.969039820139298458e-01
3.957165268823301107e-01
3.945359092471701357e-01
3.933620732092311112e-01
3.921949635421969060e-01
3.910345254350572897e-01
3.898807047758848232e-01
3.887334478569234308e-01
3.875927016147132642e-01
3.864584134558072259e-01
3.853305313164141488e-01
3.842090037045140516e-01
3.830937795380513489e-01
3.819848083801127281e-01
3.808820401498709263e-01
3.797854253906706723e-01
3.786949150529096420e-01
3.776104605958215954e-01
3.765320140003124427e-01
3.754595276222164046e-01
3.743929544237482587e-01
3.733322476902009579e-01
3.722773612789767039e-01
3.712282494443354675e-01
3.701848668758660477e-01
3.691471687874393059e-01
3.681151107041744641e-01
3.670886487267615572e-01
3.660677392727079704e-01
3.650523392357350461e-01
3.640424059520439015e-01
3.630378970804372107e-01
3.620387708242466807e-01
3.610449856625841947e-01
3.600565005612665348e-01
3.590732748705405819e-01
3.580952682666648235e-01
3.571224409359321506e-01
3.561547533170881241e-01
3.551921663234233750e-01
3.542346412210435891e-01
3.532821395868616654e-01
3.523346234838941604e-01
3.513920552106272188e-01
3.504543975112754395e-01
3.495216134754714488e-01
3.485936664700250431e-01
3.476705203342627115e-01
3.467521391332385461e-01
3.458384873313612995e-01
3.449295297531658200e-01
3.440252314559416047e-01
3.431255579543325829e-01
3.422304749963846482e-01
3.413399486618862166e-01
3.404539454210847027e-01
3.395724319400397762e-01
3.386953753019585900e-01
3.378227428620798056e-01
3.369545022234222142e-01
3.360906214058738128e-01
3.352310686190756450e-01
3.343758124088681560e-01
3.335248216576812141e-01
3.326780654279815619e-01
3.318355131767760091e-01
3.309971345998291570e-01
3.301628996200234312e-01
3.293327785483758929e-01
3.285067418689956997e-01
3.276847603621487193e-01
3.268668051353896820e-01
3.260528474520457687e-01
3.252428589245173751e-01
3.244368114157312188e-01
3.236346769636859744e-01
3.228364279734293740e-01
3.220420370348963113e-01
3.212514769558444394e-01
3.204647208888570242e-01
3.196817421331340503e-01
3.189025142514302358e-01
3.181270111057687977e-01
3.173552066910324543e-01
3.165870753013122485e-01
3.158225914784418831e-01
3.150617299001749472e-01
3.143044655637314277e-01
3.135507736669828072e-01
3.128006295572689499e-01
3.120540089053744359e-01
3.113108875453262647e-01
3.105712414794077891e-01
3.098350470233592890e-01
3.091022806301705339e-01
3.083729189397248494e-01
3.076469388873978028e-01
3.069243175290888859e-01
3.062050321227218208e-01
3.054890602014215806e-01
3.047763794082058442e-01
3.040669675985712694e-01
3.033608028839758775e-01
3.026578634788457678e-01
3.019581278157131288e-01
3.012615745667065470e-01
3.005681825020199427e-01
2.998779306110864740e-01
2.991907981102842062e-01
2.985067643100999812e-01
2.978258087373537033e-01
2.971479111371299608e-01
2.964730513450526406e-01
2.958012094064987330e-01
2.951323655803261836e-01
2.944665002126292119e-01
2.938035938491959653e-01
2.931436272481185434e-01
2.924865812519246155e-01
2.918324368893687182e-01
2.911811754034277500e-01
2.905327781197355463e-01
2.898872265333778953e-01
2.892445023578183450e-01
2.886045873891739943e-01
2.879674635732911159e-01
2.873331130793844168e-01
2.867015181620012343e-01
2.860726612037137739e-01
2.854465248140300448e-01
2.848230916941765223e-01
2.842023446516735441e-01
2.835842667196478151e-01
2.829688410342538485e-01
2.823560508190682272e-01
2.817458795127067983e-01
2.811383106745846128e-01
2.805333279372103639e-01
2.799309151267897477e-01
2.793310562136979147e-01
2.787337352330111484e-01
2.781389363826242689e-01
2.775466440300268234e-01
2.769568426063706568e-01
2.763695166691832461e-01
2.757846509666787571e-01
2.752022303183513929e-01
2.746222396354330852e-01
2.740446640267211187e-01
2.734694886903679123e-01
2.728966988923327008e-01
2.723262800785893334e-01
2.717582178153405970e-01
2.711924977246986113e-01
2.706291055712349847e-01
2.700680272749940714e-01
2.695092488125659935e-01
2.689527562586502829e-01
2.683985358669369048e-01
2.678465739619717012e-01
2.672968569334164268e-01
2.667493713412263934e-01
2.662041038485750133e-01
2.656610411689412921e-01
2.651201701455045412e-01
2.645814777660362438e-01
2.640449510700595970e-01
2.635105771783950446e-01
2.629783433795466752e-01
2.624482370330644687e-01
2.619202455508475302e-01
2.613943564897576177e-01
2.608705575196513249e-01
2.603488363551369478e-01
2.598291808043421969e-01
2.593115788276439959e-01
2.587960184416603360e-01
2.582824877168330424e-01
2.577709748697179504e-01
2.572614682109336526e-01
2.567539560924697040e-01
2.562484269615891708e-01
2.557448694054753058e-01
2.552432720611306216e-01
2.547436236168738599e-01
2.542459129003331042e-01
2.537501288263682708e-01
2.532562603483681229e-01
2.527642965062421032e-01
2.522742264745902463e-01
2.517860394763113963e-01
2.512997247791633471e-01
2.508152717772866303e-01
2.503326699557014701e-01
2.498519088357081530e-01
2.493729780078506597e-01
2.488958671962366864e-01
2.484205661772315721e-01
2.479470647645750092e-01
2.474753528766854838e-01
2.470054205354784704e-01
2.465372577990970204e-01
2.460708547747172681e-01
2.456062016955278815e-01
2.451432888608092719e-01
2.446821066022470681e-01
2.442226453246805762e-01
2.437648955514133131e-01
2.433088478479492334e-01
2.428544928143819837e-01
2.424018211500591213e-01
2.419508236463653594e-01
2.415014911270064735e-01
2.410538144584658815e-01
2.406077846218646066e-01
2.401633926621955240e-01
2.397206296536762427e-01
2.392794867281759219e-01
2.388399551309475788e-01
2.384020261510903516e-01
2.379656911066785341e-01
2.375309413912147782e-01
2.370977684973187283e-01
2.366661639508402248e-01
2.362361193083861444e-01
2.358076262167115578e-01
2.353806764032603804e-01
2.349552616236154634e-01
2.345313736679750238e-01
2.341090044255964009e-01
2.336881458491774644e-01
2.332687899172439516e-01
2.328509286483619323e-01
2.324345541629321832e-01
2.320196586311761844e-01
2.316062342479934255e-01
2.311942732544482459e-01
2.307837679912319029e-01
2.303747108394104126e-01
2.299670942039614974e-01
2.295609105416334950e-01
2.291561524038341346e-01
2.287528123762763432e-01
2.283508830679615853e-01
2.279503571437019593e-01
2.275512273574497868e-01
2.271534864935786102e-01
2.267571273591773018e-01
2.263621428192322538e-01
2.259685258230367533e-01
2.255762693478314540e-01
2.251853663929465621e-01
2.247958100157118888e-01
2.244075933541958556e-01
2.240207095728956321e-01
2.236351518576671638e-01
2.232509134505824555e-01
2.228679876723161091e-01
2.224863678691908486e-01
2.221060474080629177e-01
2.217270197084716121e-01
2.213492782677388970e-01
2.209728166087541745e-01
2.205976282740942929e-01
2.202237068539050768e-01
2.198510460162376168e-01
2.194796394554544283e-01
2.191094808848327580e-01
2.187405640588250544e-01
2.183728828101455521e-01
2.180064309996979921e-01
2.176412025066473965e-01
2.172771912442680309e-01
2.169143912034957600e-01
2.165527964069978717e-01
2.161924008951107423e-01
2.158331987355913140e-01
2.154751840705631527e-01
2.151183510798026499e-01
2.147626939602104990e-01
2.144082069306595395e-01
2.140548842772306282e-01
2.137027203320126523e-01
2.133517094440073592e-01
2.130018459804348674e-01
2.126531243646261060e-01
2.123055390756361238e-01
2.119590846102430703e-01
2.116137554814362942e-01
2.112695462445020600e-01
2.109264515190624190e-01
2.105844659454818579e-01
2.102435841795613769e-01
2.099038009058571408e-01
2.095651108764578496e-01
2.092275088712532982e-01
2.088909896850762449e-01
2.085555481323179139e-01
2.082211790878056856e-01
2.078878774667275442e-01
2.075556381990294741e-01
2.072244562298254378e-01
2.068943265491420547e-01
2.065652442014758172e-01
2.062372042480879741e-01
2.059102017641895876e-01
2.055842318525537005e-01
2.052592896778893117e-01
2.049353704290912126e-01
2.046124693085603907e-01
2.042905815355277876e-01
2.039697023828492828e-01
2.036498271630202139e-01
2.033309512020785581e-01
2.030130698392610955e-01
2.026961784482613493e-01
2.023802724577360435e-01
2.020653473139143175e-01
2.017513984756411916e-01
2.014384214200840850e-01
2.011264116791214307e-01
2.008153648157460225e-01
2.005052764052556724e-01
2.001961420354982091e-01
1.998879573302761170e-01
1.995807179629623118e-01
1.992744196220806174e-01
1.989690580079435112e-01
1.986646288384354142e-01
1.983611278835041569e-01
1.980585509417087386e-01
1.977568938230894469e-01
1.974561523492920911e-01
1.971563223740330495e-01
1.968573997991750202e-01
1.965593805414631301e-01
1.962622605286627187e-01
1.959660357031259292e-01
1.956707020539035224e-01
1.953762556012723917e-01
1.950826923764273912e-01
1.947900084212122740e-01
1.944981998013258218e-01
1.942072626313096351e-01
1.939171930429547663e-01
1.936279871783580797e-01
1.933396411908999968e-01
1.930521512705676568e-01
1.927655136456217499e-01
1.924797245556879033e-01
1.921947802503399250e-01
1.919106769939356028e-01
1.916274110957966181e-01
1.913449788903544557e-01
1.910633767217477241e-01
1.907826009437317838e-01
1.905026479318260024e-01
1.902235141064242963e-01
1.899451959036619619e-01
1.896676897689838215e-01
1.893909921575731292e-01
1.891150995547832836e-01
1.888400084841160564e-01
1.885657154802347635e-01
1.882922170867927514e-01
1.880195098583311575e-01
1.877475903861296203e-01
1.874764552911521998e-01
1.872061012035859118e-01
1.869365247623006876e-01
1.866677226192310635e-01
1.863996914664841076e-01
1.861324280183940250e-01
1.858659289977691031e-01
1.856001911358043932e-01
1.853352111795911472e-01
1.850709859168044036e-01
1.848075121519385244e-01
1.845447866976180629e-01
1.842828063745800271e-01
1.840215680223591388e-01
