1.000000000000000000e+00
9.947768435360276884e-01
9.895730982497189521e-01
9.843895231455166428e-01
9.792267124522637811e-01
9.740852466962440781e-01
9.689656822772587663e-01
9.638685510826824343e-01
9.587943613302750689e-01
9.537435979302840705e-01
9.487167228270996233e-01
9.437141754885987055e-01
9.387363733345679417e-01
9.337837121169457744e-01
9.288565663931244165e-01
9.239552899960196131e-01
9.190802164717395417e-01
9.142316595030377524e-01
9.094099133980751981e-01
9.046152535599714106e-01
8.998479369454146504e-01
8.951082025145541410e-01
8.903962716888247364e-01
8.857123488316257509e-01
8.810566217097482999e-01
8.764292619514806315e-01
8.718304255027513605e-01
8.672602530781371444e-01
8.627188706088447789e-01
8.582063896970538730e-01
8.537229080592685371e-01
8.492685099638016544e-01
8.448432666632658128e-01
8.404472368217028588e-01
8.360804669359646057e-01
8.317429917510353876e-01
8.274348346689839317e-01
8.231560081512797611e-01
8.189065141142342075e-01
8.146863443173150143e-01
8.104954807442330544e-01
8.063338959767013536e-01
8.022015535604312131e-01
7.980984083634515835e-01
7.940244069266777505e-01
7.899794878066601633e-01
7.859635819104551224e-01
7.819766128225824620e-01
7.780184971240466929e-01
7.740891447033573236e-01
7.701884590594998414e-01
7.663163375971423497e-01
7.624726719139468534e-01
7.586573480800435920e-01
7.548702469097461343e-01
7.511112442255643007e-01
7.473802111146031768e-01
7.436770141774146081e-01
7.400015157694097567e-01
7.363535742349055502e-01
7.327330441339197087e-01
7.291397764618068322e-01
7.255736188614045901e-01
7.220344158260532108e-01
7.185220088999272336e-01
7.150362368714674455e-01
7.115769359591498366e-01
7.081439399908061594e-01
7.047370805766242086e-01
7.013561872758768967e-01
6.980010877547270232e-01
6.946716079398572719e-01
6.913675721720212719e-01
6.880888033500667245e-01
6.848351230690077340e-01
6.816063517525454696e-01
6.784023087770497673e-01
6.752228125936454717e-01
6.720676808509716826e-01
6.689367305081569404e-01
6.658297779425152996e-01
6.627466390505833971e-01
6.596871293462509556e-01
6.566510640609765082e-01
6.536382582346352832e-01
6.506485268012039969e-01
6.476816846698316699e-01
6.447375468069677096e-01
6.418159283135191906e-01
6.389166444953254809e-01
6.360395109314508355e-01
6.331843435430219991e-01
6.303509586549111976e-01
6.275391730523586231e-01
6.247488040390749564e-01
6.219796694965548101e-01
6.192315879292498160e-01
6.165043785089010520e-01
6.137978611286918351e-01
6.111118564494387728e-01
6.084461859288622376e-01
6.058006718597661600e-01
6.031751374253462306e-01
6.005694067197657748e-01
5.979833047695307657e-01
5.954166575831502106e-01
5.928692921828279117e-01
5.903410366057756375e-01
5.878317199408383820e-01
5.853411723762674823e-01
5.828692251851956829e-01
5.804157107477936339e-01
5.779804626107422072e-01
5.755633154631498716e-01
5.731641051455680369e-01
5.707826687171221325e-01
5.684188444232330939e-01
5.660724716959223413e-01
5.637433912273486225e-01
5.614314449242264748e-01
5.591364759090309278e-01
5.568583285967834140e-01
5.545968486290631105e-01
5.523518828921970547e-01
5.501232795841627388e-01
5.479108881283154542e-01
5.457145592275495227e-01
5.435341448937338615e-01
5.413694983593485555e-01
5.392204741761120745e-01
5.370869281733812173e-01
5.349687174116063426e-01
5.328657002953857136e-01
5.307777364551626853e-01
5.287046867988145493e-01
5.266464135481395692e-01
5.246027801214590003e-01
5.225736512699468150e-01
5.205588929727188452e-01
5.185583724464856159e-01
5.165719582227199513e-01
5.145995199964711331e-01
5.126409287787659919e-01
5.106960567785105987e-01
5.087647774219974384e-01
5.068469654181629869e-01
5.049424966039159912e-01
5.030512481214705067e-01
5.011730982430863124e-01
4.993079264699156194e-01
4.974556135063279982e-01
4.956160411776618369e-01
4.937890925754507832e-01
4.919746518492691956e-01
4.901726044067864496e-01
4.883828367279298699e-01
4.866052364722284751e-01
4.848396924334648084e-01
4.830860944843018423e-01
4.813443336915976256e-01
4.796143021214044344e-01
4.778958930564293217e-01
4.761890007468403962e-01
4.744935206290410989e-01
4.728093491224027445e-01
4.711363837649052422e-01
4.694745231176186140e-01
4.678236667794325454e-01
4.661837154156753260e-01
4.645545706527934859e-01
4.629361352169485966e-01
4.613283127327684752e-01
4.597310079409774319e-01
4.581441264364173871e-01
4.565675749276792428e-01
4.550012609512864570e-01
4.534450931386667105e-01
4.518989809368055277e-01
4.503628348583758600e-01
4.488365662264599543e-01
4.473200873965528790e-01
4.458133115312637451e-01
4.443161527926353660e-01
4.428285261449972365e-01
4.413503475221055017e-01
4.398815336516354035e-01
4.384220022051993348e-01
4.369716716353259645e-01
4.355304613183174633e-01
4.340982913932533438e-01
4.326750829084478056e-01
4.312607576516662156e-01
4.298552383108662500e-01
4.284584482853213694e-01
4.270703118703442769e-01
4.256907540405570067e-01
4.243197006660682780e-01
4.229570782621832614e-01
4.216028142404402157e-01
4.202568366243409348e-01
4.189190743319013421e-01
4.175894568654612837e-01
4.162679146120591978e-01
4.149543785274372731e-01
4.136487804276109959e-01
4.123510526990874503e-01
4.110611285459626063e-01
4.097789417639814413e-01
4.085044269052834909e-01
4.072375191526804161e-01
4.059781543690990646e-01
4.047262690994226642e-01
4.034818004853502060e-01
4.022446864032789282e-01
4.010148652499315736e-01
3.997922761937935943e-01
3.985768588747090058e-01
3.973685537030278714e-01
3.961673015600133407e-01
3.949730440433303347e-01
3.937857232715837874e-01
3.926052819842687502e-01
3.914316635219439733e-01
3.902648117359676649e-01
3.891046711561702010e-01
3.879511867372295586e-01
3.868043041437812524e-01
3.856639694479859215e-01
3.845301293815132637e-01
3.834027311460360132e-01
3.822817224883242604e-01
3.811670517280146830e-01
3.800586676061640246e-01
3.789565195150120802e-01
3.778605572073498453e-01
3.767707310725033065e-01
3.756869919060241148e-01
3.746092910264884890e-01
3.735375802736320416e-01
3.724718118725172111e-01
3.714119386594809114e-01
3.703579137968212032e-01
3.693096910306229441e-01
3.682672245016968549e-01
3.672304687987600902e-01
3.661993790346667055e-01
3.651739106402271395e-01
3.641540196290042330e-01
3.631396623305198079e-01
3.621307955625284181e-01
3.611273765827249238e-01
3.601293629803630769e-01
3.591367128925717078e-01
3.581493847330571301e-01
3.571673374128092604e-01
3.561905302238183579e-01
3.552189227936107807e-01
3.542524752610916039e-01
3.532911480190144560e-01
3.523349019441597285e-01
3.513836982622989824e-01
3.504374985191556213e-01
3.494962647472939499e-01
3.485599592156605753e-01
3.476285446480101848e-01
3.467019841094140520e-01
3.457802409501514185e-01
3.448632789944043320e-01
3.439510622915663007e-01
3.430435552995402260e-01
3.421407228323636307e-01
3.412425299426601333e-01
3.403489421439283014e-01
3.394599251803853135e-01
3.385754451370118212e-01
3.376954684863645584e-01
3.368199618993799049e-01
3.359488924705549828e-01
3.350822275619127488e-01
3.342199347906953388e-01
3.333619821910200898e-01
3.325083379856413335e-01
3.316589707416124910e-01
3.308138493585468520e-01
3.299729429192755359e-01
3.291362209062226318e-01
3.283036530360687877e-01
3.274752092595268893e-01
3.266508599150976799e-01
3.258305755127735015e-01
3.250143268662757379e-01
3.242020851128216141e-01
3.233938215470667510e-01
3.225895078185443410e-01
3.217891158224570058e-01
3.209926176337904447e-01
3.201999856967575053e-01
3.194111926367386167e-01
3.186262113036010812e-01
3.178450148904021222e-01
3.170675767354350638e-01
3.162938704473524099e-01
3.155238699302110872e-01
3.147575492216697635e-01
3.139948826643997326e-01
3.132358448440210053e-01
3.124804104846777286e-01
3.117285546339828572e-01
3.109802525354668501e-01
3.102354795863176973e-01
3.094942115088752388e-01
3.087564241847881585e-01
3.080220936692850686e-01
3.072911963304994498e-01
3.065637086710565340e-01
3.058396073862483799e-01
3.051188694647409827e-01
3.044014720139478491e-01
3.036873923491526517e-01
3.029766080577037668e-01
3.022690968358324737e-01
3.015648365979529122e-01
3.008638055106805931e-01
3.001659818431488547e-01
2.994713440880669153e-01
2.987798709736297353e-01
2.980915413260110669e-01
2.974063341958558815e-01
2.967242288564734820e-01
2.960452046753780930e-01
2.953692412414627988e-01
2.946963183575542766e-01
2.940264159171324110e-01
2.933595140283636882e-01
2.926955930086060365e-01
2.920346332624336738e-01
2.913766153990043906e-01
2.907215202356231432e-01
2.900693286737427434e-01
2.894200218059187479e-01
2.887735809350254201e-01
2.881299874459216648e-01
2.874892228977459774e-01
2.868512690645429464e-01
2.862161078018468641e-01
2.855837211195830228e-01
2.849540912482620425e-01
2.843272005019820137e-01
2.837030313271299287e-01
2.830815663952966355e-01
2.824627884673878153e-01
2.818466804141043225e-01
2.812332253315646957e-01
2.806224064157249454e-01
2.800142069524235722e-01
2.794086104441740326e-01
2.788056005102990675e-01
2.782051608446663438e-01
2.776072753379357216e-01
2.770119280206212453e-01
2.764191029883489303e-01
2.758287845035430896e-01
2.752409569942606549e-01
2.746556049515673226e-01
2.740727129969748321e-01
2.734922659399667277e-01
2.729142486595735329e-01
2.723386461296911643e-01
2.717654435214489350e-01
2.711946260923169261e-01
2.706261791692179397e-01
2.700600882614109244e-01
2.694963389943343390e-01
2.689349170497196684e-01
2.683758082554475455e-01
2.678189985911615945e-01
2.672644740921859552e-01
2.667122208954300633e-01
2.661622253150986994e-01
2.656144737340425110e-01
2.650689526020226228e-01
2.645256485407710412e-01
2.639845482714667790e-01
2.634456385659832978e-01
2.629089063293635342e-01
2.623743386077022621e-01
2.618419224979194881e-01
2.613116451811987040e-01
2.607834940054852280e-01
2.602574563872380731e-01
2.597335197963466236e-01
2.592116718502032735e-01
2.586919002753886310e-01
2.581741928429667765e-01
2.576585374208206214e-01
2.571449220268224312e-01
2.566333347333749071e-01
2.561237636681503171e-01
2.556161971066636673e-01
2.551106234148991514e-01
2.546070310001990467e-01
2.541054083684049503e-01
2.536057441626655140e-01
2.531080270745378891e-01
2.526122458483407995e-01
2.521183893692304778e-01
2.516264466061378102e-01
2.511364065664762335e-01
2.506482583472499082e-01
2.501619911777940852e-01
2.496775943342497417e-01
2.491950571387094304e-01
2.487143690416036557e-01
2.482355195807791903e-01
2.477584983300869514e-01
2.472832949353243603e-01
2.468098991744432646e-01
2.463383008756752646e-01
2.458684899051598871e-01
2.454004562363316100e-01
2.449341899428629787e-01
2.444696811340088538e-01
2.440069199697539881e-01
2.435458967366749827e-01
2.430866017845230986e-01
2.426290254954581171e-01
2.421731583275424926e-01
2.417189908551998778e-01
2.412665136936045784e-01
2.408157174931045141e-01
2.403665930056433364e-01
2.399191310720377446e-01
2.394733225648850716e-01
2.390291584010082737e-01
2.385866296126745723e-01
2.381457272931297720e-01
2.377064425647296697e-01
2.372687666098610704e-01
2.368326907230050016e-01
2.363982062406764506e-01
2.359653045285424744e-01
2.355339770302531666e-01
2.351042152860306766e-01
2.346760108683516033e-01
2.342493553810307272e-01
2.338242405201145235e-01
2.334006580593558089e-01
2.329785998001744074e-01
2.325580575796729887e-01
2.321390233352347288e-01
2.317214890648121861e-01
2.313054467919793411e-01
2.308908885819205559e-01
2.304778066018312588e-01
2.300661930662972754e-01
2.296560402144866841e-01
2.292473403337405291e-01
2.288400858101862223e-01
2.284342690684577071e-01
2.280298825570656052e-01
2.276269187785022741e-01
2.272253703284114745e-01
2.268252298352924357e-01
2.264264899509615403e-01
2.260291433853032772e-01
2.256331829354510932e-01
2.252386014277877324e-01
2.248453917114932865e-01
2.244535466958746395e-01
2.240630593724649566e-01
2.236739227597415447e-01
2.232861298983817577e-01
2.228996738892433938e-01
2.225145479117837666e-01
2.221307451709709502e-01
2.217482588932367382e-01
2.213670823633674123e-01
2.209872089426552222e-01
2.206086320171340709e-01
2.202313449934415468e-01
2.198553413329968897e-01
2.194806145730456570e-01
2.191071582754356151e-01
2.187349660217175751e-01
2.183640314430469465e-01
2.179943482467875671e-01
2.176259101655160233e-01
2.172587109506803893e-01
2.168927443968044211e-01
2.165280043754036488e-01
2.161644847848587514e-01
2.158021795417328081e-01
2.154410825983182065e-01
2.150811879839623908e-01
2.147224897580813363e-01
2.143649819976796433e-01
2.140086588083563723e-01
2.136535143703566508e-01
2.132995428995035081e-01
2.129467386286479080e-01
2.125950958133402680e-01
2.122446087774196299e-01
2.118952718884172803e-01
2.115470795305760543e-01
2.112000261066933615e-01
2.108541060773238274e-01
2.105093139565068494e-01
2.101656442755620857e-01
2.098230915820701314e-01
2.094816504677322055e-01
2.091413155868957763e-01
2.088020816137766689e-01
2.084639432379538637e-01
2.081268951791966915e-01
2.077909322243200185e-01
2.074560491863852163e-01
2.071222408933229842e-01
2.067895021933211508e-01
2.064578279959508045e-01
2.061272132490059028e-01
2.057976529148616840e-01
2.054691419712326717e-01
2.051416754424144062e-01
2.048152484052540578e-01
2.044898559527832393e-01
2.041654931919192895e-01
2.038421552585731045e-01
2.035198373499434443e-01
2.031985346860473718e-01
2.028782425003392842e-01
2.025589560436575620e-01
2.022406706215388872e-01
2.019233815771080409e-01
2.016070842668195029e-01
2.012917740603550332e-01
2.009774463634678709e-01
2.006640966354289179e-01
2.003517203522575396e-01
2.000403130025229792e-01
1.997298700939224847e-01
1.994203871893965307e-01
1.991118598811551788e-01
1.988042837736056778e-01
1.984976544837966927e-01
1.981919676662822483e-01
1.978872190235794748e-01
1.975834042727175610e-01
1.972805191424515936e-01
1.969785593799195655e-01
1.966775207847621110e-01
1.963773991834830424e-01
1.960781904139724807e-01
1.957798903257783885e-01
1.954824948020169595e-01
1.951859997725124973e-01
1.948904011812777615e-01
1.945956949832856608e-01
1.943018771486770824e-01
1.940089436950891422e-01
1.937168906695846404e-01
1.934257141299950966e-01
1.931354101447637639e-01
1.928459748075170843e-01
1.925574042598850455e-01
1.922696946597354517e-01
1.919828421751847425e-01
1.916968429858610656e-01
1.914116933092800676e-01
1.911273893995387996e-01
1.908439275217328757e-01
1.905613039508516904e-01
1.902795149773824634e-01
1.899985569372143468e-01
1.897184261897451873e-01
1.894391191039908884e-01
1.891606320585490497e-01
1.888829614550327496e-01
1.886061037391407458e-01
1.883300553713581349e-01
1.880548128214266923e-01
1.877803725689461689e-01
1.875067311249885293e-01
1.872338850373071462e-01
1.869618308643458682e-01
1.866905651734863947e-01
1.864200845433718889e-01
1.861503855903381133e-01
1.858814649587754442e-01
1.856133193020942096e-01
1.853459452823369991e-01
1.850793395752783344e-01
1.848134988972585935e-01
1.845484199853706375e-01
1.842840995851012520e-01
1.840205344502744145e-01
1.837577213515680097e-01
1.834956571000053716e-01
1.832343385222744148e-01
1.829737624531454498e-01
1.827139257354711555e-01
1.824548252320410124e-01
