1.000000000000000000e+00
9.946724673731170974e-01
9.893663580978098171e-01
9.840824224992974489e-01
9.788212460884807564e-01
9.735833992831239847e-01
9.683694271319108759e-01
9.631798489897042126e-01
9.580151594221562039e-01
9.528758286269436439e-01
9.477623028319737131e-01
9.426750048461515208e-01
9.376143345447424116e-01
9.325806693035573192e-01
9.275743645290857042e-01
9.225957541831107944e-01
9.176451512722834103e-01
9.127228483219945732e-01
9.078291179164592606e-01
9.029642132169181101e-01
8.981283684672283218e-01
8.933217994889242064e-01
8.885447041835268234e-01
8.837972630563397658e-01
8.790796397189679645e-01
8.743919813870264512e-01
8.697344193743791196e-01
8.651070695805961330e-01
8.605100329741767196e-01
8.559433960805795660e-01
8.514072314575636957e-01
8.469015981632245227e-01
8.424265422175869489e-01
8.379820970573867989e-01
8.335682839836915381e-01
8.291851126020687301e-01
8.248325812550181269e-01
8.205106774464392405e-01
8.162193782579153511e-01
8.119586507566002309e-01
8.077284523946702821e-01
8.035287314002217407e-01
7.993594271592512346e-01
7.952204705888387126e-01
7.911117845014971062e-01
7.870332839606604125e-01
7.829848766272773375e-01
7.789664630975292603e-01
7.749779372316721870e-01
7.710191864740044698e-01
7.670900921639085546e-01
7.631905298383054870e-01
7.593203695254452379e-01
7.554794760301120071e-01
7.516677092103494218e-01
7.478849242458136537e-01
7.441309718978607046e-01
7.404056987614809904e-01
7.367089475092025719e-01
7.330405571270898202e-01
7.294003631429615275e-01
7.257881978469616913e-01
7.222038905042669210e-01
7.186472675584190117e-01
7.151181528310716073e-01
7.116163677146859490e-01
7.081417313571993777e-01
7.046940608399023809e-01
7.012731713486793916e-01
6.978788763387053784e-01
6.945109876905063429e-01
6.911693158611579291e-01
6.878536700345974086e-01
6.845638582626338842e-01
6.812996875998043045e-01
6.780609642325272635e-01
6.748474936004885683e-01
6.716590805153443977e-01
6.684955292787663206e-01
6.653566437914122389e-01
6.622422276565436139e-01
6.591520842778911815e-01
6.560860169547217957e-01
6.530438289762177106e-01
6.500253237077066037e-01
6.470303046720138340e-01
6.440585756282044549e-01
6.411099406491810315e-01
6.381842041925658293e-01
6.352811711665277139e-01
6.324006469952371257e-01
6.295424376849914072e-01
6.267063498785355735e-01
6.238921909067097760e-01
6.210997688440205167e-01
6.183288925657568491e-01
6.155793717851747449e-01
6.128510170929054590e-01
6.101436400100803681e-01
6.074570530308982530e-01
6.047910696437606148e-01
6.021455043657073514e-01
5.995201727985643991e-01
5.969148916418883788e-01
5.943294787078997610e-01
5.917637529711258226e-01
5.892175345975513290e-01
5.866906449367174092e-01
5.841829065562936796e-01
5.816941432913507182e-01
5.792241802198737632e-01
5.767728436809330672e-01
5.743399613375191892e-01
5.719253621433753043e-01
5.695288763464639858e-01
5.671503355602794949e-01
5.647895727234497620e-01
5.624464220935880832e-01
5.601207193258169736e-01
5.578123014189705353e-01
5.555210067105196270e-01
5.532466749592488409e-01
5.509891472696376580e-01
5.487482661055049782e-01
5.465238753629536594e-01
5.443158202724126538e-01
5.421239474519302659e-01
5.399481049404728505e-01
5.377881420968900761e-01
5.356439097027241303e-01
5.335152599189912914e-01
5.314020462290361957e-01
5.293041235601219086e-01
5.272213481554752779e-01
5.251535776228291041e-01
5.231006709771400809e-01
5.210624885094790049e-01
5.190388919301404114e-01
5.170297442593797532e-01
5.150349098294231265e-01
5.130542543709730730e-01
5.110876448478713918e-01
5.091349496157921983e-01
5.071960383009602724e-01
5.052707818118319372e-01
5.033590524140768574e-01
5.014607235610248903e-01
4.995756700800814132e-01
4.977037679904516287e-01
4.958448945989222256e-01
4.939989284804882641e-01
4.921657493822024776e-01
4.903452383810904536e-01
4.885372776618302493e-01
4.867417507238502861e-01
4.849585421913059080e-01
4.831875379159938366e-01
4.814286249390228312e-01
4.796816914218695049e-01
4.779466267750061559e-01
4.762233214468304943e-01
4.745116671531144914e-01
4.728115566168339945e-01
4.711228837911800027e-01
4.694455436545216243e-01
4.677794323412505784e-01
4.661244470528164707e-01
4.644804860606355779e-01
4.628474487469639853e-01
4.612252354837209634e-01
4.596137477858643350e-01
4.580128880934520308e-01
4.564225600034608754e-01
4.548426679932008887e-01
4.532731176909377546e-01
4.517138155796728283e-01
4.501646692704392438e-01
4.486255872174229054e-01
4.470964789698696484e-01
4.455772549155067597e-01
4.440678265006012260e-01
4.425681060067213624e-01
4.410780067382568670e-01
4.395974428298418668e-01
4.381263294066546909e-01
4.366645824152142197e-01
4.352121187652462919e-01
4.337688561740104531e-01
4.323347133003395681e-01
4.309096095914224378e-01
4.294934654203625413e-01
4.280862019240249117e-01
4.266877411553773869e-01
4.252980059015029068e-01
4.239169198610329148e-01
4.225444074329183786e-01
4.211803939271088759e-01
4.198248053176457106e-01
4.184775684907736659e-01
4.171386109610941140e-01
4.158078611546647263e-01
4.144852480953069573e-01
4.131707017099608414e-01
4.118641525044994256e-01
4.105655318650463514e-01
4.092747717555899056e-01
4.079918049786445122e-01
4.067165649337547983e-01
4.054489857978538780e-01
4.041890023830205791e-01
4.029365502013968481e-01
4.016915654518993795e-01
4.004539849479145097e-01
3.992237462440565987e-01
3.980007874292891823e-01
3.967850473739918948e-01
3.955764654289696258e-01
3.943749817293238369e-01
3.931805368852622218e-01
3.919930722400949419e-01
3.908125296595459375e-01
3.896388516472148456e-01
3.884719813093611140e-01
3.873118622775566511e-01
3.861584388663146794e-01
3.850116558244153220e-01
3.838714586201689150e-01
3.827377931326886307e-01
3.816106059147396090e-01
3.804898439887128281e-01
3.793754549368669737e-01
3.782673869146824797e-01
3.771655885102734307e-01
3.760700089679105962e-01
3.749805978968745457e-01
3.738973055542848534e-01
3.728200826024855585e-01
3.717488802403581816e-01
3.706836501868421840e-01
3.696243445564080243e-01
3.685709160787234984e-01
3.675233178123474831e-01
3.664815034103742764e-01
3.654454269183151083e-01
3.644150428416713661e-01
3.633903062092886938e-01
3.623711723747006785e-01
3.613575972803651504e-01
3.603495371839300354e-01
3.593469488426096481e-01
3.583497894506487702e-01
3.573580165426787913e-01
3.563715882037137295e-01
3.553904627962683471e-01
3.544145991899746995e-01
3.534439566318420822e-01
3.524784947137254987e-01
3.515181735394966034e-01
3.505629534684079340e-01
3.496127953524825194e-01
3.486676603888007597e-01
3.477275101033261984e-01
3.467923065089511536e-01
3.458620118560165047e-01
3.449365888580694373e-01
3.440160005657591502e-01
3.431002103228498745e-01
3.421891819477231311e-01
3.412828794836396673e-01
3.403812673909443753e-01
3.394843104819251778e-01
3.385919738133402190e-01
3.377042229055741140e-01
3.368210235072644498e-01
3.359423417164131842e-01
3.350681440153815416e-01
3.341983970876150623e-01
3.333330680458682083e-01
3.324721242659777198e-01
3.316155333862992882e-01
3.307632634615225720e-01
3.299152827340703920e-01
3.290715597982938889e-01
3.282320635768911088e-01
3.273967631790798416e-01
3.265656281180833176e-01
3.257386281370104331e-01
3.249157332197869508e-01
3.240969137372801123e-01
3.232821402304712488e-01
3.224713835512481030e-01
3.216646148710041730e-01
3.208618055203896757e-01
3.200629271901886397e-01
3.192679518120402071e-01
3.184768515021432211e-01
3.176895987474798178e-01
3.169061662127342638e-01
3.161265267935511325e-01
3.153506537267481424e-01
3.145785203932199847e-01
3.138101004506744784e-01
3.130453678481961988e-01
3.122842966693808453e-01
3.115268613081847437e-01
3.107730363967269871e-01
3.100227967083667435e-01
3.092761173434129263e-01
3.085329735934960182e-01
3.077933409081516358e-01
3.070571950632224878e-01
3.063245119901796265e-01
3.055952677993200028e-01
3.048694389128678850e-01
3.041470018850273016e-01
3.034279334682711826e-01
3.027122107060279954e-01
3.019998107589181302e-01
3.012907110010423772e-01
3.005848890752283453e-01
2.998823227323750840e-01
2.991829899469883869e-01
2.984868689418893606e-01
2.977939380421477655e-01
2.971041758015694478e-01
2.964175610052641741e-01
2.957340725364017708e-01
2.950536895075316357e-01
2.943763912495506174e-01
2.937021571878155046e-01
2.930309669737821143e-01
2.923628004684911685e-01
2.916976376239042157e-01
2.910354586112875452e-01
2.903762438067919449e-01
2.897199736739201059e-01
2.890666288853505628e-01
2.884161903177219766e-01
2.877686389316929105e-01
2.871239558836337635e-01
2.864821225362703117e-01
2.858431203338067661e-01
2.852069308993330776e-01
2.845735360672648762e-01
2.839429177525227277e-01
2.833150580289158782e-01
2.826899391878793799e-01
2.820675436028841632e-01
2.814478537838674410e-01
2.808308524639717141e-01
2.802165224634596830e-01
2.796048467159042983e-01
2.789958083797233201e-01
2.783893907102327203e-01
2.777855770551393433e-01
2.771843509800667738e-01
2.765856961636756761e-01
2.759895963606965874e-01
2.753960355254052583e-01
2.748049977477476924e-01
2.742164671833000611e-01
2.736304281581558029e-01
2.730468651600898577e-01
2.724657627393747283e-01
2.718871055806549308e-01
2.713108785536879619e-01
2.707370665962162137e-01
2.701656547439951206e-01
2.695966282293331684e-01
2.690299723681121580e-01
2.684656725473674732e-01
2.679037143384548902e-01
2.673440834250283005e-01
2.667867655475100741e-01
2.662317465959284091e-01
2.656790126083720671e-01
2.651285496778754136e-01
2.645803440024742104e-01
2.640343819555804883e-01
2.634906499772467492e-01
2.629491345762827725e-01
2.624098224348148101e-01
2.618727003308394807e-01
2.613377550935132576e-01
2.608049736884180958e-01
2.602743432186503947e-01
2.597458508373298725e-01
2.592194837847990874e-01
2.586952294669666030e-01
2.581730753559469682e-01
2.576530089784228594e-01
2.571350180108384342e-01
2.566190902351448422e-01
2.561052134775982370e-01
2.555933756644753196e-01
2.550835648696422875e-01
2.545757692199570599e-01
2.540699768990487550e-01
2.535661762398199182e-01
2.530643556622223511e-01
2.525645036276257804e-01
2.520666086989989396e-01
2.515706595739152784e-01
2.510766449970982528e-01
2.505845537675321921e-01
2.500943748262765554e-01
2.496060971948865503e-01
2.491197099334194476e-01
2.486352021944874535e-01
2.481525632605685594e-01
2.476717824596121886e-01
2.471928491666658678e-01
2.467157528868066108e-01
2.462404832092058571e-01
2.457670297588320785e-01
2.452953822352686997e-01
2.448255304686511036e-01
2.443574643376096867e-01
2.438911737592678597e-01
2.434266487604528073e-01
2.429638794650280376e-01
2.425028560318813753e-01
2.420435686723802771e-01
2.415860077247790894e-01
2.411301635877972360e-01
2.406760266926098457e-01
2.402235875489579786e-01
2.397728367807328842e-01
2.393237650512842762e-01
2.388763630597700582e-01
2.384306216090775199e-01
2.379865315878791909e-01
2.375440839161638562e-01
2.371032695596481665e-01
2.366640796000325231e-01
2.362265051772923230e-01
2.357905374604364335e-01
2.353561676808600400e-01
2.349233871805837537e-01
2.344921873420355296e-01
2.340625595770112477e-01
2.336344953777132194e-01
2.332079863303451461e-01
2.327830240525088634e-01
2.323596001937756061e-01
2.319377064978325742e-01
2.315173347831724904e-01
2.310984768955541835e-01
2.306811247175396540e-01
2.302652702329549272e-01
2.298509054834792786e-01
2.294380225362408487e-01
2.290266135016013060e-01
2.286166705918522279e-01
2.282081860644473159e-01
2.278011522013461410e-01
2.273955613346968774e-01
2.269914058943917068e-01
2.265886783471516008e-01
2.261873711835623302e-01
2.257874769503580015e-01
2.253889882857874061e-01
2.249918978596640029e-01
2.245961983651776073e-01
2.242018825557652306e-01
2.238089432701427794e-01
2.234173733752402857e-01
2.230271657609012304e-01
2.226383133792284585e-01
2.222508092624211895e-01
2.218646464687429321e-01
2.214798180788026261e-01
2.210963172354667161e-01
2.207141371580274014e-01
2.203332710904845892e-01
2.199537122984428217e-01
2.195754541078969724e-01
2.191984899192166991e-01
2.188228131567210855e-01
2.184484172654365119e-01
2.180752957471796261e-01
2.177034421775872752e-01
2.173328501560540249e-01
2.169635133017208395e-01
2.165954252853020678e-01
2.162285798519453794e-01
2.158629707710434109e-01
2.154985918308384707e-01
2.151354368645177761e-01
2.147734997808649349e-01
2.144127745143556696e-01
2.140532550175765214e-01
2.136949352804859148e-01
2.133378093692984423e-01
2.129818713788124429e-01
2.126271154213352221e-01
2.122735356389939265e-01
2.119211262486223601e-01
2.115698815007297506e-01
2.112197956627682172e-01
2.108708630256662941e-01
2.105230779495309845e-01
2.101764348359677625e-01
2.098309281031282558e-01
2.094865521880980019e-01
2.091433015872212475e-01
2.088011708481373463e-01
2.084601545353922947e-01
2.081202472298724626e-01
2.077814435583340558e-01
2.074437382084389769e-01
2.071071258869567056e-01
2.067716013159529576e-01
2.064371592491468232e-01
2.061037945066297450e-01
2.057715019333541118e-01
2.054402763890700867e-01
2.051101127545317815e-01
2.047810059726415111e-01
2.044529510225057412e-01
2.041259428976680002e-01
2.037999766072200736e-01
2.034750472083930450e-01
2.031511498090577683e-01
2.028282795327740751e-01
2.025064315169326223e-01
2.021856009293627743e-01
2.018657829983740437e-01
2.015469729738811888e-01
2.012291661191694392e-01
2.009123577155078888e-01
2.005965430997725396e-01
2.002817176444735281e-01
1.999678767352777442e-01
1.996550157711341755e-01
1.993431301886181839e-01
1.990322154763205231e-01
1.987222671388647610e-01
1.984132806933607274e-01
1.981052516768982419e-01
1.977981756821618198e-01
1.974920483293927664e-01
1.971868652509425335e-01
1.968826220919265291e-01
1.965793145364334304e-01
1.962769383148870450e-01
1.959754891716744551e-01
1.956749628628482174e-01
1.953753551637013586e-01
1.950766619022896997e-01
1.947788789319177816e-01
1.944820021171984881e-01
1.941860273344833687e-01
1.938909504951226159e-01
1.935967675556976020e-01
1.933034744863803001e-01
1.930110672682447404e-01
1.927195418981585140e-01
1.924288944211230978e-01
1.921391209098691488e-01
1.918502174477772770e-01
1.915621801288161230e-01
1.912750050734572660e-01
1.909886884492235370e-01
1.907032264389896536e-01
1.904186152358230966e-01
1.901348510445689532e-01
1.898519301091279587e-01
1.895698487083221917e-01
1.892886031316680095e-01
1.890081896785210658e-01
1.887286046644950643e-01
1.884498444508770354e-01
1.881719054209837760e-01
1.878947839676783360e-01
1.876184764933845062e-01
1.873429794247855606e-01
1.870682892317523383e-01
1.867944023981073787e-01
1.865213154168785803e-01
1.862490247911034735e-01
1.859775270565089123e-01
1.857068187840338613e-01
1.854368965549095249e-01
1.851677569592554418e-01
1.848993965988653954e-01
1.846318121140493873e-01
1.843650001716107545e-01
1.840989574472097490e-01
1.838336806250897570e-01
1.835691664039370008e-01
1.833054115232391479e-01
1.830424127418772973e-01
1.827801668270623570e-01
1.825186705542965193e-01
1.822579207169292281e-01
1.819979141482583052e-01
1.817386476962277175e-01
1.814801182168180316e-01
1.812223225740764998e-01
1.809652576531177726e-01
