1.000000000000000000e+00
9.945698067416344212e-01
9.891630902805894632e-01
9.837805894651777683e-01
9.784228784695364611e-01
9.730905149981126101e-01
9.677840301781791554e-01
9.625039283012308822e-01
9.572506877922627444e-01
9.520247616933927848e-01
9.468265781217399812e-01
9.416565408842128004e-01
9.365150300222317981e-01
9.314024023021763021e-01
9.263189918042588067e-01
9.212651105033159427e-01
9.162410488117761487e-01
9.112470761053053092e-01
9.062834413151640289e-01
9.013503734958401292e-01
8.964480823782396968e-01
8.915767589103777979e-01
8.867365758044577495e-01
8.819276881037837468e-01
8.771502337262737647e-01
8.724043340015339432e-01
8.676900942028096253e-01
8.630076040703771323e-01
8.583569383293934152e-01
8.537381572108138084e-01
8.491513069578550121e-01
8.445964203236303591e-01
8.400735170607959157e-01
8.355826044028576982e-01
8.311236775368402441e-01
8.266967200670395366e-01
8.223017044696246947e-01
8.179385925378913624e-01
8.136073358179899406e-01
8.093078760349474710e-01
8.050401455090205882e-01
8.008040675622453142e-01
7.965995569148953681e-01
7.924265200720198576e-01
7.882848557000559087e-01
7.841744549935288910e-01
7.800952020318554503e-01
7.760469741263055221e-01
7.720296421571662959e-01
7.680430709011621948e-01
7.640871193491004520e-01
7.601616410141177616e-01
7.562664842305188984e-01
7.524014924432984586e-01
7.485665044885008168e-01
7.447613548645504178e-01
7.409858739947057238e-01
7.372398884807723762e-01
7.335232213482417718e-01
7.298356922829991600e-01
7.261771178597687948e-01
7.225473117624486852e-01
7.189460849962380218e-01
7.153732460902014756e-01
7.118286012953862762e-01
7.083119547757316115e-01
7.048231087906365877e-01
7.013618638704396391e-01
6.979280189849705884e-01
6.945213717053183577e-01
6.911417183572601264e-01
6.877888541692993574e-01
6.844625734189034860e-01
6.811626695697258205e-01
6.778889354025198211e-01
6.746411631402196019e-01
6.714191445660119273e-01
6.682226711381635820e-01
6.650515341026859151e-01
6.619055245976953605e-01
6.587844337524039195e-01
6.556880527811932424e-01
6.526161730752927381e-01
6.495685862908177066e-01
6.465450844298876731e-01
6.435454599171900325e-01
6.405695056759084238e-01
6.376170152006563896e-01
6.346877826216060781e-01
6.317816027653120337e-01
6.288982712168464939e-01
6.260375843831753606e-01
6.231993395397996682e-01
6.203833348770967371e-01
6.175893695529247607e-01
6.148172437475990515e-01
6.120667586928525417e-01
6.093377167060146649e-01
6.066299212417238795e-01
6.039431769310863451e-01
6.012772895944070717e-01
5.986320662715479690e-01
5.960073152787712658e-01
5.934028462142687532e-01
5.908184699663243666e-01
5.882539987625502453e-01
5.857092461968711472e-01
5.831840272122358337e-01
5.806781581327095099e-01
5.781914567144436079e-01
5.757237421113420295e-01
5.732748348888400125e-01
5.708445570900503307e-01
5.684327321939106614e-01
5.660391851126801432e-01
5.636637422672600151e-01
5.613062315392205459e-01
5.589664822577743442e-01
5.566443252830816091e-01
5.543395929448587944e-01
5.520521190305386350e-01
5.497817388737262778e-01
5.475282892695688686e-01
5.452916084832384325e-01
5.430715363290891107e-01
5.408679140614472969e-01
5.386805844263423682e-01
5.365093916991863221e-01
5.343541815711917442e-01
5.322148012557055274e-01
5.300910994441967450e-01
5.279829262381934285e-01
5.258901332790846261e-01
5.238125736113750097e-01
5.217501017273584729e-01
5.197025736165725718e-01
5.176698466211693272e-01
5.156517795850992236e-01
5.136482327414955140e-01
5.116590677063541648e-01
5.096841475746198835e-01
5.077233367411387865e-01
5.057765010648067605e-01
5.038435077451609567e-01
5.019242253255029595e-01
5.000185237779350977e-01
4.981262743192687026e-01
4.962473496057404621e-01
4.943816235448407759e-01
4.925289713870643626e-01
4.906892697135932235e-01
4.888623963260269600e-01
4.870482304167754184e-01
4.852466523333319182e-01
4.834575437914255813e-01
4.816807876819812484e-01
4.799162681686444665e-01
4.781638706572457487e-01
4.764234817129545663e-01
4.746949892022234718e-01
4.729782820661610487e-01
4.712732505611473832e-01
4.695797859888437009e-01
4.678977809222814588e-01
4.662271290002492630e-01
4.645677250523644886e-01
4.629194650175220693e-01
4.612822459344332882e-01
4.596559659951233168e-01
4.580405244078716298e-01
4.564358215652001283e-01
4.548417588097435349e-01
4.532582386795907525e-01
4.516851646180513602e-01
4.501224412541966480e-01
4.485699740974937733e-01
4.470276698161978479e-01
4.454954359482307669e-01
4.439731811536749007e-01
4.424608149581066852e-01
4.409582479696134705e-01
4.394653916587210052e-01
4.379821585401276196e-01
4.365084619856918202e-01
4.350442163770087967e-01
4.335893369434102307e-01
4.321437398948742015e-01
4.307073422745359426e-01
4.292800620831496161e-01
4.278618181344537308e-01
4.264525301830859316e-01
4.250521187708681259e-01
4.236605053699759593e-01
4.222776122086889239e-01
4.209033624407018115e-01
4.195376799403214840e-01
4.181804895067247618e-01
4.168317166214602909e-01
4.154912876925988541e-01
4.141591297724531162e-01
4.128351708400651576e-01
4.115193394852829090e-01
4.102115652178255911e-01
4.089117781361995552e-01
4.076199092376036059e-01
4.063358901040101667e-01
4.050596531755136787e-01
4.037911314940278440e-01
4.025302588987279551e-01
4.012769698676597052e-01
4.000311995980038726e-01
3.987928839776069823e-01
3.975619595258199634e-01
3.963383635086378254e-01
3.951220337400627725e-01
3.939129088238818577e-01
3.927109278532148195e-01
3.915160307179218480e-01
3.903281577869809338e-01
3.891472501780563475e-01
3.879732495322853469e-01
3.868060981448669944e-01
3.856457389145665493e-01
3.844921152795185426e-01
3.833451713642917480e-01
3.822048517370186249e-01
3.810711016937486373e-01
3.799438669445694972e-01
3.788230938863523245e-01
3.777087293849299421e-01
3.766007208801211426e-01
3.754990163846900209e-01
3.744035643550039927e-01
3.733143139076010586e-01
3.722312145285002205e-01
3.711542163618686274e-01
3.700832699559833405e-01
3.690183264085206138e-01
3.679593373356146446e-01
3.669062547589388434e-01
3.658590313184134635e-01
3.648176199858439439e-01
3.637819743374406944e-01
3.627520483394078843e-01
3.617277964295400605e-01
3.607091735676226651e-01
3.596961350448852346e-01
3.586886367467185255e-01
3.576866348730520229e-01
3.566900861340584483e-01
3.556989476737341671e-01
3.547131769851484817e-01
3.537327321135161906e-01
3.527575713826040515e-01
3.517876536324255343e-01
3.508229380766128003e-01
3.498633842827318374e-01
3.489089523303819940e-01
3.479596025562099459e-01
3.470152957976831432e-01
3.460759932333289379e-01
3.451416563792714109e-01
3.442122472380806930e-01
3.432877280509922802e-01
3.423680615302043262e-01
3.414532107207348122e-01
3.405431389684892007e-01
3.396378100941119249e-01
3.387371881429738218e-01
3.378412375855533445e-01
3.369499232399347788e-01
3.360632101745853473e-01
3.351810639236627032e-01
3.343034502473265501e-01
3.334303352632955741e-01
3.325616854701558545e-01
3.316974675704100206e-01
3.308376487009942468e-01
3.299821962575763545e-01
3.291310779054892888e-01
3.282842617253838302e-01
3.274417159849414283e-01
3.266034093109519976e-01
3.257693106542018935e-01
3.249393891554086533e-01
3.241136143631084821e-01
3.232919560515059021e-01
3.224743842422636009e-01
3.216608693427050469e-01
3.208513819291041735e-01
3.200458928954365567e-01
3.192443734510415076e-01
3.184467949664739339e-01
3.176531291771627630e-01
3.168633480546471093e-01
3.160774237598493186e-01
3.152953288254676800e-01
3.145170359586900721e-01
3.137425181039391053e-01
3.129717485444731273e-01
3.122047007066752755e-01
3.114413482998539817e-01
3.106816653205478618e-01
3.099256259008698611e-01
3.091732044882052333e-01
3.084243757633526872e-01
3.076791145511676429e-01
3.069373960064452067e-01
3.061991954708603303e-01
3.054644884482854983e-01
3.047332507695486026e-01
3.040054584176784536e-01
3.032810875596851918e-01
3.025601146731591862e-01
3.018425163653909449e-01
3.011282694473664256e-01
3.004173510183573703e-01
2.997097382934793552e-01
2.990054087067027799e-01
2.983043399572281040e-01
2.976065098517020058e-01
2.969118964255243465e-01
2.962204779584362568e-01
2.955322328323241043e-01
2.948471396626720087e-01
2.941651772920447216e-01
2.934863246613017007e-01
2.928105609452798519e-01
2.921378655328364937e-01
2.914682179076893420e-01
2.908015977840631705e-01
2.901379850814252426e-01
2.894773598105725432e-01
2.888197022059197927e-01
2.881649927024687030e-01
2.875132118228493905e-01
2.868643403031731487e-01
2.862183590793197507e-01
2.855752491712069685e-01
2.849349917988140413e-01
2.842975683844793933e-01
2.836629604316686648e-01
2.830311496271183946e-01
2.824021178652338371e-01
2.817758471201053938e-01
2.811523195290435706e-01
2.805315174438853254e-01
2.799134232971314251e-01
2.792980196618288780e-01
2.786852893320090896e-01
2.780752151868245980e-01
2.774677802222459966e-01
2.768629676581863541e-01
2.762607608087460087e-01
2.756611430829690179e-01
2.750640981086904246e-01
2.744696096232258076e-01
2.738776614415521227e-01
2.732882375806190978e-01
2.727013221890025041e-01
2.721168994815245101e-01
2.715349538469892243e-01
2.709554698319648902e-01
2.703784320451331769e-01
2.698038252333274656e-01
2.692316343255231059e-01
2.686618443172774096e-01
2.680944403053099889e-01
2.675294075819119044e-01
2.669667315204070079e-01
2.664063975670230011e-01
2.658483913539759214e-01
2.652926986220692229e-01
2.647393051694320598e-01
2.641881969470308844e-01
2.636393600502149326e-01
2.630927806286664783e-01
2.625484449404100751e-01
2.620063394167467807e-01
2.614664505537938610e-01
2.609287649183233970e-01
2.603932692514579483e-01
2.598599503868056493e-01
2.593287952096719473e-01
2.587997907448308377e-01
2.582729241510605678e-01
2.577481826364710349e-01
2.572255534993326265e-01
2.567050242020548212e-01
2.561865822711495433e-01
2.556702152888850055e-01
2.551559109892836408e-01
2.546436572083242700e-01
2.541334418261938510e-01
2.536252528261968564e-01
2.531190783367196495e-01
2.526149065377545910e-01
2.521127256676192752e-01
2.516125241150533043e-01
2.511142903526016879e-01
2.506180128943522045e-01
2.501236803589600988e-01
2.496312814969232075e-01
2.491408051047626915e-01
2.486522400348137041e-01
2.481655752824475925e-01
2.476807999204323485e-01
2.471979030601158811e-01
2.467168739082539475e-01
2.462377017989259009e-01
2.457603761104873163e-01
2.452848862695916898e-01
2.448112218343606594e-01
2.443393724438362447e-01
2.438693277727095599e-01
2.434010775729107401e-01
2.429346117251602322e-01
2.424699201570633678e-01
2.420069928353501543e-01
2.415458198386638000e-01
2.410863913395517311e-01
2.406286975451014942e-01
2.401727287166806057e-01
2.397184752425699505e-01
2.392659275690108001e-01
2.388150761747861450e-01
2.383659116198144912e-01
2.379184245758741711e-01
2.374726057530489043e-01
2.370284458979138309e-01
2.365859358627067088e-01
2.361450665824467443e-01
2.357058290230716613e-01
2.352682141977991137e-01
2.348322132361178316e-01
2.343978173232766360e-01
2.339650176735137976e-01
2.335338055657724121e-01
2.331041723880078465e-01
2.326761095671202872e-01
2.322496085596335025e-01
2.318246609047663054e-01
2.314012582331634038e-01
2.309793922061151028e-01
2.305590545175608963e-01
2.301402369572464468e-01
2.297229313869143807e-01
2.293071296952307603e-01
2.288928238088362155e-01
2.284800057563918241e-01
2.280686676218525721e-01
2.276588015144765664e-01
2.272503995884256056e-01
2.268434540994701265e-01
2.264379573465117312e-01
2.260339016528976896e-01
2.256312793941716854e-01
2.252300830424126543e-01
2.248303051050206114e-01
2.244319381132716951e-01
2.240349746567035782e-01
2.236394074146312583e-01
2.232452290967841535e-01
2.228524324363580222e-01
2.224610102288902269e-01
2.220709553531720337e-01
2.216822607152934277e-01
2.212949192444088609e-01
2.209089239339624144e-01
2.205242678553370472e-01
2.201409441052076255e-01
2.197589458027757181e-01
2.193782661314679916e-01
2.189988983489490615e-01
2.186208357368888966e-01
2.182440715987378210e-01
2.178685993002663634e-01
2.174944122794730261e-01
2.171215039976143180e-01
2.167498679367900749e-01
2.163794976378032864e-01
2.160103867132441569e-01
2.156425287987196737e-01
2.152759175496554711e-01
2.149105466749458571e-01
2.145464099560873694e-01
2.141835011979701942e-01
2.138218142243327458e-01
2.134613429056869960e-01
2.131020811866488340e-01
2.127440230364842921e-01
2.123871624425117122e-01
2.120314934310672528e-01
2.116770101037885599e-01
2.113237065895673950e-01
2.109715770347281583e-01
2.106206156166858245e-01
2.102708165874187241e-01
2.099221742308445271e-01
2.095746828477461077e-01
2.092283367632072066e-01
2.088831303721962740e-01
2.085390581091105533e-01
2.081961144247567452e-01
2.078542937892970954e-01
2.075135907335103336e-01
2.071739998373406388e-01
2.068355156973233910e-01
2.064981329264450605e-01
2.061618461852285644e-01
2.058266501933332937e-01
2.054925396888628575e-01
2.051595094251599249e-01
2.048275541886944995e-01
2.044966688314829029e-01
2.041668482291660869e-01
2.038380872721132775e-01
2.035103808724896823e-01
2.031837240051994897e-01
2.028581116794524741e-01
2.025335389187779833e-01
2.022100007624976215e-01
2.018874922995205490e-01
2.015660086675039042e-01
2.012455450193700035e-01
2.009260965218300776e-01
2.006076583734781316e-01
2.002902258324499585e-01
1.999737941774104855e-01
1.996583587003298021e-01
1.993439147118055144e-01
1.990304575787911479e-01
1.987179827020222056e-01
1.984064854952498069e-01
1.980959613855897139e-01
1.977864058392710123e-01
1.974778143730001045e-01
1.971701825188947044e-01
1.968635058214961708e-01
1.965577798462229409e-01
1.962530002142659213e-01
1.959491625727931008e-01
1.956462625810093114e-01
1.953442959110370247e-01
1.950432582753539035e-01
1.947431454311392418e-01
1.944439531490653461e-01
1.941456772114107943e-01
1.938483134205959690e-01
1.935518576318941419e-01
1.932563057243451843e-01
1.929616535882319461e-01
1.926678971256834960e-01
1.923750322751869579e-01
1.920830550189618069e-01
1.917919613523034750e-01
1.915017472813531629e-01
1.912124088287129597e-01
1.909239420656035080e-01
1.906363430893836808e-01
1.903496080079662978e-01
1.900637329398463526e-01
1.897787140313190735e-01
1.894945474746920211e-01
1.892112294768474312e-01
1.889287562548069566e-01
1.886471240376709491e-01
1.883663290946518964e-01
1.880863677282656743e-01
1.878072362514691673e-01
1.875289309870063481e-01
1.872514482746809039e-01
1.869747845000833408e-01
1.866989360694761846e-01
1.864238993986085668e-01
1.861496709127861138e-01
1.858762470627971231e-01
1.856036243416359643e-01
1.853317992555187366e-01
1.850607683198166598e-01
1.847905280600944111e-01
1.845210750357345608e-01
1.842524058398739006e-01
1.839845170756057302e-01
1.837174053548634445e-01
1.834510673017060722e-01
1.831854995794039709e-01
1.829206988762344666e-01
1.826566618892003502e-01
1.823933853238406400e-01
1.821308659008879782e-01
1.818691003819622176e-01
1.816080855468328037e-01
1.813478181835453673e-01
1.810882950883987708e-01
1.808295130765510128e-01
1.805714690025817248e-01
1.803141597348184300e-01
1.800575821495806472e-01
1.798017331312548872e-01
1.795466095864069744e-01
