1.000000000000000000e+00
9.947663262509854887e-01
9.895522630010349374e-01
9.843585685117137718e-01
9.791858362570415864e-01
9.740346458689936870e-01
9.689055527274386126e-01
9.637990875800900303e-01
9.587157573913610564e-01
9.536560457102308819e-01
9.486204130174064053e-01
9.436092972206847618e-01
9.386231140889554903e-01
9.336622576377250349e-01
9.287271006080066726e-01
9.238179949417658632e-01
9.189352722247038363e-01
9.140792441146819991e-01
9.092502028355682331e-01
9.044484216516071040e-01
8.996741553306925043e-01
8.949276405987496297e-01
8.902090966019854390e-01
8.855187253918718193e-01
8.808567123906793084e-01
8.762232268535447011e-01
8.716184223284338950e-01
8.670424371108126360e-01
8.624953946951710027e-01
8.579774042327636963e-01
8.534885609781965865e-01
8.490289467299995119e-01
8.445986302660717371e-01
8.401976677736178178e-01
8.358261032732051676e-01
8.314839690366199187e-01
8.271712859982222055e-01
8.228880641595355261e-01
8.186343029868297094e-01
8.144099918014541251e-01
8.102151101628234375e-01
8.060496282439538751e-01
8.019135071991233543e-01
7.978066995237418357e-01
7.937291494063645203e-01
7.896807930727808289e-01
7.856615591221228767e-01
7.816713688549680183e-01
7.777101365934064869e-01
7.737777699930226127e-01
7.698741703467382180e-01
7.659992328808095108e-01
7.621528470428482471e-01
7.583348967819347752e-01
7.545452608208927936e-01
7.507838129208022071e-01
7.470504221378196918e-01
7.433449530724046683e-01
7.396672661110327285e-01
7.360172176604953265e-01
7.323946603748919815e-01
7.287994433754134693e-01
7.252314124625924840e-01
7.216904103194101694e-01
7.181762767116114388e-01
7.146888486811152630e-01
7.112279607317180119e-01
7.077934450083135376e-01
7.043851314697607835e-01
7.010028480554516550e-01
6.976464208429820069e-01
6.943156742015713645e-01
6.910104309453305449e-01
6.877305124770187739e-01
6.844757389258291358e-01
6.812459292796042565e-01
6.780409015085929747e-01
6.748604726872207138e-01
6.717044591164095246e-01
6.685726764361811236e-01
6.654649397329714944e-01
6.623810636403781871e-01
6.593208624370021642e-01
6.562841501461029736e-01
6.532707406260083172e-01
6.502804476553873947e-01
6.473130850141118886e-01
6.443684665649376253e-01
6.414464063300575614e-01
6.385467185611289898e-01
6.356692178073036770e-01
6.328137189837987897e-01
6.299800374328573538e-01
6.271679889798901231e-01
6.243773899913455105e-01
6.216080574338000986e-01
6.188598089183470208e-01
6.161324627444481061e-01
6.134258379540032946e-01
6.107397543771695414e-01
6.080740326608321533e-01
6.054284943064249802e-01
6.028029617253288786e-01
6.001972582586769800e-01
5.976112081980995416e-01
5.950446368354032067e-01
5.924973704939888730e-01
5.899692365292552587e-01
5.874600633650356452e-01
5.849696805415153245e-01
5.824979186997037983e-01
5.800446096032122467e-01
5.776095861980649060e-01
5.751926825876900740e-01
5.727937340414013256e-01
5.704125770619525859e-01
5.680490493524256168e-01
5.657029898159083858e-01
5.633742386295400584e-01
5.610626371980794724e-01
5.587680281545068794e-01
5.564902554374010490e-01
5.542291642239609573e-01
5.519846009477712423e-01
5.497564133662982133e-01
5.475444504734321427e-01
5.453485625535928749e-01
5.431686012115277684e-01
5.410044192826739540e-01
5.388558709322394114e-01
5.367228116133964111e-01
5.346050980196974667e-01
5.325025881989946530e-01
5.304151414341333748e-01
5.283426182942749794e-01
5.262848806719822026e-01
5.242417916644439568e-01
5.222132157105123795e-01
5.201990184853129140e-01
5.181990669091658397e-01
5.162132292256730315e-01
5.142413748490995973e-01
5.122833745174419917e-01
5.103391001739627786e-01
5.084084249859497362e-01
5.064912234109283373e-01
5.045873710404894519e-01
5.026967447785646304e-01
5.008192226654128998e-01
4.989546839762080688e-01
4.971030091959562913e-01
4.952640799358687951e-01
4.934377790798670227e-01
4.916239905749764660e-01
4.898225996321307063e-01
4.880334925398617241e-01
4.862565567712456294e-01
4.844916809392197377e-01
4.827387547398686585e-01
4.809976690690699885e-01
4.792683158258619347e-01
4.775505881311418732e-01
4.758443800773208276e-01
4.741495869475748637e-01
4.724661050123463157e-01
4.707938316645497445e-01
4.691326653246686851e-01
4.674825054543286784e-01
4.658432525861251339e-01
4.642148082167177336e-01
4.625970749469131560e-01
4.609899562787246330e-01
4.593933568344508722e-01
4.578071820931936542e-01
4.562313386516360092e-01
4.546657339371292239e-01
4.531102764753518475e-01
4.515648756103523009e-01
4.500294417549102199e-01
4.485038861350711947e-01
4.469881210120089654e-01
4.454820594568795755e-01
4.439856155427075457e-01
4.424987041476493577e-01
4.410212411214906592e-01
4.395531431107269071e-01
4.380943277078046538e-01
4.366447132887953941e-01
4.352042191554068018e-01
4.337727653747273093e-01
4.323502729248281384e-01
4.309366635257046996e-01
4.295318597992143217e-01
4.281357850808489851e-01
4.267483636037689432e-01
4.253695202825780730e-01
4.239991809289962998e-01
4.226372720018588547e-01
4.212837208579096604e-01
4.199384554675194003e-01
4.186014046973466352e-01
4.172724979997362027e-01
4.159516657136537177e-01
4.146388387478090465e-01
4.133339488732551414e-01
4.120369284322976666e-01
4.107477105869865031e-01
4.094662290915896397e-01
4.081924184589197924e-01
4.069262138329470258e-01
4.056675510397910744e-01
4.044163665880561309e-01
4.031725975849551058e-01
4.019361818731065350e-01
4.007070578168738795e-01
3.994851645534098772e-01
3.982704416921405977e-01
3.970628296144406710e-01
3.958622691730264154e-01
3.946687019387390971e-01
3.934820700035270291e-01
3.923023160819654742e-01
3.911293834898866284e-01
3.899632160553945237e-01
3.888037582855584096e-01
3.876509551132445996e-01
3.865047521822894683e-01
3.853650955443848058e-01
3.842319319121942911e-01
3.831052084683606029e-01
3.819848729421314038e-01
3.808708736356882785e-01
3.797631592737640283e-01
3.786616792328189596e-01
3.775663832503096118e-01
3.764772217014056288e-01
3.753941453674075057e-01
3.743171055540228109e-01
3.732460540880329636e-01
3.721809431825742753e-01
3.711217256624937400e-01
3.700683546788885447e-01
3.690207839677591695e-01
3.679789676596080250e-01
3.669428603340733619e-01
3.659124170948805932e-01
3.648875933643809799e-01
3.638683451483417652e-01
3.628546287684069060e-01
3.618464010356170490e-01
3.608436192006769239e-01
3.598462408467396623e-01
3.588542241051195791e-01
3.578675273837961246e-01
3.568861095890475954e-01
3.559099300077982475e-01
3.549389482634495718e-01
3.539731244908754237e-01
3.530124190789456495e-01
3.520567929014633002e-01
3.511062071808336293e-01
3.501606234603164558e-01
3.492200037700495252e-01
3.482843103766517512e-01
3.473535060024203203e-01
3.464275537105526159e-01
3.455064168502494093e-01
3.445900592447148081e-01
3.436784449423233578e-01
3.427715384008416799e-01
3.418693044337600129e-01
3.409717080937414435e-01
3.400787148946318172e-01
3.391902905807392399e-01
3.383064012380149754e-01
3.374270133396777283e-01
3.365520935575906369e-01
3.356816089877817100e-01
3.348155269933565936e-01
3.339538151933772459e-01
3.330964416237497394e-01
3.322433745089176660e-01
3.313945824184070243e-01
3.305500342538897351e-01
3.297096991005811217e-01
3.288735464437585465e-01
3.280415460025122854e-01
3.272136677306496377e-01
3.263898819697025888e-01
3.255701592325468963e-01
3.247544703365221608e-01
3.239427864220741360e-01
3.231350787872609986e-01
3.223313190855686128e-01
3.215314792156688251e-01
3.207355312564910133e-01
3.199434476563746133e-01
3.191552010444684839e-01
3.183707642750644995e-01
3.175901105454591589e-01
3.168132131980588850e-01
3.160400458462906959e-01
3.152705823985898492e-01
3.145047968970766106e-01
3.137426636894392051e-01
3.129841573658352916e-01
3.122292526552128966e-01
3.114779246103601129e-01
3.107301484795166324e-01
3.099858996650016185e-01
3.092451538944261946e-01
3.085078870543306317e-01
3.077740752053631512e-01
3.070436947209976286e-01
3.063167221089377334e-01
3.055931340701216192e-01
3.048729075986324477e-01
3.041560198071353582e-01
3.034424480167375870e-01
3.027321698202855571e-01
3.020251629194182219e-01
3.013214052345132288e-01
3.006208749377652922e-01
2.999235503038524264e-01
2.992294098315583240e-01
2.985384322547365854e-01
2.978505964052208799e-01
2.971658813398210808e-01
2.964842663375806819e-01
2.958057307717670281e-01
2.951302542375124349e-01
2.944578165434484918e-01
2.937883975888802568e-01
2.931219774882747320e-01
2.924585365648602608e-01
2.917980552290883045e-01
2.911405140964664073e-01
2.904858939902311143e-01
2.898341758177475080e-01
2.891853406779560376e-01
2.885393698797217299e-01
2.878962448138360775e-01
2.872559470458412312e-01
2.866184583558316068e-01
2.859837606052846315e-01
2.853518358105264219e-01
2.847226662081794313e-01
2.840962341182901030e-01
2.834725219936156670e-01
2.828515125119285267e-01
2.822331884400870461e-01
2.816175326550963143e-01
2.810045282593380267e-01
2.803941584547266497e-01
2.797864065333079409e-01
2.791812560039431124e-01
2.785786904919174134e-01
2.779786936972088451e-01
2.773812495168786474e-01
2.767863419874175279e-01
2.761939552104757944e-01
2.756040734548850235e-01
2.750166811547135048e-01
2.744317628069813941e-01
2.738493030395534600e-01
2.732692866679871102e-01
2.726916985772220858e-01
2.721165237473783249e-01
2.715437473557558157e-01
2.709733546657078218e-01
2.704053310102081387e-01
2.698396619047796485e-01
2.692763329807292272e-01
2.687153299257004080e-01
2.681566385738417546e-01
2.676002449106939518e-01
2.670461349773989301e-01
2.664942949170288622e-01
2.659447110497679123e-01
2.653973697642379448e-01
2.648522575161524339e-01
2.643093609333454497e-01
2.637686667427316944e-01
2.632301617219633960e-01
2.626938327821978225e-01
2.621596669752890296e-01
2.616276514038314294e-01
2.610977732549790709e-01
2.605700198825400271e-01
2.600443787085953140e-01
2.595208372087679516e-01
2.589993830064218905e-01
2.584800038337358163e-01
2.579626874673497383e-01
2.574474217810474586e-01
2.569341947983676544e-01
2.564229945972186231e-01
2.559138093109254997e-01
2.554066272208124766e-01
2.549014366983229363e-01
2.543982261562616198e-01
2.538969841062478361e-01
2.533976991969414394e-01
2.529003601252786115e-01
2.524049556411042117e-01
2.519114746352374978e-01
2.514199060819363729e-01
2.509302389939404021e-01
2.504424624738811334e-01
2.499565657564786214e-01
2.494725381231193695e-01
2.489903689012525345e-01
2.485100475468470238e-01
2.480315636029483406e-01
2.475549066485834282e-01
2.470800663349938808e-01
2.466070324454235907e-01
2.461357948132092688e-01
2.456663433096521187e-01
2.451986679135982339e-01
2.447327587038084507e-01
2.442686057945671063e-01
2.438061993510603764e-01
2.433455296651089172e-01
2.428865870914273528e-01
2.424293620171417973e-01
2.419738449055514884e-01
2.415200263360998689e-01
2.410678969288453100e-01
2.406174473390809976e-01
2.401686683239180609e-01
2.397215507290286485e-01
2.392760854318159436e-01
2.388322633540562734e-01
2.383900755330362886e-01
2.379495130667422242e-01
2.375105670822607595e-01
2.370732287669469474e-01
2.366374894201103141e-01
2.362033403829235101e-01
2.357707730257314893e-01
2.353397787971103217e-01
2.349103492419520323e-01
2.344824759373120293e-01
2.340561504916450208e-01
2.336313646058348625e-01
2.332081100581773481e-01
2.327863786545930069e-01
2.323661622367937940e-01
2.319474527468820269e-01
2.315302421872504068e-01
2.311145225858940444e-01
2.307002860125792199e-01
2.302875246390859720e-01
2.298762306843527004e-01
2.294663963918921190e-01
2.290580140535911358e-01
2.286510760600270198e-01
2.282455748401081563e-01
2.278415028466168890e-01
2.274388525865362887e-01
2.270376166598425394e-01
2.266377876992309581e-01
2.262393583607193726e-01
2.258423213586144285e-01
2.254466694942784122e-01
2.250523955982132174e-01
2.246594925237281326e-01
2.242679531844772867e-01
2.238777705761297587e-01
2.234889377212052330e-01
2.231014476644366251e-01
2.227152935109499021e-01
2.223304684442543311e-01
2.219469656732843132e-01
2.215647784284510424e-01
2.211838999987282006e-01
2.208043237493832189e-01
2.204260430703415263e-01
2.200490513721410912e-01
2.196733421203061754e-01
2.192989088559889055e-01
2.189257451448539671e-01
2.185538445722721435e-01
2.181832007734187395e-01
2.178138074595031282e-01
2.174456583668450682e-01
2.170787472506327254e-01
2.167130679093183243e-01
2.163486142182116656e-01
2.159853800793636869e-01
2.156233594130002595e-01
2.152625461752400715e-01
2.149029343991851748e-01
2.145445181478499719e-01
2.141872915018292745e-01
2.138312485704330357e-01
2.134763835376323748e-01
2.131226906227790818e-01
2.127701640622434165e-01
2.124187981151708648e-01
2.120685871090928487e-01
2.117195254150081862e-01
2.113716074206091755e-01
2.110248275321788547e-01
2.106791802139139080e-01
2.103346599832743302e-01
2.099912613749604640e-01
2.096489789399399728e-01
2.093078072734794459e-01
2.089677410333195540e-01
2.086287748969888889e-01
2.082909035573715650e-01
2.079541217376876527e-01
2.076184242281433334e-01
2.072838058450452992e-01
2.069502614195624368e-01
2.066177858031930936e-01
2.062863739089038917e-01
2.059560206876765720e-01
2.056267211050587518e-01
2.052984701419563185e-01
2.049712628260170755e-01
2.046450942372488313e-01
2.043199594717906853e-01
2.039958536396610511e-01
2.036727718800167841e-01
2.033507093932279408e-01
2.030296614023553714e-01
2.027096231438899610e-01
2.023905898717649199e-01
2.020725568947100148e-01
2.017555195588429107e-01
2.014394732235924024e-01
2.011244132616184510e-01
2.008103350818111199e-01
2.004972341464299201e-01
2.001851059344067485e-01
1.998739459372170235e-01
1.995637496655467968e-01
1.992545126853693116e-01
1.989462305917494289e-01
1.986388989919400383e-01
1.983325135058461863e-01
1.980270697910292421e-01
1.977225635528506997e-01
1.974189905111262133e-01
1.971163463973906183e-01
1.968146269616459221e-01
1.965138280064302745e-01
1.962139453609777484e-01
1.959149748658999823e-01
1.956169123734736726e-01
1.953197537696895469e-01
1.950234949871004209e-01
1.947281319723836446e-01
1.944336606831709169e-01
1.941400770923220331e-01
1.938473772202644330e-01
1.935555571166764910e-01
1.932646128419928111e-01
1.929745404672556230e-01
1.926853360888240718e-01
1.923969958509691991e-01
1.921095159141068820e-01
1.918228924488953047e-01
1.915371216375293950e-01
1.912521997002138707e-01
1.909681228935665998e-01
1.906848874851716780e-01
1.904024897525007365e-01
1.901209259885975611e-01
1.898401925319427863e-01
1.895602857443718092e-01
1.892812019973304782e-01
1.890029376718433685e-01
1.887254891720758776e-01
1.884488529461932627e-01
1.881730254570590788e-01
1.878980031767874259e-01
1.876237825873651455e-01
1.873503602023763592e-01
1.870777325719396589e-01
1.868058962568209525e-01
1.865348478267193910e-01
1.862645838626347528e-01
1.859951009833477886e-01
1.857263958355344080e-01
1.854584650748726804e-01
1.851913053656677466e-01
1.849249133860259575e-01
1.846592858546503013e-01
1.843944195108547235e-01
1.841303111023402383e-01
1.838669573851402506e-01
1.836043551322401601e-01
1.833425011569377316e-01
1.830813922880873690e-01
1.828210253626214588e-01
1.825613972255523687e-01
1.823025047419431499e-01
