1.000000000000000000e+00
9.950458920221417758e-01
9.901063547241107932e-01
9.851821567681341429e-01
9.802739029294199602e-01
9.753821877714932143e-01
9.705075849453953518e-01
9.656506466732337479e-01
9.608119044501587380e-01
9.559918692741055102e-01
9.511910318609093640e-01
9.464098629930272066e-01
9.416488138177084855e-01
9.369083161040319130e-01
9.321887825842104514e-01
9.274906072961920378e-01
9.228141658998263441e-01
9.181598159819295280e-01
9.135278974228105975e-01
9.089187327494360202e-01
9.043326274811455123e-01
8.997698704704649719e-01
8.952307342527936473e-01
8.907154754211222825e-01
8.862243349861045338e-01
8.817575387358363992e-01
8.773152975967882794e-01
8.728978079931295486e-01
8.685052522055021207e-01
8.641377987392432347e-01
8.597956026854887135e-01
8.554788060795159854e-01
8.511875382573099724e-01
8.469219162099519416e-01
8.426820449354327502e-01
8.384680177875486473e-01
8.342799168215202510e-01
8.301178131360449353e-01
8.259817672114707632e-01
8.218718292438211837e-01
8.177880394744351245e-01
8.137304285151366612e-01
8.096990176684414342e-01
8.056938192427504086e-01
8.017148368624152921e-01
7.977620657725332798e-01
7.938354931383369006e-01
7.899350983390669434e-01
7.860608532562298745e-01
7.822127225560532304e-01
7.783906639661306581e-01
7.745946285463475300e-01
7.708245609539128296e-01
7.670803997024852050e-01
7.633620774153948574e-01
7.596695210729423886e-01
7.560026522537808269e-01
7.523613873703898225e-01
7.487456378986598882e-01
7.451553106016063355e-01
7.415903077472491001e-01
7.380505273206849903e-01
7.345358632296548063e-01
7.310462055019602001e-01
7.275814404824421100e-01
7.241414510234559510e-01
7.207261166688287979e-01
7.173353138323528277e-01
7.139689159708918487e-01
7.106267937520113209e-01
7.073088152120110550e-01
7.040148459122133051e-01
7.007447490966096648e-01
6.974983858397666436e-01
6.942756151894700078e-01
6.910762943042800810e-01
6.879002785805938824e-01
6.847474217808050545e-01
6.816175761645196784e-01
6.785105926086527628e-01
6.754263207225925658e-01
6.723646089541995829e-01
6.693253046939662276e-01
6.663082543872290708e-01
6.633133036341009037e-01
6.603402972837209006e-01
6.573890795188270797e-01
6.544594939483751039e-01
6.515513836979333062e-01
6.486645914899332732e-01
6.457989597167594908e-01
6.429543305160709821e-01
6.401305458490998967e-01
6.373274475680292817e-01
6.345448774782976864e-01
6.317826774036081616e-01
6.290406892496448465e-01
6.263187550591540198e-01
6.236167170668287518e-01
6.209344177554554367e-01
6.182716999039495898e-01
6.156284066332008420e-01
6.130043814587385897e-01
6.103994683310224323e-01
6.078135116712243269e-01
6.052463564191140621e-01
6.026978480727841481e-01
6.001678327118771250e-01
5.976561570372413978e-01
5.951626684160485903e-01
5.926872148923160166e-01
5.902296452169355501e-01
5.877898088988071645e-01
5.853675562049021064e-01
5.829627381810141840e-01
5.805752067078698841e-01
5.782048144914074816e-01
5.758514150769439288e-01
5.735148629096180617e-01
5.711950133119260142e-01
5.688917224980882814e-01
5.666048476359976105e-01
5.643342468077587881e-01
5.620797790362137558e-01
5.598413043378767107e-01
5.576186836674934533e-01
5.554117789710414366e-01
5.532204532082067860e-01
5.510445702958443048e-01
5.488839951931676620e-01
5.467385938681710300e-01
5.446082332756249089e-01
5.424927814477273902e-01
5.403921074036154293e-01
5.383060812045871169e-01
5.362345739777466536e-01
5.341774578332904033e-01
5.321346059807892104e-01
5.301058926398745097e-01
5.280911930653641173e-01
5.260903836027412961e-01
5.241033415738891588e-01
5.221299454100474247e-01
5.201700745466761866e-01
5.182236094587027164e-01
5.162904317035429402e-01
5.143704238046763466e-01
5.124634694029267523e-01
5.105694531039369766e-01
5.086882605798584978e-01
5.068197785319290549e-01
5.049638946413353979e-01
5.031204976823278052e-01
5.012894773525694569e-01
4.994707244510849797e-01
4.976641307084987420e-01
4.958695889005740320e-01
4.940869927894614988e-01
4.923162371000684434e-01
4.905572176027580555e-01
4.888098309602641467e-01
4.870739749118913053e-01
4.853495480568118525e-01
4.836364500568616775e-01
4.819345814435134767e-01
4.802438437605041632e-01
4.785641394564938422e-01
4.768953719261566637e-01
4.752374455105520812e-01
4.735902654306345938e-01
4.719537378888088441e-01
4.703277699110759436e-01
4.687122695266693340e-01
4.671071455465719557e-01
4.655123077910442442e-01
4.639276668354839761e-01
4.623531342558261370e-01
4.607886223692613248e-01
4.592340444740494743e-01
4.576893146035207471e-01
4.561543477474189201e-01
4.546290596270587403e-01
4.531133668945598325e-01
4.516071869294328578e-01
4.501104380181538134e-01
4.486230391676673257e-01
4.471449102714486479e-01
4.456759719326014446e-01
4.442161456246290774e-01
4.427653535153460718e-01
4.413235186314908298e-01
4.398905646742550246e-01
4.384664161968138685e-01
4.370509984028019268e-01
4.356442373447894090e-01
4.342460596986879584e-01
4.328563929888195605e-01
4.314751653344833238e-01
4.301023057029760288e-01
4.287377436300721656e-01
4.273814094953796716e-01
4.260332342271345718e-01
4.246931495840617909e-01
4.233610878658751742e-01
4.220369821752295025e-01
4.207207661641821361e-01
4.194123742436367541e-01
4.181117413993727383e-01
4.168188033157872452e-01
4.155334962926689468e-01
4.142557572559467660e-01
4.129855237965148751e-01
4.117227340550588810e-01
4.104673268848399448e-01
4.092192416226584362e-01
4.079784183464420511e-01
4.067447975818532235e-01
4.055183205840713345e-01
4.042989290674394165e-01
4.030865654156474687e-01
4.018811725271965729e-01
4.006826938752842682e-01
3.994910735264007862e-01
3.983062560194657320e-01
3.971281865555860713e-01
3.959568107366028822e-01
3.947920748444238570e-01
3.936339255598582665e-01
3.924823101830403616e-01
3.913371764832444533e-01
3.901984727349163129e-01
3.890661477809898572e-01
3.879401508567208445e-01
3.868204318311714851e-01
3.857069409227363299e-01
3.845996289532889190e-01
3.834984471525184069e-01
3.824033472363395081e-01
3.813142814417702642e-01
3.802312023648110606e-01
3.791540631984189336e-01
3.780828174543670595e-01
3.770174191971375488e-01
3.759578228907867192e-01
3.749039834148796824e-01
3.738558561720413675e-01
3.728133968661270781e-01
3.717765617637180942e-01
3.707453074495842826e-01
3.697195909653280266e-01
3.686993697979610296e-01
3.676846017434436953e-01
3.666752451354480247e-01
3.656712585824454242e-01
3.646726011622535846e-01
3.636792323417502026e-01
3.626911118991549277e-01
3.617082001191659901e-01
3.607304575370913757e-01
3.597578451470818672e-01
3.587903243014960442e-01
3.578278566494083601e-01
3.568704043234670054e-01
3.559179296907122869e-01
3.549703955489283969e-01
3.540277650471246318e-01
3.530900015992469720e-01
3.521570690882190324e-01
3.512289316238118020e-01
3.503055537002706665e-01
3.493869001774406735e-01
3.484729361393050229e-01
3.475636271203199068e-01
3.466589388927454607e-01
3.457588375462449792e-01
3.448632895644864194e-01
3.439722616233762964e-01
3.430857208050039908e-01
3.422036344702823474e-01
3.413259702165156728e-01
3.404526960566686689e-01
3.395837801955431945e-01
3.387191911610691331e-01
3.378588978233442730e-01
3.370028692279788407e-01
3.361510748062475074e-01
3.353034842351135247e-01
3.344600674080803193e-01
3.336207946062000884e-01
3.327856362864602957e-01
3.319545631898772053e-01
3.311275463899518434e-01
3.303045571137739334e-01
3.294855669276991472e-01
3.286705476559051431e-01
3.278594712907174635e-01
3.270523101869747262e-01
3.262490368904295002e-01
3.254496241543252122e-01
3.246540450783277354e-01
3.238622729112334286e-01
3.230742811545055937e-01
3.222900436142577263e-01
3.215095342286954927e-01
3.207327272256134676e-01
3.199595970876825124e-01
3.191901184298286398e-01
3.184242661793822982e-01
3.176620154716441324e-01
3.169033415852343660e-01
3.161482201185280561e-01
3.153966268394913230e-01
3.146485376762692687e-01
3.139039288703397435e-01
3.131627768050615490e-01
3.124250580417231027e-01
3.116907494395887435e-01
3.109598279815615762e-01
3.102322708433566389e-01
3.095080554801066253e-01
3.087871594587615065e-01
3.080695605496548972e-01
3.073552367843896405e-01
3.066441662985871508e-01
3.059363274371713071e-01
3.052316987906095735e-01
3.045302590479121996e-01
3.038319871088516200e-01
3.031368621064225999e-01
3.024448632679135329e-01
3.017559700287440472e-01
3.010701620489883434e-01
3.003874190794117993e-01
2.997077210725174745e-01
2.990310482006207637e-01
2.983573807236272191e-01
2.976866990932273693e-01
2.970189839795210895e-01
2.963542161378059370e-01
2.956923765017843708e-01
2.950334462250426837e-01
2.943774065451828514e-01
2.937242388615972644e-01
2.930739247969734174e-01
2.924264460587678860e-01
2.917817844968804697e-01
2.911399221883225197e-01
2.905008412984528832e-01
2.898645241141291073e-01
2.892309531511232934e-01
2.886001110209624465e-01
2.879719804362864122e-01
2.873465443347774650e-01
2.867237857624463371e-01
2.861036878491367563e-01
2.854862339364827029e-01
2.848714074932983120e-01
2.842591920594808585e-01
2.836495713632987692e-01
2.830425292838786855e-01
2.824380497646609145e-01
2.818361169054298676e-01
2.812367149814750111e-01
2.806398283330193144e-01
2.800454414203065734e-01
2.794535388979727530e-01
2.788641054948933773e-01
2.782771260270726632e-01
2.776925855078021255e-01
2.771104690447656060e-01
2.765307618110954824e-01
2.759534491557831815e-01
2.753785165544204161e-01
2.748059495381273698e-01
2.742357337745060519e-01
2.736678550921489705e-01
2.731022993777702523e-01
2.725390526108946165e-01
2.719781009520623738e-01
2.714194306364109410e-01
2.708630279616154324e-01
2.703088793924596223e-01
2.697569715029566328e-01
2.692072909170099004e-01
2.686598243826088805e-01
2.681145587976027089e-01
2.675714811132344773e-01
2.670305783576346070e-01
2.664918377273664540e-01
2.659552464943187311e-01
2.654207919812152650e-01
2.648884616513804691e-01
2.643582430870496935e-01
2.638301239158045153e-01
2.633040918536358466e-01
2.627801347718258795e-01
2.622582406008333034e-01
2.617383973228846195e-01
2.612205930631313344e-01
2.607048160464952025e-01
2.601910545394420793e-01
2.596792968986508798e-01
2.591695316244010949e-01
2.586617472692334108e-01
2.581559324349509965e-01
2.576520758597891647e-01
2.571501663747290944e-01
2.566501928494903662e-01
2.561521442355306766e-01
2.556560096222606493e-01
2.551617781499714854e-01
2.546694390022866683e-01
2.541789814857527974e-01
2.536903950032454169e-01
2.532036689944739960e-01
2.527187929643150421e-01
2.522357565528617340e-01
2.517545494558491304e-01
2.512751614056842331e-01
2.507975822351324324e-01
2.503218018854136973e-01
2.498478103351367829e-01
2.493755976095105853e-01
2.489051538583096079e-01
2.484364693021736403e-01
2.479695341942358688e-01
2.475043388565205671e-01
2.470408737323951109e-01
2.465791293099411086e-01
2.461190961110545361e-01
2.456607647529720773e-01
2.452041259498227710e-01
2.447491704490402653e-01
2.442958890387759707e-01
2.438442726200700517e-01
2.433943121625346540e-01
2.429459986652577341e-01
2.424993231814032701e-01
2.420542768790274468e-01
2.416108509731489939e-01
2.411690367075720043e-01
2.407288253974581571e-01
2.402902084608012356e-01
2.398531773505504505e-01
2.394177235496413592e-01
2.389838386276436633e-01
2.385515142394188659e-01
2.381207420688334353e-01
2.376915138328788979e-01
2.372638213452963607e-01
2.368376564878614809e-01
2.364130111685707192e-01
2.359898773332141653e-01
2.355682470286310226e-01
2.351481123555173580e-01
2.347294654394292690e-01
2.343122984491368965e-01
2.338966036538220605e-01
2.334823733662573231e-01
2.330695999232161308e-01
2.326582757098755172e-01
2.322483932080129099e-01
2.318399449362323617e-01
2.314329234364365384e-01
2.310273213028304073e-01
2.306231312213789242e-01
2.302203459105287009e-01
2.298189581113798119e-01
2.294189606194202702e-01
2.290203463174170506e-01
2.286231081178588254e-01
2.282272389552263414e-01
2.278327318185430772e-01
2.274395797806626762e-01
2.270477759424999187e-01
2.266573134262361844e-01
2.262681854068828158e-01
2.258803851410800811e-01
2.254939059127299139e-01
2.251087410262224697e-01
2.247248838353312905e-01
2.243423277743981925e-01
2.239610663050441708e-01
2.235810929086041454e-01
2.232024011108282857e-01
2.228249845177033839e-01
2.224488367634665231e-01
2.220739515013657461e-01
2.217003224229509017e-01
2.213279432996270168e-01
2.209568079333045776e-01
2.205869101442815283e-01
2.202182437846180729e-01
2.198508027845003376e-01
2.194845811087224041e-01
2.191195727398725368e-01
2.187557716863021418e-01
2.183931720298729617e-01
2.180317678935375925e-01
2.176715534175558686e-01
2.173125227631673428e-01
2.169546701568235147e-01
2.165979898746752397e-01
2.162424762101773923e-01
2.158881234745840261e-01
2.155349260325140626e-01
2.151828783077348317e-01
2.148319747425583848e-01
2.144822097954880713e-01
2.141335779644660819e-01
2.137860738141559580e-01
2.134396919315235674e-01
2.130944269190872264e-01
2.127502734060598422e-01
2.124072260894883657e-01
2.120652796969157983e-01
2.117244289709436789e-01
2.113846686727815227e-01
2.110459936222949529e-01
2.107083986831320976e-01
2.103718787340447260e-01
2.100364286687658733e-01
2.097020434232415298e-01
2.093687179907363916e-01
2.090364473823396185e-01
2.087052266231990139e-01
2.083750507639430261e-01
2.080459149177260325e-01
2.077178142242782910e-01
2.073907438369441691e-01
2.070646989251583026e-01
2.067396747100475607e-01
2.064156664556268395e-01
2.060926694398674264e-01
2.057706789539446024e-01
2.054496903209765968e-01
2.051296989210514565e-01
2.048107001533068239e-01
2.044926894295989173e-01
2.041756621789942994e-01
2.038596138841103078e-01
2.035445400616952838e-01
2.032304362410156107e-01
2.029172979638095009e-01
2.026051208053035457e-01
2.022939003926199630e-01
2.019836323691938385e-01
2.016743123903470269e-01
2.013659361278515858e-01
2.010584993045277657e-01
2.007519976746796331e-01
2.004464270042818075e-01
2.001417830708868695e-01
1.998380616817644895e-01
1.995352586943648920e-01
1.992333699822768089e-01
1.989323914302031093e-01
1.986323189366515918e-01
1.983331484453188243e-01
1.980348759340141429e-01
1.977374973917616630e-01
1.974410088183142786e-01
1.971454062353013292e-01
1.968506857141758271e-01
1.965568433454349395e-01
1.962638752299709632e-01
1.959717774796881640e-01
1.956805462409701990e-01
1.953901777010429441e-01
1.951006680591862719e-01
1.948120135247163875e-01
1.945242103207507900e-01
1.942372547143863259e-01
1.939511430004574877e-01
1.936658714836863027e-01
1.933814364784868234e-01
1.930978343191756263e-01
1.928150613858589379e-01
1.925331140760827564e-01
1.922519887967855945e-01
1.919716819645227446e-01
1.916921900239207388e-01
1.914135094599108411e-01
1.911356367694599934e-01
1.908585684586061870e-01
1.905823010437944498e-01
1.903068310765255178e-01
1.900321551405417253e-01
1.897582698292076819e-01
1.894851717446500716e-01
1.892128575011477187e-01
1.889413237522492017e-01
1.886705671761577940e-01
1.884005844597148316e-01
1.881313722982250469e-01
1.878629274015437833e-01
1.875952465201245478e-01
1.873283264232498968e-01
1.870621638884147897e-01
1.867967557012911450e-01
1.865320986646590018e-01
