# Slope and intercept for c0, c1, c2, c3
0.00 2.8105290899 -1.0353131513 5.3346966615 7.0743417789 -1.4324138714 -0.4535080447 0.0654403343 0.0103323799 
0.10 2.3176355396 -1.0152418443 6.0013533228 7.0466038799 -1.6121664884 -0.4459478744 0.0780014350 0.0097997675 
0.20 1.8738923286 -0.9830934918 6.6551970282 6.9986313608 -1.8042490830 -0.4317652714 0.0926266767 0.0087147386 
0.30 1.4809670963 -0.9415681256 7.2870777158 6.9312277865 -2.0068684143 -0.4100497037 0.1094668838 0.0069034666 
0.40 1.1391614712 -0.8931921978 7.8877602661 6.8455710431 -2.2173816931 -0.3799167271 0.1285896834 0.0041583694 
0.50 0.8467074578 -0.8402977691 8.4498090796 6.7432570381 -2.4328118164 -0.3405727497 0.1499934492 0.0002398134 
0.60 0.6001184742 -0.7849394754 8.9681757128 6.6261989197 -2.6501646549 -0.2913437265 0.1736176585 -0.0051229836 
0.70 0.3947963191 -0.7288448261 9.4402517496 6.4965114039 -2.8666893732 -0.2316944786 0.1993618651 -0.0122300921 
0.80 0.2264027726 -0.6733183914 9.8635509678 6.3561855703 -3.0789884139 -0.1611272682 0.2269636412 -0.0214233902 
0.90 0.0899047431 -0.6193808081 10.2384636812 6.2072532630 -3.2844745522 -0.0792832113 0.2561606253 -0.0330754687 
1.00 -0.0189222795 -0.5677155911 10.5648237695 6.0514863506 -3.4798134363 0.0141951638 0.2864716083 -0.0476091594 
1.10 -0.1042453520 -0.5187917661 10.8439165661 5.8905508297 -3.6620622994 0.1195825951 0.3173263210 -0.0654889336 
1.20 -0.1700498393 -0.4729264829 11.0784554987 5.7260777188 -3.8289950251 0.2370040811 0.3481325008 -0.0872079928 
1.30 -0.2193939960 -0.4302142909 11.2698703835 5.5592615345 -3.9773370615 0.3667210571 0.3779425397 -0.1133416017 
1.40 -0.2553249050 -0.3907053761 11.4213687163 5.3913635680 -4.1050254290 0.5087879441 0.4058528128 -0.1444864153 
1.50 -0.2801843227 -0.3543256120 11.5351192462 5.2233096914 -4.2091653175 0.6633687022 0.4305839525 -0.1813254765 
1.60 -0.2960884047 -0.3209679400 11.6138948658 5.0559667158 -4.2873595381 0.8305374363 0.4507253792 -0.2245916770 
1.70 -0.3049268827 -0.2905020233 11.6610755399 4.8901517403 -4.3380088451 1.0102515727 0.4648473027 -0.2750561523 
1.80 -0.3078693798 -0.2627085758 11.6775822159 4.7261924176 -4.3569097833 1.2028688512 0.4704890564 -0.3336834041 
1.90 -0.3064506196 -0.2374544799 11.6676908618 4.5648594753 -4.3437919463 1.4081213833 0.4660316503 -0.4013379783 
2.00 -0.3017201850 -0.2145570637 11.6342493017 4.4066061421 -4.2972617342 1.6259434011 0.4493069226 -0.4790148658 
2.10 -0.2941813432 -0.1937829931 11.5772598022 4.2514119019 -4.2120047382 1.8568422778 0.4163133459 -0.5680185803 
2.20 -0.2849301245 -0.1750175194 11.5020056187 4.1000088356 -4.0906410885 2.1001224366 0.3656619725 -0.6692967313 
2.30 -0.2741437952 -0.1580308726 11.4075740717 3.9521241738 -3.9265395433 2.3565375354 0.2918398130 -0.7844828895 
2.40 -0.2624738998 -0.1426946204 11.2975537101 3.8081647341 -3.7205192837 2.6256727308 0.1919572278 -0.9148400333 
2.50 -0.2500994782 -0.1288319155 11.1719464267 3.6679639586 -3.4671486595 2.9080751073 0.0596169506 -1.0622132906 
2.60 -0.2374035620 -0.1163193454 11.0331521199 3.5317060707 -3.1655157372 3.2036020786 -0.1101353884 -1.2282727427 
2.70 -0.2250831039 -0.1051015120 10.8883734141 3.4002975530 -2.8272793889 3.5101896272 -0.3147630011 -1.4135880474 
2.80 -0.2124490905 -0.0949272713 10.7288483307 3.2721702646 -2.4266837553 3.8315617954 -0.5752926745 -1.6224226613 
2.90 -0.2000799129 -0.0857578292 10.5610075743 3.1480989970 -1.9736746346 4.1659329905 -0.8919594932 -1.8558824291 
3.00 -0.1883692972 -0.0775408558 10.3904219615 3.0287275405 -1.4793762247 4.5113311966 -1.2629076436 -2.1147991096 
3.10 -0.1770526287 -0.0701356434 10.2136694973 2.9133114290 -0.9302440989 4.8696002279 -1.7047422994 -2.4029142797 
3.20 -0.1661067074 -0.0634501483 10.0304707632 2.8015926380 -0.3202305816 5.2414305734 -2.2308137152 -2.7235247073 
3.30 -0.1555538158 -0.0574098038 9.8411627429 2.6934106695 0.3554725408 5.6273319735 -2.8554670328 -3.0801484135 
3.40 -0.1454404235 -0.0519527733 9.6466283103 2.5886907794 1.1000689142 6.0275830766 -3.5936253059 -3.4764694050 
3.50 -0.1360833306 -0.0470670952 9.4537269270 2.4882858017 1.8913975120 6.4385564368 -4.4344180353 -3.9122654077 
3.60 -0.1276969390 -0.0427324884 9.2691039094 2.3930275614 2.7001202214 6.8554981712 -5.3519628267 -4.3850446345 
3.70 -0.1192742326 -0.0387460855 9.0713424910 2.2994146094 3.6241894891 7.2933418126 -6.4703287858 -4.9155734698 
3.80 -0.1110274068 -0.0350984139 8.8635504196 2.2077260003 4.6662568027 7.7523828373 -7.8239164991 -5.5109523336 
3.90 -0.1044459179 -0.0319833920 8.6866218732 2.1241120379 5.6125819446 8.1993690968 -9.1348547771 -6.1299786918 
4.00 -0.0968850770 -0.0289600399 8.4698411894 2.0374749968 6.8498452838 8.6938683848 -10.9639711887 -6.8611728811 
4.10 -0.0912495353 -0.0264480735 8.2967734276 1.9605429036 7.9072596239 9.1630961017 -12.6372278282 -7.6025719149 
4.20 -0.0845157158 -0.0239560702 8.0769200431 1.8792018215 9.3362431837 9.6919335235 -15.0430572645 -8.4932850373 
4.30 -0.0799172197 -0.0219604866 7.9162495985 1.8096385575 10.4529262403 10.1748184052 -17.0530402467 -9.3616255987 
4.40 -0.0737958512 -0.0198771300 7.6885224834 1.7322221152 12.1396569409 10.7478295081 -20.2891924408 -10.4603687763 
4.50 -0.0696893727 -0.0182356993 7.5260148497 1.6672623119 13.4190238397 11.2597697788 -22.8976784151 -11.5055049528 
4.60 -0.0653300650 -0.0166690125 7.3411597150 1.6010314332 14.9789204183 11.8173693048 -26.3069287609 -12.7216020255 
4.70 -0.0602386586 -0.0150919616 7.1123314468 1.5301599107 17.0266738267 12.4517712672 -31.0537596004 -14.1927609095 
4.80 -0.0573179130 -0.0139398878 6.9724076687 1.4749988513 18.3596612971 12.9776340127 -34.3421741320 -15.4913529252 
4.90 -0.0540170276 -0.0128071883 6.8031648311 1.4171128002 20.0860936846 13.5667137214 -38.9032046913 -17.0442593819 
5.00 -0.0495176306 -0.0115605376 6.5586549426 1.3494107857 22.7321612704 14.2991180107 -46.3210627168 -19.0968709948 
5.10 -0.0464474833 -0.0105976769 6.3815010638 1.2938224421 24.7664458961 14.9382276581 -52.3713037295 -21.0003319453 
5.20 -0.0447232452 -0.0098964169 6.2749754383 1.2506294441 26.0738203370 15.4677632560 -56.5252589803 -22.6818483593 
5.30 -0.0421125220 -0.0091059583 6.1031338001 1.1987544598 28.3243349924 16.1456657809 -64.1585681471 -24.9766351680 
5.40 -0.0384006237 -0.0081896937 5.8441961891 1.1348861673 31.9219067059 17.0325560328 -77.1067584702 -28.1671934678 
5.50 -0.0353003934 -0.0074076502 5.6146579086 1.0769732536 35.3061455763 17.8868444901 -90.0318793084 -31.4318476188 
5.60 -0.0337183299 -0.0068938215 5.4899591168 1.0364719137 37.2601693776 18.5223532822 -97.9603243363 -34.0147516460 
5.70 -0.0328156583 -0.0065135928 5.4135988654 1.0044787754 38.5411410590 19.0579011588 -103.5211799394 -36.3364704655 
5.80 -0.0312759557 -0.0060609301 5.2750676548 0.9639038302 41.0193402989 19.7818935656 -115.0007705584 -39.6825976400 
5.90 -0.0286541327 -0.0054658694 5.0250158645 0.9072212740 45.7685805397 20.8574576579 -138.3672397174 -44.9698682141 
6.00 -0.0255368346 -0.0048175930 4.7092784515 0.8415851456 52.1401344880 22.1816588313 -171.6785419147 -51.8914670184 
