# Slope and intercept for c0, c1, c2, c3
0.00 0.2286504297 -1.0353131513 -4.8022656478 7.0743417789 0.9995911023 -0.4535080447 -0.0346314855 0.0103323799 
0.10 0.3344561016 -1.0152418443 -4.9448186771 7.0466038799 1.0379486012 -0.4459478744 -0.0373075557 0.0097997675 
0.20 0.4135566586 -0.9830934918 -5.0608095096 6.9986313608 1.0719351218 -0.4317652714 -0.0398899987 0.0087147386 
0.30 0.4687294260 -0.9415681256 -5.1489595321 6.9312277865 1.1001006945 -0.4100497037 -0.0422242755 0.0069034666 
0.40 0.5023953843 -0.8931921978 -5.2075289908 6.8455710431 1.1205106527 -0.3799167271 -0.0440698275 0.0041583694 
0.50 0.5174768444 -0.8402977691 -5.2359109840 6.7432570381 1.1312599131 -0.3405727497 -0.0451274502 0.0002398134 
0.60 0.5174947077 -0.7849394754 -5.2353391742 6.6261989197 1.1308767914 -0.2913437265 -0.0450732526 -0.0051229836 
0.70 0.5062999859 -0.7288448261 -5.2089925174 6.4965114039 1.1186393081 -0.2316944786 -0.0436037446 -0.0122300921 
0.80 0.4873404323 -0.6733183914 -5.1607188202 6.3561855703 1.0942627155 -0.1611272682 -0.0404175067 -0.0214233902 
0.90 0.4633594082 -0.6193808081 -5.0942172730 6.2072532630 1.0576300365 -0.0792832113 -0.0351921300 -0.0330754687 
1.00 0.4363993245 -0.5677155911 -5.0127109963 6.0514863506 1.0086435064 0.0141951638 -0.0275668454 -0.0476091594 
1.10 0.4081430448 -0.5187917661 -4.9195785256 5.8905508297 0.9475920115 0.1195825951 -0.0172004113 -0.0654889336 
1.20 0.3797058687 -0.4729264829 -4.8174461926 5.7260777188 0.8746173962 0.2370040811 -0.0036938613 -0.0872079928 
1.30 0.3514425016 -0.4302142909 -4.7069215319 5.5592615345 0.7886114398 0.3667210571 0.0136434817 -0.1133416017 
1.40 0.3236802624 -0.3907053761 -4.5888224758 5.3913635680 0.6886208982 0.5087879441 0.0355752216 -0.1444864153 
1.50 0.2967091590 -0.3543256120 -4.4641368066 5.2233096914 0.5738773677 0.6633687022 0.0629313847 -0.1813254765 
1.60 0.2709316261 -0.3209679400 -4.3347514807 5.0559667158 0.4445834826 0.8305374363 0.0964044473 -0.2245916770 
1.70 0.2466965784 -0.2905020233 -4.2027996862 4.8901517403 0.3015381879 1.0102515727 0.1365799575 -0.2750561523 
1.80 0.2241647097 -0.2627085758 -4.0698445908 4.7261924176 0.1453201563 1.2028688512 0.1841343642 -0.3336834041 
1.90 0.2034474917 -0.2374544799 -3.9374676503 4.5648594753 -0.0231133075 1.4081213833 0.2396580009 -0.4013379783 
2.00 0.1844827284 -0.2145570637 -3.8063714263 4.4066061421 -0.2035739371 1.6259434011 0.3040167519 -0.4790148658 
2.10 0.1671155402 -0.1937829931 -3.6766096257 4.2514119019 -0.3966504674 1.8568422778 0.3784463279 -0.5680185803 
2.20 0.1513195488 -0.1750175194 -3.5491500631 4.1000088356 -0.6014702787 2.1001224366 0.4637176291 -0.6692967313 
2.30 0.1369295088 -0.1580308726 -3.4238584945 3.9521241738 -0.8187242687 2.3565375354 0.5613165928 -0.7844828895 
2.40 0.1238541916 -0.1426946204 -3.3011113711 3.8081647341 -1.0482149275 2.6256727308 0.6724767307 -0.9148400333 
2.50 0.1119625068 -0.1288319155 -3.1808365476 3.6679639586 -1.2904912345 2.9080751073 0.7989145234 -1.0622132906 
2.60 0.1011644521 -0.1163193454 -3.0632414540 3.5317060707 -1.5455539161 3.2036020786 0.9422435304 -1.2282727427 
2.70 0.0914312778 -0.1051015120 -2.9492210161 3.4002975530 -1.8115805904 3.5101896272 1.1030460523 -1.4135880474 
2.80 0.0825853197 -0.0949272713 -2.8378212440 3.2721702646 -2.0909959591 3.8315617954 1.2846159147 -1.6224226613 
2.90 0.0746244779 -0.0857578292 -2.7301042803 3.1480989970 -2.3812891420 4.1659329905 1.4872977007 -1.8558824291 
3.00 0.0675159345 -0.0775408558 -2.6268353325 3.0287275405 -2.6800919508 4.5113311966 1.7112825501 -2.1147991096 
3.10 0.0611238480 -0.0701356434 -2.5272075496 2.9133114290 -2.9893526852 4.8696002279 1.9599856536 -2.4029142797 
3.20 0.0553460018 -0.0634501483 -2.4306525393 2.8015926380 -3.3107204625 5.2414305734 2.2370892676 -2.7235247073 
3.30 0.0501046812 -0.0574098038 -2.3367770770 2.6934106695 -3.6455989172 5.6273319735 2.5465699159 -3.0801484135 
3.40 0.0453444019 -0.0519527733 -2.2454243745 2.5886907794 -3.9947717190 6.0275830766 2.8923264512 -3.4764694050 
3.50 0.0410663854 -0.0470670952 -2.1575056200 2.4882858017 -4.3546464575 6.4385564368 3.2739480869 -3.9122654077 
3.60 0.0372639913 -0.0427324884 -2.0739444011 2.3930275614 -4.7203903562 6.8554981712 3.6886736751 -4.3850446345 
3.70 0.0337656821 -0.0387460855 -1.9917962134 2.2994146094 -5.1046028652 7.2933418126 4.1542095434 -4.9155734698 
3.80 0.0305650751 -0.0350984139 -1.9113458569 2.2077260003 -5.5073807820 7.7523828373 4.6766183617 -5.5109523336 
3.90 0.0278366117 -0.0319833920 -1.8381100101 2.1241120379 -5.8988811118 8.1993690968 5.2187958642 -6.1299786918 
4.00 0.0251868511 -0.0289600399 -1.7621805240 2.0374749968 -6.3322593527 8.6938683848 5.8596070648 -6.8611728811 
4.10 0.0229885258 -0.0264480735 -1.6948544313 1.9605429036 -6.7429008329 9.1630961017 6.5084445091 -7.6025719149 
4.20 0.0208007615 -0.0239560702 -1.6234458018 1.8792018215 -7.2071592206 9.6919335235 7.2903858823 -8.4932850373 
4.30 0.0190500009 -0.0219604866 -1.5624180910 1.8096385575 -7.6307928525 10.1748184052 8.0521824092 -9.3616255987 
4.40 0.0172154410 -0.0198771300 -1.4942486471 1.7322221152 -8.1353607040 10.7478295081 9.0196926991 -10.4603687763 
4.50 0.0157714382 -0.0182356993 -1.4371058847 1.6672623119 -8.5856803877 11.2597697788 9.9390050826 -11.5055049528 
4.60 0.0143937684 -0.0166690125 -1.3788677001 1.6010314332 -9.0759876669 11.8173693048 11.0083463926 -12.7216020255 
4.70 0.0130064930 -0.0150919616 -1.3165286306 1.5301599107 -9.6339938227 12.4517712672 12.3023142579 -14.1927609095 
4.80 0.0119995185 -0.0139398878 -1.2683191666 1.4749988513 -10.0935591414 12.9776340127 13.4371319541 -15.4913529252 
4.90 0.0110115033 -0.0128071883 -1.2178282364 1.4171128002 -10.6073849239 13.5667137214 14.7916738357 -17.0442593819 
5.00 0.0099215311 -0.0115605376 -1.1586376895 1.3494107857 -11.2477007791 14.2991180107 16.5861836178 -19.0968709948 
5.10 0.0090840597 -0.0105976769 -1.1102929427 1.2938224421 -11.8034918512 14.9382276581 18.2413955341 -21.0003319453 
5.20 0.0084801712 -0.0098964169 -1.0730988440 1.2506294441 -12.2594700328 15.4677632560 19.6892990242 -22.6818483593 
5.30 0.0077962262 -0.0091059583 -1.0282130915 1.1987544598 -12.8460603830 16.1456657809 21.6750704435 -24.9766351680 
5.40 0.0069980979 -0.0081896937 -0.9725809515 1.1348861673 -13.6185831140 17.0325560328 24.4542206166 -28.1671934678 
5.50 0.0063178423 -0.0074076502 -0.9222098192 1.0769732536 -14.3615838320 17.8868444901 27.2934698432 -31.4318476188 
5.60 0.0058766308 -0.0068938215 -0.8874367427 1.0364719137 -14.9071501919 18.5223532822 29.5105847543 -34.0147516460 
5.70 0.0055557150 -0.0065135928 -0.8604340518 1.0044787754 -15.3591514396 19.0579011588 31.4700564729 -36.3364704655 
5.80 0.0051711883 -0.0060609301 -0.8259634817 0.9639038302 -15.9742698871 19.7818935656 34.3132093280 -39.6825976400 
5.90 0.0046595464 -0.0054658694 -0.7772256886 0.9072212740 -16.8991166424 20.8574576579 38.8597740813 -44.9698682141 
6.00 0.0040994169 -0.0048175930 -0.7205154354 0.8415851456 -18.0432356682 22.1816588313 44.8400921644 -51.8914670184 
