1.000000000000000000e+00
9.949911055813257521e-01
9.899977274657184578e-01
9.850206337441951288e-01
9.800604283514819937e-01
9.751177043143594014e-01
9.701930330953383308e-01
9.652869640996820655e-01
9.604000254039158913e-01
9.555327240102011732e-01
9.506855460849807926e-01
9.458589573342390810e-01
9.410534033262418774e-01
9.362693097717769142e-01
9.315070828905844813e-01
9.267671097783080070e-01
9.220497587458988953e-01
9.173553796473505884e-01
9.126843042698444819e-01
9.080368467094578344e-01
9.034133037387974685e-01
8.988139551690604856e-01
8.942390642208550844e-01
8.896888779197646979e-01
8.851636274763994283e-01
8.806635286656268047e-01
8.761887822064139408e-01
8.717395741394241560e-01
8.673160762036307148e-01
8.629184462218585372e-01
8.585468284784794069e-01
8.542013540937821725e-01
8.498821413959790627e-01
8.455892962904433263e-01
8.413229126257955048e-01
8.370830725564726293e-01
8.328698469014584882e-01
8.286832954988546662e-01
8.245234675560199067e-01
8.203904019949850301e-01
8.162841277929435702e-01
8.122046643177304182e-01
8.081520216577875448e-01
8.041262009466098037e-01
8.001271946815480263e-01
7.961549870368457293e-01
7.922095541707872002e-01
7.882908645268547065e-01
7.843988791288131202e-01
7.805335518695586394e-01
7.766948297937008583e-01
7.728826533740309479e-01
7.690969567816802188e-01
7.653376681499930445e-01
7.616047098321132580e-01
7.578979986522891288e-01
7.542174461509131289e-01
7.505629588233196925e-01
7.469344383523688347e-01
7.433317818348574857e-01
7.397548820017928461e-01
7.362036274325883811e-01
7.326779027625374141e-01
7.291775888819168605e-01
7.257025631341958993e-01
7.222526995076675727e-01
7.188278688203004752e-01
7.154279388989246424e-01
7.120527747528198059e-01
7.087022387416664904e-01
7.053761907340183601e-01
7.020744882634692985e-01
6.987969866859637946e-01
6.955435393273632361e-01
6.923139976255933137e-01
6.891082112676019111e-01
6.859260283162118554e-01
6.827672953373631337e-01
6.796318575300438480e-01
6.765195588453142284e-01
6.734302421003142136e-01
6.703637490836285018e-01
6.673199206584430332e-01
6.642985968726877744e-01
6.612996170574527710e-01
6.583228199198092323e-01
6.553680436269607723e-01
6.524351258968806855e-01
6.495239040863692859e-01
6.466342152695808698e-01
6.437658963104325727e-01
6.409187839366766726e-01
6.380927148151106509e-01
6.352875256170160689e-01
6.325030530798845252e-01
6.297391340712683583e-01
6.269956056489851548e-01
6.242723051142466950e-01
6.215690700666177682e-01
6.188857384580760401e-01
6.162221486375072388e-01
6.135781393952308704e-01
6.109535500162462940e-01
6.083482203165375690e-01
6.057619906761891881e-01
6.031947020878426491e-01
6.006461961946204520e-01
5.981163153091314522e-01
5.956049024527769742e-01
5.931118014012578543e-01
5.906368566901033512e-01
5.881799136433889519e-01
5.857408184265040507e-01
5.833194180412529795e-01
5.809155603445279592e-01
5.785290941066654202e-01
5.761598689969783527e-01
5.738077355954362968e-01
5.714725454557776363e-01
5.691541510781422675e-01
5.668524059211315080e-01
5.645671644667005218e-01
5.622982821751377758e-01
5.600456155102988554e-01
5.578090219951645778e-01
5.555883601500840596e-01
5.533834895464049275e-01
5.511942708299981675e-01
5.490205656583755367e-01
5.468622367889103275e-01
5.447191480431741173e-01
5.425911642803005197e-01
5.404781514921999097e-01
5.383799767071026920e-01
5.362965080445405430e-01
5.342276147412020615e-01
5.321731670612760423e-01
5.301330364170950826e-01
5.281070952761359738e-01
5.260952171835217017e-01
5.240972768215943489e-01
5.221131498881261823e-01
5.201427132335942893e-01
5.181858447528451261e-01
5.162424234176876681e-01
5.143123293240696725e-01
5.123954435679252128e-01
5.104916484020383116e-01
5.086008270783578533e-01
5.067228639497173281e-01
5.048576444342430802e-01
5.030050549598440446e-01
5.011649830837470176e-01
4.993373173148148991e-01
4.975219472964382272e-01
4.957187636328836411e-01
4.939276580022036178e-01
4.921485230996313076e-01
4.903812526079125989e-01
4.886257412863967975e-01
4.868818848094128571e-01
4.851495799574708223e-01
4.834287243934853318e-01
4.817192168694083843e-01
4.800209570304422302e-01
4.783338455568999503e-01
4.766577840586421755e-01
4.749926751113267565e-01
4.733384222620912740e-01
4.716949299554485941e-01
4.700621036422081844e-01
4.684398496127961109e-01
4.668280751847425636e-01
4.652266884726690144e-01
4.636355986227514991e-01
4.620547155515954407e-01
4.604839501966275783e-01
4.589232142520525137e-01
4.573724204114452130e-01
4.558314821191540855e-01
4.543003137924653823e-01
4.527788305959655757e-01
4.512669486400363583e-01
4.497645847780391559e-01
4.482716567840006050e-01
4.467880831677008557e-01
4.453137833380903521e-01
4.438486774285788083e-01
4.423926864547670368e-01
4.409457321408075114e-01
4.395077370809218897e-01
4.380786245572966253e-01
4.366583187148047607e-01
4.352467443614179698e-01
4.338438271645134181e-01
4.324494934264221380e-01
4.310636703083421395e-01
4.296862855768594502e-01
4.283172678572436110e-01
4.269565463522521642e-01
4.256040511196470533e-01
4.242597127732331552e-01
4.229234627691433324e-01
4.215952331103377526e-01
4.202749566150787985e-01
4.189625666556124894e-01
4.176579973755508712e-01
4.163611834971813752e-01
4.150720604536002889e-01
4.137905642968914832e-01
4.125166317165647190e-01
4.112502000711359962e-01
4.099912072786611739e-01
4.087395919749397533e-01
4.074952932868753930e-01
4.062582510894447996e-01
4.050284057102154778e-01
4.038056982152669061e-01
4.025900701323785746e-01
4.013814636687279558e-01
4.001798215478646892e-01
3.989850870777182923e-01
3.977972041615636667e-01
3.966161171830253629e-01
3.954417711918272182e-01
3.942741116433217119e-01
3.931130846796475065e-01
3.919586368436429047e-01
3.908107153060936811e-01
3.896692677073518851e-01
3.885342422012824648e-01
3.874055875115751113e-01
3.862832527601823274e-01
3.851671877069674510e-01
3.840573424633904054e-01
3.829536677515856802e-01
3.818561147013269097e-01
3.807646349363324467e-01
3.796791806018106619e-01
3.785997042073139807e-01
3.775261588627907838e-01
3.764584979984223478e-01
3.753966756038266128e-01
3.743406460673685543e-01
3.732903641996571098e-01
3.722457853349791512e-01
3.712068651121876450e-01
3.701735597374312126e-01
3.691458257345892058e-01
3.681236200910174561e-01
3.671069002386391222e-01
3.660956239229029574e-01
3.650897494295010648e-01
3.640892353192249908e-01
3.630940406282048283e-01
3.621041247801692897e-01
3.611194475151284777e-01
3.601399690809788390e-01
3.591656499768093314e-01
3.581964511659896377e-01
3.572323339683575738e-01
3.562732600052124776e-01
3.553191913824762516e-01
3.543700904407848795e-01
3.534259199567016396e-01
3.524866430561357511e-01
3.515522231340372783e-01
3.506226240557240303e-01
3.496978099129428585e-01
3.487777451870325285e-01
3.478623947231871960e-01
3.469517235935924426e-01
3.460456973234256606e-01
3.451442816741546182e-01
3.442474427295384443e-01
3.433551469662766698e-01
3.424673610544596847e-01
3.415840520742027819e-01
3.407051873821841381e-01
3.398307345752968889e-01
3.389606616666726024e-01
3.380949368605295491e-01
3.372335286886970485e-01
3.363764060233860875e-01
3.355235379137928575e-01
3.346748937979177607e-01
3.338304433571214758e-01
3.329901564928546831e-01
3.321540034944736597e-01
3.313219548262619218e-01
3.304939812406793020e-01
3.296700538210145526e-01
3.288501438048282988e-01
3.280342227723694881e-01
3.272222625592822176e-01
3.264142351716443624e-01
3.256101129797384641e-01
3.248098685426941135e-01
3.240134746306180813e-01
3.232209043596346865e-01
3.224321309940986757e-01
3.216471280547544276e-01
3.208658693652661209e-01
3.200883288815986605e-01
3.193144808526369727e-01
3.185442997797792164e-01
3.177777602978655858e-01
3.170148373566421540e-01
3.162555061113601074e-01
3.154997418626200312e-01
3.147475202321658450e-01
3.139988170091580488e-01
3.132536081456375188e-01
3.125118699071584016e-01
3.117735786995437519e-01
3.110387111095729851e-01
3.103072440212771288e-01
3.095791544412252461e-01
3.088544195719273300e-01
3.081330168939805936e-01
3.074149239991008087e-01
3.067001186854915740e-01
3.059885790109087567e-01
3.052802831367242287e-01
3.045752094366277474e-01
3.038733365279071008e-01
3.031746431261845842e-01
3.024791081607555721e-01
3.017867107920714775e-01
3.010974302747692621e-01
3.004112460744365887e-01
2.997281378792070461e-01
2.990480854678090883e-01
2.983710688234637032e-01
2.976970681471139968e-01
2.970260637271291970e-01
2.963580360463784480e-01
2.956929658041282938e-01
2.950308337845415907e-01
2.943716209528633443e-01
2.937153084923659341e-01
2.930618776698369898e-01
2.924113099164631357e-01
2.917635868851332637e-01
2.911186903127485071e-01
2.904766020811194727e-01
2.898373042979868752e-01
2.892007791583778853e-01
2.885670089810086214e-01
2.879359763129424876e-01
2.873076637955914725e-01
2.866820541731959215e-01
2.860591304153475845e-01
2.854388755981289161e-01
2.848212728826368667e-01
2.842063056429527390e-01
2.835939573781589562e-01
2.829842116590669532e-01
2.823770522467289878e-01
2.817724630508000594e-01
2.811704280453448668e-01
2.805709313629989321e-01
2.799739573099421786e-01
2.793794902568229599e-01
2.787875146964605699e-01
2.781980153148880253e-01
2.776109768713398429e-01
2.770263842137029586e-01
2.764442223873544435e-01
2.758644765303142621e-01
2.752871318468209094e-01
2.747121737184503032e-01
2.741395876512165986e-01
2.735693592067618418e-01
2.730014740852618749e-01
2.724359181460550561e-01
2.718726773060368695e-01
2.713117375766877504e-01
2.707530851499069247e-01
2.701967062908821604e-01
2.696425873281828034e-01
2.690907147586413806e-01
2.685410751862692957e-01
2.679936552650829529e-01
2.674484417751106236e-01
2.669054216444957661e-01
2.663645818541920396e-01
2.658259094635013753e-01
2.652893917000030410e-01
2.647550158651061913e-01
2.642227693115448139e-01
2.636926395341840923e-01
2.631646141448016341e-01
2.626386808002965645e-01
2.621148272476998553e-01
2.615930413883732486e-01
2.610733111818236418e-01
2.605556246399949871e-01
2.600399699189021585e-01
2.595263352723862771e-01
2.590147089957527404e-01
2.585050794762349113e-01
2.579974352434784013e-01
2.574917648785288171e-01
2.569880570123631025e-01
2.564863004134297908e-01
2.559864839410430637e-01
2.554885964931651876e-01
2.549926270511124748e-01
2.544985647331104439e-01
2.540063987073549190e-01
2.535161181858677226e-01
2.530277125048192022e-01
2.525411710948601285e-01
2.520564834232702500e-01
2.515736390238550446e-01
2.510926275651554906e-01
2.506134387701659527e-01
2.501360623987739507e-01
2.496604883127186980e-01
2.491867064805356191e-01
2.487147069077335071e-01
2.482444796472165205e-01
2.477760148770169202e-01
2.473093028443878738e-01
2.468443338290333411e-01
2.463810981809852196e-01
2.459195863707026863e-01
2.454597889124716659e-01
2.450016963546373105e-01
2.445452993422443100e-01
2.440905886155993465e-01
2.436375549479602443e-01
2.431861891539739140e-01
2.427364821618331336e-01
2.422884249666886480e-01
2.418420085930713115e-01
2.413972241207776592e-01
2.409540627440584226e-01
2.405125157030300331e-01
2.400725742666482976e-01
2.396342297766136664e-01
2.391974736762392528e-01
2.387622974431801159e-01
2.383286925853209670e-01
2.378966506984043494e-01
2.374661634619159023e-01
2.370372225840338687e-01
2.366098198065428870e-01
2.361839469688126192e-01
2.357595959766790872e-01
2.353367587620543988e-01
2.349154272953787592e-01
2.344955936484750814e-01
2.340772499456257871e-01
2.336603883359065770e-01
2.332450010125790285e-01
2.328310802691263004e-01
2.324186184414906153e-01
2.320076078895808580e-01
2.315980410228357100e-01
2.311899103466972250e-01
2.307832084025427666e-01
2.303779277550383753e-01
2.299740610223362791e-01
2.295716009135097824e-01
2.291705401693833466e-01
2.287708715534472192e-01
2.283725878847701896e-01
2.279756820687343644e-01
2.275801470398125526e-01
2.271859757544932301e-01
2.267931612249831919e-01
2.264016965463093722e-01
2.260115748409784187e-01
2.256227892527856438e-01
2.252353329795073189e-01
2.248491992995606259e-01
2.244643815180495106e-01
2.240808729605732186e-01
2.236986670032329316e-01
2.233177571017943841e-01
2.229381367386935320e-01
2.225597994160649074e-01
2.221827386815209415e-01
2.218069481621674499e-01
2.214324215126721729e-01
2.210591524066777003e-01
2.206871345570866061e-01
2.203163617561734178e-01
2.199468278258982779e-01
2.195785266065662655e-01
2.192114519710129938e-01
2.188455978701108195e-01
2.184809582883266987e-01
2.181175272278795818e-01
2.177552987172890753e-01
2.173942668589314564e-01
2.170344257950840017e-01
2.166757696852639747e-01
2.163182927102854647e-01
2.159619891168913230e-01
2.156068532002650417e-01
2.152528792727502471e-01
2.149000616646182249e-01
2.145483947604567287e-01
2.141978730028546440e-01
2.138484908526485928e-01
2.135002427868656072e-01
2.131531233229393418e-01
2.128071270442536689e-01
2.124622485559389262e-01
2.121184824786384038e-01
2.117758234603629164e-01
2.114342662169179099e-01
2.110938054936565278e-01
2.107544360509502612e-01
2.104161526680823069e-01
2.100789501836339279e-01
2.097428234788010493e-01
2.094077674497551445e-01
2.090737770077021607e-01
2.087408471069860938e-01
2.084089727583275931e-01
2.080781489898902437e-01
2.077483708438593868e-01
2.074196333885822696e-01
2.070919317547930683e-01
2.067652610989561823e-01
2.064396165911131509e-01
2.061149934176304266e-01
2.057913868172539518e-01
2.054687920705139115e-01
2.051472044717442544e-01
2.048266193284753456e-01
2.045070319810282644e-01
2.041884378260519772e-01
2.038708322787166904e-01
2.035542107668769640e-01
2.032385687359545834e-01
2.029239016853588151e-01
2.026102051475916765e-01
2.022974746675933744e-01
2.019857058027947905e-01
2.016748941449546528e-01
2.013650353369672574e-01
2.010561250376226294e-01
2.007481589175648395e-01
2.004411326642480673e-01
2.001350420165623478e-01
1.998298827438912129e-01
1.995256506272176100e-01
1.992223414591053066e-01
1.989199510626323553e-01
1.986184753103997225e-01
1.983179100906966863e-01
1.980182513028948266e-01
1.977194948604188152e-01
1.974216367224281288e-01
1.971246728812090787e-01
1.968285993401521494e-01
1.965334121133478773e-01
1.962391072374174428e-01
1.959456807985218985e-01
1.956531289012276020e-01
1.953614476604661199e-01
1.950706332022613398e-01
1.947806816878534519e-01
1.944915893184666900e-01
1.942033523071287626e-01
1.939159668768738465e-01
1.936294292648524373e-01
1.933437357525676081e-01
1.930588826483540521e-01
1.927748662703666627e-01
1.924916829464249635e-01
1.922093290248655939e-01
1.919278008995521645e-01
1.916470949811828195e-01
1.913672076898197127e-01
1.910881354551751676e-01
1.908098747357503122e-01
1.905324220296416848e-01
1.902557738466652271e-01
1.899799267056806740e-01
1.897048771361038999e-01
1.894306217030013451e-01
1.891571570028154903e-01
1.888844796414633764e-01
1.886125862335970571e-01
1.883414734063131035e-01
1.880711378263210942e-01
1.878015761841483888e-01
1.875327851788981259e-01
1.872647615181111669e-01
1.869975019243149406e-01
1.867310031606773668e-01
1.864652620084884527e-01
1.862002752572207709e-01
1.859360397045002611e-01
1.856725521656188427e-01
